Energy [eV] Ext Cross [um^2] Abs Cross [um^2] Sca Cross [um^2] 
2.756 	 7.90525e-05 	 7.72593e-05 	 1.79311e-06 
2.751 	 8.01442e-05 	 7.82782e-05 	 1.86601e-06 
2.746 	 8.12585e-05 	 7.93177e-05 	 1.94083e-06 
2.742 	 8.23933e-05 	 8.03756e-05 	 2.01763e-06 
2.737 	 8.35455e-05 	 8.14490e-05 	 2.09647e-06 
2.733 	 8.47150e-05 	 8.25376e-05 	 2.17739e-06 
2.728 	 8.59035e-05 	 8.36431e-05 	 2.26043e-06 
2.724 	 8.71124e-05 	 8.47668e-05 	 2.34561e-06 
2.719 	 8.83429e-05 	 8.59099e-05 	 2.43298e-06 
2.715 	 8.95961e-05 	 8.70735e-05 	 2.52259e-06 
2.710 	 9.08729e-05 	 8.82584e-05 	 2.61448e-06 
2.706 	 9.21740e-05 	 8.94653e-05 	 2.70872e-06 
2.701 	 9.35001e-05 	 9.06948e-05 	 2.80535e-06 
2.697 	 9.48520e-05 	 9.19476e-05 	 2.90444e-06 
2.692 	 9.62305e-05 	 9.32245e-05 	 3.00603e-06 
2.688 	 9.76365e-05 	 9.45263e-05 	 3.11017e-06 
2.684 	 9.90704e-05 	 9.58535e-05 	 3.21692e-06 
2.679 	 1.00533e-04 	 9.72066e-05 	 3.32634e-06 
2.675 	 1.02025e-04 	 9.85861e-05 	 3.43850e-06 
2.671 	 1.03545e-04 	 9.99920e-05 	 3.55347e-06 
2.666 	 1.05096e-04 	 1.01425e-04 	 3.67133e-06 
2.662 	 1.06677e-04 	 1.02885e-04 	 3.79214e-06 
2.658 	 1.08290e-04 	 1.04374e-04 	 3.91597e-06 
2.653 	 1.09935e-04 	 1.05892e-04 	 4.04289e-06 
2.649 	 1.11613e-04 	 1.07441e-04 	 4.17297e-06 
2.645 	 1.13326e-04 	 1.09020e-04 	 4.30629e-06 
2.641 	 1.15074e-04 	 1.10631e-04 	 4.44293e-06 
2.636 	 1.16858e-04 	 1.12275e-04 	 4.58298e-06 
2.632 	 1.18679e-04 	 1.13952e-04 	 4.72653e-06 
2.628 	 1.20538e-04 	 1.15664e-04 	 4.87367e-06 
2.624 	 1.22435e-04 	 1.17411e-04 	 5.02449e-06 
2.620 	 1.24373e-04 	 1.19194e-04 	 5.17909e-06 
2.615 	 1.26352e-04 	 1.21015e-04 	 5.33757e-06 
2.611 	 1.28374e-04 	 1.22874e-04 	 5.50002e-06 
2.607 	 1.30439e-04 	 1.24772e-04 	 5.66657e-06 
2.603 	 1.32548e-04 	 1.26711e-04 	 5.83733e-06 
2.599 	 1.34704e-04 	 1.28692e-04 	 6.01242e-06 
2.595 	 1.36907e-04 	 1.30715e-04 	 6.19196e-06 
2.591 	 1.39158e-04 	 1.32782e-04 	 6.37609e-06 
2.587 	 1.41460e-04 	 1.34895e-04 	 6.56491e-06 
2.583 	 1.43813e-04 	 1.37054e-04 	 6.75857e-06 
2.578 	 1.46218e-04 	 1.39261e-04 	 6.95720e-06 
2.574 	 1.48679e-04 	 1.41518e-04 	 7.16095e-06 
2.570 	 1.51195e-04 	 1.43825e-04 	 7.36997e-06 
2.566 	 1.53769e-04 	 1.46185e-04 	 7.58442e-06 
2.562 	 1.56403e-04 	 1.48599e-04 	 7.80446e-06 
2.558 	 1.59098e-04 	 1.51068e-04 	 8.03026e-06 
2.554 	 1.61856e-04 	 1.53594e-04 	 8.26200e-06 
2.550 	 1.64679e-04 	 1.56180e-04 	 8.49984e-06 
2.547 	 1.67570e-04 	 1.58826e-04 	 8.74398e-06 
2.543 	 1.70529e-04 	 1.61534e-04 	 8.99462e-06 
2.539 	 1.73559e-04 	 1.64308e-04 	 9.25195e-06 
2.535 	 1.76664e-04 	 1.67147e-04 	 9.51618e-06 
2.531 	 1.79843e-04 	 1.70056e-04 	 9.78755e-06 
2.527 	 1.83101e-04 	 1.73035e-04 	 1.00663e-05 
2.523 	 1.86440e-04 	 1.76087e-04 	 1.03526e-05 
2.519 	 1.89862e-04 	 1.79215e-04 	 1.06468e-05 
2.515 	 1.93370e-04 	 1.82421e-04 	 1.09490e-05 
2.512 	 1.96967e-04 	 1.85707e-04 	 1.12597e-05 
2.508 	 2.00655e-04 	 1.89076e-04 	 1.15790e-05 
2.504 	 2.04439e-04 	 1.92532e-04 	 1.19072e-05 
2.500 	 2.08320e-04 	 1.96076e-04 	 1.22446e-05 
2.496 	 2.12303e-04 	 1.99711e-04 	 1.25917e-05 
2.493 	 2.16391e-04 	 2.03442e-04 	 1.29486e-05 
2.489 	 2.20587e-04 	 2.07271e-04 	 1.33157e-05 
2.485 	 2.24895e-04 	 2.11202e-04 	 1.36935e-05 
2.481 	 2.29320e-04 	 2.15238e-04 	 1.40822e-05 
2.478 	 2.33865e-04 	 2.19383e-04 	 1.44823e-05 
2.474 	 2.38535e-04 	 2.23640e-04 	 1.48942e-05 
2.470 	 2.43333e-04 	 2.28015e-04 	 1.53184e-05 
2.466 	 2.48266e-04 	 2.32511e-04 	 1.57552e-05 
2.463 	 2.53338e-04 	 2.37133e-04 	 1.62051e-05 
2.459 	 2.58554e-04 	 2.41885e-04 	 1.66687e-05 
2.455 	 2.63919e-04 	 2.46772e-04 	 1.71465e-05 
2.452 	 2.69439e-04 	 2.51800e-04 	 1.76389e-05 
2.448 	 2.75120e-04 	 2.56973e-04 	 1.81467e-05 
2.444 	 2.80968e-04 	 2.62298e-04 	 1.86703e-05 
2.441 	 2.86989e-04 	 2.67779e-04 	 1.92104e-05 
2.437 	 2.93191e-04 	 2.73424e-04 	 1.97676e-05 
2.434 	 2.99580e-04 	 2.79237e-04 	 2.03426e-05 
2.430 	 3.06164e-04 	 2.85227e-04 	 2.09362e-05 
2.426 	 3.12950e-04 	 2.91400e-04 	 2.15491e-05 
2.423 	 3.19946e-04 	 2.97764e-04 	 2.21820e-05 
2.419 	 3.27162e-04 	 3.04326e-04 	 2.28359e-05 
2.416 	 3.34606e-04 	 3.11094e-04 	 2.35115e-05 
2.412 	 3.42288e-04 	 3.18078e-04 	 2.42099e-05 
2.409 	 3.50218e-04 	 3.25286e-04 	 2.49320e-05 
2.405 	 3.58406e-04 	 3.32727e-04 	 2.56788e-05 
2.402 	 3.66863e-04 	 3.40412e-04 	 2.64514e-05 
2.398 	 3.75603e-04 	 3.48352e-04 	 2.72509e-05 
2.395 	 3.84635e-04 	 3.56557e-04 	 2.80786e-05 
2.391 	 3.93975e-04 	 3.65039e-04 	 2.89357e-05 
2.388 	 4.03635e-04 	 3.73811e-04 	 2.98235e-05 
2.384 	 4.13630e-04 	 3.82887e-04 	 3.07436e-05 
2.381 	 4.23976e-04 	 3.92278e-04 	 3.16973e-05 
2.377 	 4.34688e-04 	 4.02001e-04 	 3.26862e-05 
2.374 	 4.45783e-04 	 4.12071e-04 	 3.37121e-05 
2.370 	 4.57281e-04 	 4.22504e-04 	 3.47767e-05 
2.367 	 4.69199e-04 	 4.33318e-04 	 3.58819e-05 
2.364 	 4.81559e-04 	 4.44530e-04 	 3.70296e-05 
2.360 	 4.94382e-04 	 4.56160e-04 	 3.82220e-05 
2.357 	 5.07691e-04 	 4.68229e-04 	 3.94614e-05 
2.353 	 5.21509e-04 	 4.80759e-04 	 4.07502e-05 
2.350 	 5.35864e-04 	 4.93773e-04 	 4.20908e-05 
2.347 	 5.50781e-04 	 5.07295e-04 	 4.34860e-05 
2.343 	 5.66292e-04 	 5.21353e-04 	 4.49386e-05 
2.340 	 5.82425e-04 	 5.35974e-04 	 4.64517e-05 
2.337 	 5.99216e-04 	 5.51187e-04 	 4.80285e-05 
2.333 	 6.16698e-04 	 5.67026e-04 	 4.96726e-05 
2.330 	 6.34910e-04 	 5.83522e-04 	 5.13876e-05 
2.327 	 6.53892e-04 	 6.00714e-04 	 5.31775e-05 
2.324 	 6.73686e-04 	 6.18640e-04 	 5.50465e-05 
2.320 	 6.94339e-04 	 6.37340e-04 	 5.69992e-05 
2.317 	 7.15900e-04 	 6.56860e-04 	 5.90403e-05 
2.314 	 7.38421e-04 	 6.77246e-04 	 6.11753e-05 
2.310 	 7.61960e-04 	 6.98550e-04 	 6.34096e-05 
2.307 	 7.86576e-04 	 7.20827e-04 	 6.57492e-05 
2.304 	 8.12335e-04 	 7.44135e-04 	 6.82006e-05 
2.301 	 8.39308e-04 	 7.68537e-04 	 7.07709e-05 
2.298 	 8.67568e-04 	 7.94101e-04 	 7.34674e-05 
2.294 	 8.97199e-04 	 8.20901e-04 	 7.62982e-05 
2.291 	 9.28287e-04 	 8.49015e-04 	 7.92722e-05 
2.288 	 9.60927e-04 	 8.78528e-04 	 8.23986e-05 
2.285 	 9.95221e-04 	 9.09533e-04 	 8.56878e-05 
2.282 	 1.03128e-03 	 9.42130e-04 	 8.91507e-05 
2.278 	 1.06922e-03 	 9.76425e-04 	 9.27992e-05 
2.275 	 1.10918e-03 	 1.01254e-03 	 9.66463e-05 
2.272 	 1.15129e-03 	 1.05059e-03 	 1.00706e-04 
2.269 	 1.19571e-03 	 1.09072e-03 	 1.04994e-04 
2.266 	 1.24260e-03 	 1.13308e-03 	 1.09525e-04 
2.263 	 1.29215e-03 	 1.17783e-03 	 1.14320e-04 
2.260 	 1.34454e-03 	 1.22515e-03 	 1.19396e-04 
2.257 	 1.40000e-03 	 1.27523e-03 	 1.24776e-04 
2.254 	 1.45876e-03 	 1.32828e-03 	 1.30484e-04 
2.250 	 1.52108e-03 	 1.38453e-03 	 1.36544e-04 
2.247 	 1.58723e-03 	 1.44424e-03 	 1.42986e-04 
2.244 	 1.65752e-03 	 1.50768e-03 	 1.49839e-04 
2.241 	 1.73230e-03 	 1.57516e-03 	 1.57139e-04 
2.238 	 1.81194e-03 	 1.64701e-03 	 1.64923e-04 
2.235 	 1.89684e-03 	 1.72361e-03 	 1.73232e-04 
2.232 	 1.98746e-03 	 1.80535e-03 	 1.82112e-04 
2.229 	 2.08430e-03 	 1.89269e-03 	 1.91612e-04 
2.226 	 2.18791e-03 	 1.98612e-03 	 2.01790e-04 
2.223 	 2.29889e-03 	 2.08618e-03 	 2.12706e-04 
2.220 	 2.41793e-03 	 2.19350e-03 	 2.24430e-04 
2.217 	 2.54578e-03 	 2.30874e-03 	 2.37036e-04 
2.214 	 2.68326e-03 	 2.43265e-03 	 2.50610e-04 
2.211 	 2.83130e-03 	 2.56605e-03 	 2.65246e-04 
2.208 	 2.99092e-03 	 2.70987e-03 	 2.81047e-04 
2.205 	 3.16328e-03 	 2.86515e-03 	 2.98131e-04 
2.202 	 3.34963e-03 	 3.03300e-03 	 3.16626e-04 
2.199 	 3.55139e-03 	 3.21471e-03 	 3.36677e-04 
2.196 	 3.77014e-03 	 3.41169e-03 	 3.58445e-04 
2.193 	 4.00762e-03 	 3.62551e-03 	 3.82108e-04 
2.191 	 4.26577e-03 	 3.85791e-03 	 4.07866e-04 
2.188 	 4.54675e-03 	 4.11081e-03 	 4.35941e-04 
2.185 	 4.85293e-03 	 4.38635e-03 	 4.66576e-04 
2.182 	 5.18693e-03 	 4.68688e-03 	 5.00041e-04 
2.179 	 5.55160e-03 	 5.01497e-03 	 5.36633e-04 
2.176 	 5.95006e-03 	 5.37339e-03 	 5.76674e-04 
2.173 	 6.38565e-03 	 5.76514e-03 	 6.20512e-04 
2.170 	 6.86190e-03 	 6.19338e-03 	 6.68516e-04 
2.167 	 7.38248e-03 	 6.66141e-03 	 7.21073e-04 
2.165 	 7.95109e-03 	 7.17251e-03 	 7.78573e-04 
2.162 	 8.57128e-03 	 7.72988e-03 	 8.41399e-04 
2.159 	 9.24624e-03 	 8.33634e-03 	 9.09895e-04 
2.156 	 9.97840e-03 	 8.99406e-03 	 9.84339e-04 
2.153 	 1.07690e-02 	 9.70414e-03 	 1.06489e-03 
2.150 	 1.16176e-02 	 1.04660e-02 	 1.15153e-03 
2.148 	 1.25209e-02 	 1.12769e-02 	 1.24399e-03 
2.145 	 1.34723e-02 	 1.21307e-02 	 1.34162e-03 
2.142 	 1.44606e-02 	 1.30173e-02 	 1.44335e-03 
2.139 	 1.54693e-02 	 1.39217e-02 	 1.54752e-03 
2.136 	 1.64752e-02 	 1.48234e-02 	 1.65185e-03 
2.134 	 1.74492e-02 	 1.56959e-02 	 1.75339e-03 
2.131 	 1.83562e-02 	 1.65077e-02 	 1.84856e-03 
2.128 	 1.91573e-02 	 1.72239e-02 	 1.93339e-03 
2.125 	 1.98126e-02 	 1.78088e-02 	 2.00380e-03 
2.123 	 2.02860e-02 	 1.82300e-02 	 2.05601e-03 
2.120 	 2.05493e-02 	 1.84623e-02 	 2.08703e-03 
2.117 	 2.05865e-02 	 1.84914e-02 	 2.09512e-03 
2.114 	 2.03962e-02 	 1.83162e-02 	 2.07997e-03 
2.112 	 1.99917e-02 	 1.79489e-02 	 2.04281e-03 
2.109 	 1.93990e-02 	 1.74128e-02 	 1.98618e-03 
2.106 	 1.86528e-02 	 1.67392e-02 	 1.91353e-03 
2.104 	 1.77920e-02 	 1.59632e-02 	 1.82876e-03 
2.101 	 1.68555e-02 	 1.51197e-02 	 1.73581e-03 
2.098 	 1.58787e-02 	 1.42404e-02 	 1.63831e-03 
2.096 	 1.48917e-02 	 1.33523e-02 	 1.53934e-03 
2.093 	 1.39183e-02 	 1.24769e-02 	 1.44138e-03 
2.090 	 1.29763e-02 	 1.16300e-02 	 1.34626e-03 
2.088 	 1.20777e-02 	 1.08224e-02 	 1.25529e-03 
2.085 	 1.12301e-02 	 1.00608e-02 	 1.16927e-03 
2.082 	 1.04375e-02 	 9.34880e-03 	 1.08865e-03 
2.080 	 9.70101e-03 	 8.68743e-03 	 1.01359e-03 
2.077 	 9.02006e-03 	 8.07601e-03 	 9.44053e-04 
2.074 	 8.39259e-03 	 7.51273e-03 	 8.79866e-04 
2.072 	 7.81581e-03 	 6.99504e-03 	 8.20764e-04 
2.069 	 7.28643e-03 	 6.51999e-03 	 7.66434e-04 
2.067 	 6.80099e-03 	 6.08445e-03 	 7.16537e-04 
