Energy [eV] Ext Cross [um^2] Abs Cross [um^2] Sca Cross [um^2] 
2.756 	 7.25898e-05 	 7.10467e-05 	 1.54312e-06 
2.751 	 7.35535e-05 	 7.19491e-05 	 1.60441e-06 
2.746 	 7.45408e-05 	 7.28736e-05 	 1.66724e-06 
2.742 	 7.55503e-05 	 7.38186e-05 	 1.73164e-06 
2.737 	 7.65798e-05 	 7.47821e-05 	 1.79767e-06 
2.733 	 7.76297e-05 	 7.57644e-05 	 1.86533e-06 
2.728 	 7.87018e-05 	 7.67672e-05 	 1.93467e-06 
2.724 	 7.97972e-05 	 7.77915e-05 	 2.00570e-06 
2.719 	 8.09163e-05 	 7.88379e-05 	 2.07845e-06 
2.715 	 8.20580e-05 	 7.99050e-05 	 2.15296e-06 
2.710 	 8.32194e-05 	 8.09902e-05 	 2.22927e-06 
2.706 	 8.43954e-05 	 8.20880e-05 	 2.30741e-06 
2.701 	 8.55787e-05 	 8.31912e-05 	 2.38743e-06 
2.697 	 8.67613e-05 	 8.42919e-05 	 2.46937e-06 
2.692 	 8.79365e-05 	 8.53833e-05 	 2.55324e-06 
2.688 	 8.91015e-05 	 8.64624e-05 	 2.63910e-06 
2.684 	 9.02582e-05 	 8.75312e-05 	 2.72697e-06 
2.679 	 9.14131e-05 	 8.85962e-05 	 2.81689e-06 
2.675 	 9.25751e-05 	 8.96662e-05 	 2.90893e-06 
2.671 	 9.37529e-05 	 9.07498e-05 	 3.00313e-06 
2.666 	 9.49536e-05 	 9.18540e-05 	 3.09955e-06 
2.662 	 9.61824e-05 	 9.29842e-05 	 3.19824e-06 
2.658 	 9.74429e-05 	 9.41436e-05 	 3.29924e-06 
2.653 	 9.87367e-05 	 9.53341e-05 	 3.40260e-06 
2.649 	 1.00065e-04 	 9.65562e-05 	 3.50836e-06 
2.645 	 1.01427e-04 	 9.78099e-05 	 3.61659e-06 
2.641 	 1.02822e-04 	 9.90949e-05 	 3.72735e-06 
2.636 	 1.04251e-04 	 1.00411e-04 	 3.84068e-06 
2.632 	 1.05713e-04 	 1.01757e-04 	 3.95666e-06 
2.628 	 1.07209e-04 	 1.03133e-04 	 4.07535e-06 
2.624 	 1.08737e-04 	 1.04540e-04 	 4.19683e-06 
2.620 	 1.10299e-04 	 1.05978e-04 	 4.32114e-06 
2.615 	 1.11896e-04 	 1.07447e-04 	 4.44837e-06 
2.611 	 1.13527e-04 	 1.08948e-04 	 4.57859e-06 
2.607 	 1.15194e-04 	 1.10482e-04 	 4.71187e-06 
2.603 	 1.16896e-04 	 1.12048e-04 	 4.84828e-06 
2.599 	 1.18635e-04 	 1.13647e-04 	 4.98793e-06 
2.595 	 1.20411e-04 	 1.15280e-04 	 5.13088e-06 
2.591 	 1.22225e-04 	 1.16948e-04 	 5.27722e-06 
2.587 	 1.24078e-04 	 1.18651e-04 	 5.42703e-06 
2.583 	 1.25971e-04 	 1.20390e-04 	 5.58040e-06 
2.578 	 1.27904e-04 	 1.22167e-04 	 5.73743e-06 
2.574 	 1.29879e-04 	 1.23981e-04 	 5.89820e-06 
2.570 	 1.31896e-04 	 1.25833e-04 	 6.06283e-06 
2.566 	 1.33957e-04 	 1.27726e-04 	 6.23141e-06 
2.562 	 1.36063e-04 	 1.29659e-04 	 6.40405e-06 
2.558 	 1.38215e-04 	 1.31634e-04 	 6.58086e-06 
2.554 	 1.40414e-04 	 1.33652e-04 	 6.76196e-06 
2.550 	 1.42662e-04 	 1.35714e-04 	 6.94745e-06 
2.547 	 1.44959e-04 	 1.37822e-04 	 7.13746e-06 
2.543 	 1.47309e-04 	 1.39977e-04 	 7.33213e-06 
2.539 	 1.49711e-04 	 1.42180e-04 	 7.53158e-06 
2.535 	 1.52168e-04 	 1.44432e-04 	 7.73597e-06 
2.531 	 1.54681e-04 	 1.46735e-04 	 7.94545e-06 
2.527 	 1.57251e-04 	 1.49091e-04 	 8.16017e-06 
2.523 	 1.59880e-04 	 1.51500e-04 	 8.38029e-06 
2.519 	 1.62570e-04 	 1.53964e-04 	 8.60596e-06 
2.515 	 1.65322e-04 	 1.56485e-04 	 8.83737e-06 
2.512 	 1.68138e-04 	 1.59064e-04 	 9.07466e-06 
2.508 	 1.71021e-04 	 1.61703e-04 	 9.31803e-06 
2.504 	 1.73971e-04 	 1.64403e-04 	 9.56766e-06 
2.500 	 1.76992e-04 	 1.67168e-04 	 9.82374e-06 
2.496 	 1.80084e-04 	 1.69998e-04 	 1.00865e-05 
2.493 	 1.83252e-04 	 1.72896e-04 	 1.03561e-05 
2.489 	 1.86496e-04 	 1.75864e-04 	 1.06327e-05 
2.485 	 1.89820e-04 	 1.78904e-04 	 1.09167e-05 
2.481 	 1.93226e-04 	 1.82018e-04 	 1.12082e-05 
2.478 	 1.96717e-04 	 1.85209e-04 	 1.15076e-05 
2.474 	 2.00295e-04 	 1.88480e-04 	 1.18149e-05 
2.470 	 2.03963e-04 	 1.91833e-04 	 1.21306e-05 
2.466 	 2.07725e-04 	 1.95270e-04 	 1.24549e-05 
2.463 	 2.11583e-04 	 1.98795e-04 	 1.27880e-05 
2.459 	 2.15542e-04 	 2.02411e-04 	 1.31304e-05 
2.455 	 2.19603e-04 	 2.06121e-04 	 1.34823e-05 
2.452 	 2.23771e-04 	 2.09927e-04 	 1.38440e-05 
2.448 	 2.28050e-04 	 2.13834e-04 	 1.42159e-05 
2.444 	 2.32442e-04 	 2.17844e-04 	 1.45983e-05 
2.441 	 2.36953e-04 	 2.21961e-04 	 1.49917e-05 
2.437 	 2.41586e-04 	 2.26190e-04 	 1.53963e-05 
2.434 	 2.46346e-04 	 2.30533e-04 	 1.58126e-05 
2.430 	 2.51237e-04 	 2.34996e-04 	 1.62411e-05 
2.426 	 2.56264e-04 	 2.39581e-04 	 1.66822e-05 
2.423 	 2.61431e-04 	 2.44295e-04 	 1.71363e-05 
2.419 	 2.66745e-04 	 2.49141e-04 	 1.76039e-05 
2.416 	 2.72210e-04 	 2.54125e-04 	 1.80856e-05 
2.412 	 2.77833e-04 	 2.59251e-04 	 1.85818e-05 
2.409 	 2.83618e-04 	 2.64525e-04 	 1.90932e-05 
2.405 	 2.89573e-04 	 2.69953e-04 	 1.96203e-05 
2.402 	 2.95704e-04 	 2.75541e-04 	 2.01638e-05 
2.398 	 3.02018e-04 	 2.81294e-04 	 2.07242e-05 
2.395 	 3.08522e-04 	 2.87220e-04 	 2.13023e-05 
2.391 	 3.15224e-04 	 2.93325e-04 	 2.18987e-05 
2.388 	 3.22131e-04 	 2.99616e-04 	 2.25143e-05 
2.384 	 3.29252e-04 	 3.06102e-04 	 2.31499e-05 
2.381 	 3.36596e-04 	 3.12789e-04 	 2.38061e-05 
2.377 	 3.44171e-04 	 3.19687e-04 	 2.44840e-05 
2.374 	 3.51988e-04 	 3.26803e-04 	 2.51844e-05 
2.370 	 3.60056e-04 	 3.34148e-04 	 2.59082e-05 
2.367 	 3.68386e-04 	 3.41730e-04 	 2.66565e-05 
2.364 	 3.76990e-04 	 3.49560e-04 	 2.74305e-05 
2.360 	 3.85879e-04 	 3.57648e-04 	 2.82310e-05 
2.357 	 3.95066e-04 	 3.66006e-04 	 2.90595e-05 
2.353 	 4.04563e-04 	 3.74646e-04 	 2.99171e-05 
2.350 	 4.14386e-04 	 3.83580e-04 	 3.08051e-05 
2.347 	 4.24547e-04 	 3.92822e-04 	 3.17249e-05 
2.343 	 4.35063e-04 	 4.02385e-04 	 3.26781e-05 
2.340 	 4.45950e-04 	 4.12284e-04 	 3.36661e-05 
2.337 	 4.57226e-04 	 4.22535e-04 	 3.46906e-05 
2.333 	 4.68908e-04 	 4.33155e-04 	 3.57534e-05 
2.330 	 4.81016e-04 	 4.44160e-04 	 3.68562e-05 
2.327 	 4.93571e-04 	 4.55570e-04 	 3.80010e-05 
2.324 	 5.06594e-04 	 4.67404e-04 	 3.91900e-05 
2.320 	 5.20108e-04 	 4.79683e-04 	 4.04253e-05 
2.317 	 5.34138e-04 	 4.92428e-04 	 4.17092e-05 
2.314 	 5.48709e-04 	 5.05665e-04 	 4.30442e-05 
2.310 	 5.63849e-04 	 5.19416e-04 	 4.44330e-05 
2.307 	 5.79589e-04 	 5.33710e-04 	 4.58784e-05 
2.304 	 5.95958e-04 	 5.48574e-04 	 4.73834e-05 
2.301 	 6.12990e-04 	 5.64038e-04 	 4.89512e-05 
2.298 	 6.30720e-04 	 5.80135e-04 	 5.05851e-05 
2.294 	 6.49187e-04 	 5.96898e-04 	 5.22889e-05 
2.291 	 6.68431e-04 	 6.14364e-04 	 5.40665e-05 
2.288 	 6.88495e-04 	 6.32573e-04 	 5.59218e-05 
2.285 	 7.09424e-04 	 6.51565e-04 	 5.78596e-05 
2.282 	 7.31269e-04 	 6.71385e-04 	 5.98844e-05 
2.278 	 7.54083e-04 	 6.92081e-04 	 6.20013e-05 
2.275 	 7.77920e-04 	 7.13704e-04 	 6.42159e-05 
2.272 	 8.02843e-04 	 7.36309e-04 	 6.65338e-05 
2.269 	 8.28915e-04 	 7.59953e-04 	 6.89615e-05 
2.266 	 8.56206e-04 	 7.84701e-04 	 7.15055e-05 
2.263 	 8.84792e-04 	 8.10619e-04 	 7.41732e-05 
2.260 	 9.14753e-04 	 8.37780e-04 	 7.69723e-05 
2.257 	 9.46175e-04 	 8.66263e-04 	 7.99112e-05 
2.254 	 9.79151e-04 	 8.96152e-04 	 8.29990e-05 
2.250 	 1.01378e-03 	 9.27539e-04 	 8.62455e-05 
2.247 	 1.05018e-03 	 9.60520e-04 	 8.96612e-05 
2.244 	 1.08846e-03 	 9.95204e-04 	 9.32575e-05 
2.241 	 1.12875e-03 	 1.03170e-03 	 9.70468e-05 
2.238 	 1.17119e-03 	 1.07015e-03 	 1.01043e-04 
2.235 	 1.21593e-03 	 1.11067e-03 	 1.05259e-04 
2.232 	 1.26312e-03 	 1.15341e-03 	 1.09713e-04 
2.229 	 1.31296e-03 	 1.19853e-03 	 1.14421e-04 
2.226 	 1.36562e-03 	 1.24622e-03 	 1.19401e-04 
2.223 	 1.42132e-03 	 1.29665e-03 	 1.24675e-04 
2.220 	 1.48029e-03 	 1.35002e-03 	 1.30265e-04 
2.217 	 1.54277e-03 	 1.40658e-03 	 1.36194e-04 
2.214 	 1.60904e-03 	 1.46655e-03 	 1.42489e-04 
2.211 	 1.67940e-03 	 1.53022e-03 	 1.49181e-04 
2.208 	 1.75416e-03 	 1.59786e-03 	 1.56299e-04 
2.205 	 1.83369e-03 	 1.66981e-03 	 1.63880e-04 
2.202 	 1.91837e-03 	 1.74641e-03 	 1.71961e-04 
2.199 	 2.00864e-03 	 1.82805e-03 	 1.80584e-04 
2.196 	 2.10495e-03 	 1.91516e-03 	 1.89796e-04 
2.193 	 2.20784e-03 	 2.00819e-03 	 1.99648e-04 
2.191 	 2.31786e-03 	 2.10767e-03 	 2.10195e-04 
2.188 	 2.43565e-03 	 2.21415e-03 	 2.21499e-04 
2.185 	 2.56188e-03 	 2.32825e-03 	 2.33627e-04 
2.182 	 2.69732e-03 	 2.45066e-03 	 2.46656e-04 
2.179 	 2.84280e-03 	 2.58214e-03 	 2.60667e-04 
2.176 	 2.99925e-03 	 2.72350e-03 	 2.75752e-04 
2.173 	 3.16767e-03 	 2.87566e-03 	 2.92011e-04 
2.170 	 3.34918e-03 	 3.03963e-03 	 3.09555e-04 
2.167 	 3.54500e-03 	 3.21650e-03 	 3.28504e-04 
2.165 	 3.75647e-03 	 3.40748e-03 	 3.48993e-04 
2.162 	 3.98506e-03 	 3.61389e-03 	 3.71169e-04 
2.159 	 4.23237e-03 	 3.83718e-03 	 3.95191e-04 
2.156 	 4.50012e-03 	 4.07889e-03 	 4.21232e-04 
2.153 	 4.79019e-03 	 4.34071e-03 	 4.49481e-04 
2.150 	 5.10457e-03 	 4.62443e-03 	 4.80138e-04 
2.148 	 5.44536e-03 	 4.93194e-03 	 5.13417e-04 
2.145 	 5.81477e-03 	 5.26522e-03 	 5.49541e-04 
2.142 	 6.21502e-03 	 5.62628e-03 	 5.88739e-04 
2.139 	 6.64831e-03 	 6.01708e-03 	 6.31237e-04 
2.136 	 7.11675e-03 	 6.43949e-03 	 6.77252e-04 
2.134 	 7.62213e-03 	 6.89515e-03 	 7.26980e-04 
2.131 	 8.16585e-03 	 7.38528e-03 	 7.80571e-04 
2.128 	 8.74858e-03 	 7.91046e-03 	 8.38113e-04 
2.125 	 9.37000e-03 	 8.47041e-03 	 8.99596e-04 
2.123 	 1.00284e-02 	 9.06355e-03 	 9.64877e-04 
2.120 	 1.07203e-02 	 9.68668e-03 	 1.03363e-03 
2.117 	 1.14398e-02 	 1.03345e-02 	 1.10532e-03 
2.114 	 1.21782e-02 	 1.09991e-02 	 1.17910e-03 
2.112 	 1.29237e-02 	 1.16698e-02 	 1.25384e-03 
2.109 	 1.36606e-02 	 1.23326e-02 	 1.32802e-03 
2.106 	 1.43703e-02 	 1.29705e-02 	 1.39980e-03 
2.104 	 1.50308e-02 	 1.35638e-02 	 1.46702e-03 
2.101 	 1.56184e-02 	 1.40910e-02 	 1.52735e-03 
2.098 	 1.61091e-02 	 1.45308e-02 	 1.57838e-03 
2.096 	 1.64809e-02 	 1.48630e-02 	 1.61787e-03 
2.093 	 1.67157e-02 	 1.50717e-02 	 1.64401e-03 
2.090 	 1.68017e-02 	 1.51462e-02 	 1.65554e-03 
2.088 	 1.67350e-02 	 1.50830e-02 	 1.65199e-03 
2.085 	 1.65197e-02 	 1.48860e-02 	 1.63370e-03 
2.082 	 1.61676e-02 	 1.45659e-02 	 1.60175e-03 
2.080 	 1.56968e-02 	 1.41390e-02 	 1.55786e-03 
2.077 	 1.51292e-02 	 1.36250e-02 	 1.50414e-03 
2.074 	 1.44884e-02 	 1.30455e-02 	 1.44292e-03 
2.072 	 1.37978e-02 	 1.24213e-02 	 1.37650e-03 
2.069 	 1.30791e-02 	 1.17721e-02 	 1.30699e-03 
2.067 	 1.23506e-02 	 1.11143e-02 	 1.23625e-03 
