Energy [eV] Ext Cross [um^2] Abs Cross [um^2] Sca Cross [um^2] 
2.500 	 1.56543e-04 	 1.42621e-04 	 1.39220e-05 
2.492 	 1.59509e-04 	 1.45048e-04 	 1.44605e-05 
2.483 	 1.62545e-04 	 1.47533e-04 	 1.50119e-05 
2.475 	 1.65653e-04 	 1.50077e-04 	 1.55764e-05 
2.467 	 1.68835e-04 	 1.52680e-04 	 1.61543e-05 
2.459 	 1.72090e-04 	 1.55344e-04 	 1.67459e-05 
2.451 	 1.75421e-04 	 1.58069e-04 	 1.73516e-05 
2.443 	 1.78828e-04 	 1.60857e-04 	 1.79716e-05 
2.435 	 1.82313e-04 	 1.63707e-04 	 1.86063e-05 
2.427 	 1.85876e-04 	 1.66620e-04 	 1.92561e-05 
2.419 	 1.89519e-04 	 1.69598e-04 	 1.99213e-05 
2.411 	 1.93242e-04 	 1.72640e-04 	 2.06023e-05 
2.403 	 1.97046e-04 	 1.75746e-04 	 2.12995e-05 
2.396 	 2.00931e-04 	 1.78917e-04 	 2.20134e-05 
2.388 	 2.04897e-04 	 1.82153e-04 	 2.27444e-05 
2.380 	 2.08946e-04 	 1.85453e-04 	 2.34930e-05 
2.373 	 2.13081e-04 	 1.88822e-04 	 2.42594e-05 
2.365 	 2.17317e-04 	 1.92273e-04 	 2.50441e-05 
2.358 	 2.21677e-04 	 1.95830e-04 	 2.58476e-05 
2.350 	 2.26194e-04 	 1.99524e-04 	 2.66703e-05 
2.343 	 2.30887e-04 	 2.03374e-04 	 2.75132e-05 
2.336 	 2.35751e-04 	 2.07374e-04 	 2.83771e-05 
2.328 	 2.40763e-04 	 2.11500e-04 	 2.92629e-05 
2.321 	 2.45902e-04 	 2.15731e-04 	 3.01712e-05 
2.314 	 2.51159e-04 	 2.20056e-04 	 3.11026e-05 
2.307 	 2.56534e-04 	 2.24476e-04 	 3.20579e-05 
2.300 	 2.62034e-04 	 2.28996e-04 	 3.30376e-05 
2.293 	 2.67665e-04 	 2.33622e-04 	 3.40425e-05 
2.286 	 2.73435e-04 	 2.38362e-04 	 3.50736e-05 
2.279 	 2.79352e-04 	 2.43220e-04 	 3.61316e-05 
2.272 	 2.85422e-04 	 2.48205e-04 	 3.72175e-05 
2.265 	 2.91653e-04 	 2.53321e-04 	 3.83322e-05 
2.258 	 2.98051e-04 	 2.58574e-04 	 3.94766e-05 
2.251 	 3.04623e-04 	 2.63971e-04 	 4.06516e-05 
2.244 	 3.11376e-04 	 2.69518e-04 	 4.18585e-05 
2.238 	 3.18318e-04 	 2.75219e-04 	 4.30983e-05 
2.231 	 3.25454e-04 	 2.81082e-04 	 4.43721e-05 
2.224 	 3.32794e-04 	 2.87113e-04 	 4.56814e-05 
2.218 	 3.40345e-04 	 2.93318e-04 	 4.70273e-05 
2.211 	 3.48116e-04 	 2.99704e-04 	 4.84114e-05 
2.205 	 3.56114e-04 	 3.06279e-04 	 4.98350e-05 
2.198 	 3.64349e-04 	 3.13049e-04 	 5.12997e-05 
2.192 	 3.72830e-04 	 3.20023e-04 	 5.28070e-05 
2.185 	 3.81567e-04 	 3.27209e-04 	 5.43585e-05 
2.179 	 3.90570e-04 	 3.34614e-04 	 5.59560e-05 
2.172 	 3.99850e-04 	 3.42249e-04 	 5.76013e-05 
2.166 	 4.09418e-04 	 3.50122e-04 	 5.92963e-05 
2.160 	 4.19286e-04 	 3.58243e-04 	 6.10430e-05 
2.154 	 4.29467e-04 	 3.66623e-04 	 6.28436e-05 
2.147 	 4.39973e-04 	 3.75273e-04 	 6.47002e-05 
2.141 	 4.50819e-04 	 3.84203e-04 	 6.66153e-05 
2.135 	 4.62018e-04 	 3.93427e-04 	 6.85913e-05 
2.129 	 4.73587e-04 	 4.02956e-04 	 7.06307e-05 
2.123 	 4.85540e-04 	 4.12804e-04 	 7.27364e-05 
2.117 	 4.97896e-04 	 4.22985e-04 	 7.49112e-05 
2.111 	 5.10671e-04 	 4.33513e-04 	 7.71582e-05 
2.105 	 5.23885e-04 	 4.44405e-04 	 7.94805e-05 
2.099 	 5.37558e-04 	 4.55676e-04 	 8.18815e-05 
2.093 	 5.51710e-04 	 4.67345e-04 	 8.43649e-05 
2.087 	 5.66364e-04 	 4.79430e-04 	 8.69345e-05 
2.082 	 5.81544e-04 	 4.91950e-04 	 8.95943e-05 
2.076 	 5.97274e-04 	 5.04926e-04 	 9.23485e-05 
2.070 	 6.13581e-04 	 5.18379e-04 	 9.52018e-05 
2.064 	 6.30493e-04 	 5.32334e-04 	 9.81588e-05 
2.059 	 6.48040e-04 	 5.46815e-04 	 1.01225e-04 
2.053 	 6.66253e-04 	 5.61848e-04 	 1.04405e-04 
2.047 	 6.85166e-04 	 5.77461e-04 	 1.07705e-04 
2.042 	 7.04814e-04 	 5.93683e-04 	 1.11131e-04 
2.036 	 7.25236e-04 	 6.10546e-04 	 1.14690e-04 
2.031 	 7.46471e-04 	 6.28083e-04 	 1.18388e-04 
2.025 	 7.68563e-04 	 6.46331e-04 	 1.22233e-04 
2.020 	 7.91558e-04 	 6.65326e-04 	 1.26232e-04 
2.014 	 8.15504e-04 	 6.85110e-04 	 1.30394e-04 
2.009 	 8.40455e-04 	 7.05726e-04 	 1.34729e-04 
2.003 	 8.66465e-04 	 7.27220e-04 	 1.39245e-04 
1.998 	 8.93595e-04 	 7.49642e-04 	 1.43953e-04 
1.993 	 9.21908e-04 	 7.73045e-04 	 1.48863e-04 
1.987 	 9.51473e-04 	 7.97485e-04 	 1.53988e-04 
1.982 	 9.82362e-04 	 8.23022e-04 	 1.59339e-04 
1.977 	 1.01465e-03 	 8.49723e-04 	 1.64931e-04 
1.972 	 1.04843e-03 	 8.77656e-04 	 1.70776e-04 
1.966 	 1.08379e-03 	 9.06897e-04 	 1.76892e-04 
1.961 	 1.12082e-03 	 9.37526e-04 	 1.83294e-04 
1.956 	 1.15963e-03 	 9.69632e-04 	 1.90000e-04 
1.951 	 1.20034e-03 	 1.00331e-03 	 1.97031e-04 
1.946 	 1.24306e-03 	 1.03866e-03 	 2.04406e-04 
1.941 	 1.28794e-03 	 1.07579e-03 	 2.12149e-04 
1.936 	 1.33511e-03 	 1.11483e-03 	 2.20285e-04 
1.931 	 1.38473e-03 	 1.15589e-03 	 2.28841e-04 
1.926 	 1.43698e-03 	 1.19913e-03 	 2.37844e-04 
1.921 	 1.49202e-03 	 1.24470e-03 	 2.47326e-04 
1.916 	 1.55007e-03 	 1.29275e-03 	 2.57322e-04 
1.911 	 1.61134e-03 	 1.34347e-03 	 2.67868e-04 
1.906 	 1.67607e-03 	 1.39706e-03 	 2.79005e-04 
1.901 	 1.74450e-03 	 1.45373e-03 	 2.90775e-04 
1.896 	 1.81694e-03 	 1.51371e-03 	 3.03229e-04 
1.892 	 1.89368e-03 	 1.57726e-03 	 3.16417e-04 
1.887 	 1.97506e-03 	 1.64466e-03 	 3.30398e-04 
1.882 	 2.06146e-03 	 1.71622e-03 	 3.45236e-04 
1.877 	 2.15328e-03 	 1.79228e-03 	 3.61000e-04 
1.873 	 2.25098e-03 	 1.87321e-03 	 3.77766e-04 
1.868 	 2.35504e-03 	 1.95942e-03 	 3.95620e-04 
1.863 	 2.46603e-03 	 2.05138e-03 	 4.14656e-04 
1.859 	 2.58455e-03 	 2.14957e-03 	 4.34976e-04 
1.854 	 2.71127e-03 	 2.25458e-03 	 4.56696e-04 
1.849 	 2.84695e-03 	 2.36700e-03 	 4.79944e-04 
1.845 	 2.99241e-03 	 2.48754e-03 	 5.04861e-04 
1.840 	 3.14858e-03 	 2.61697e-03 	 5.31606e-04 
1.836 	 3.31651e-03 	 2.75615e-03 	 5.60356e-04 
1.831 	 3.49735e-03 	 2.90604e-03 	 5.91309e-04 
1.827 	 3.69241e-03 	 3.06773e-03 	 6.24686e-04 
1.822 	 3.90316e-03 	 3.24242e-03 	 6.60738e-04 
1.818 	 4.13123e-03 	 3.43149e-03 	 6.99743e-04 
1.813 	 4.37848e-03 	 3.63647e-03 	 7.42019e-04 
1.809 	 4.64702e-03 	 3.85910e-03 	 7.87922e-04 
1.805 	 4.93921e-03 	 4.10136e-03 	 8.37855e-04 
1.800 	 5.25775e-03 	 4.36547e-03 	 8.92278e-04 
1.796 	 5.60569e-03 	 4.65398e-03 	 9.51711e-04 
1.792 	 5.98652e-03 	 4.96978e-03 	 1.01674e-03 
1.787 	 6.40419e-03 	 5.31614e-03 	 1.08805e-03 
1.783 	 6.86323e-03 	 5.69683e-03 	 1.16640e-03 
1.779 	 7.36880e-03 	 6.11612e-03 	 1.25268e-03 
1.775 	 7.92677e-03 	 6.57890e-03 	 1.34787e-03 
1.770 	 8.54388e-03 	 7.09075e-03 	 1.45313e-03 
1.766 	 9.22777e-03 	 7.65802e-03 	 1.56976e-03 
1.762 	 9.98714e-03 	 8.28792e-03 	 1.69922e-03 
1.758 	 1.08318e-02 	 8.98864e-03 	 1.84320e-03 
1.754 	 1.17729e-02 	 9.76935e-03 	 2.00358e-03 
1.750 	 1.28227e-02 	 1.06403e-02 	 2.18243e-03 
1.746 	 1.39948e-02 	 1.16127e-02 	 2.38207e-03 
1.742 	 1.53036e-02 	 1.26986e-02 	 2.60496e-03 
1.737 	 1.67644e-02 	 1.39108e-02 	 2.85366e-03 
1.733 	 1.83922e-02 	 1.52615e-02 	 3.13072e-03 
1.729 	 2.02006e-02 	 1.67622e-02 	 3.43843e-03 
1.725 	 2.21999e-02 	 1.84213e-02 	 3.77852e-03 
1.721 	 2.43938e-02 	 2.02422e-02 	 4.15163e-03 
1.717 	 2.67761e-02 	 2.22195e-02 	 4.55661e-03 
1.714 	 2.93245e-02 	 2.43348e-02 	 4.98967e-03 
1.710 	 3.19950e-02 	 2.65517e-02 	 5.44329e-03 
1.706 	 3.47158e-02 	 2.88106e-02 	 5.90519e-03 
1.702 	 3.73830e-02 	 3.10253e-02 	 6.35769e-03 
1.698 	 3.98612e-02 	 3.30834e-02 	 6.77775e-03 
1.694 	 4.19926e-02 	 3.48540e-02 	 7.13854e-03 
1.690 	 4.36151e-02 	 3.62025e-02 	 7.41252e-03 
1.686 	 4.45887e-02 	 3.70127e-02 	 7.57596e-03 
1.683 	 4.48237e-02 	 3.72100e-02 	 7.61371e-03 
1.679 	 4.43009e-02 	 3.67783e-02 	 7.52262e-03 
1.675 	 4.30758e-02 	 3.57636e-02 	 7.31221e-03 
1.671 	 4.12651e-02 	 3.42626e-02 	 7.00244e-03 
1.668 	 3.90216e-02 	 3.24023e-02 	 6.61935e-03 
1.664 	 3.65062e-02 	 3.03159e-02 	 6.19031e-03 
1.660 	 3.38650e-02 	 2.81248e-02 	 5.74017e-03 
1.656 	 3.12168e-02 	 2.59277e-02 	 5.28912e-03 
1.653 	 2.86486e-02 	 2.37967e-02 	 4.85190e-03 
1.649 	 2.62177e-02 	 2.17794e-02 	 4.43822e-03 
1.646 	 2.39569e-02 	 1.99032e-02 	 4.05363e-03 
1.642 	 2.18808e-02 	 1.81802e-02 	 3.70058e-03 
1.638 	 1.99912e-02 	 1.66119e-02 	 3.37934e-03 
1.635 	 1.82818e-02 	 1.51930e-02 	 3.08880e-03 
1.631 	 1.67414e-02 	 1.39143e-02 	 2.82706e-03 
1.628 	 1.53565e-02 	 1.27647e-02 	 2.59180e-03 
1.624 	 1.41127e-02 	 1.17321e-02 	 2.38056e-03 
1.621 	 1.29958e-02 	 1.08049e-02 	 2.19092e-03 
1.617 	 1.19923e-02 	 9.97176e-03 	 2.02057e-03 
1.614 	 1.10899e-02 	 9.22245e-03 	 1.86740e-03 
1.610 	 1.02771e-02 	 8.54758e-03 	 1.72948e-03 
1.607 	 9.54382e-03 	 7.93873e-03 	 1.60509e-03 
1.603 	 8.88114e-03 	 7.38845e-03 	 1.49269e-03 
1.600 	 8.28106e-03 	 6.89013e-03 	 1.39093e-03 
1.596 	 7.73656e-03 	 6.43795e-03 	 1.29861e-03 
1.593 	 7.24146e-03 	 6.02678e-03 	 1.21469e-03 
1.589 	 6.79037e-03 	 5.65213e-03 	 1.13824e-03 
1.586 	 6.37850e-03 	 5.31005e-03 	 1.06845e-03 
1.583 	 6.00169e-03 	 4.99707e-03 	 1.00462e-03 
1.579 	 5.65626e-03 	 4.71014e-03 	 9.46117e-04 
1.576 	 5.33896e-03 	 4.44657e-03 	 8.92389e-04 
1.573 	 5.04696e-03 	 4.20401e-03 	 8.42954e-04 
1.569 	 4.77773e-03 	 3.98035e-03 	 7.97385e-04 
1.566 	 4.52905e-03 	 3.77375e-03 	 7.55302e-04 
1.563 	 4.29894e-03 	 3.58257e-03 	 7.16371e-04 
1.560 	 4.08566e-03 	 3.40537e-03 	 6.80294e-04 
1.556 	 3.88765e-03 	 3.24084e-03 	 6.46807e-04 
1.553 	 3.70352e-03 	 3.08784e-03 	 6.15675e-04 
1.550 	 3.53203e-03 	 2.94534e-03 	 5.86687e-04 
1.547 	 3.37208e-03 	 2.81242e-03 	 5.59655e-04 
1.543 	 3.22267e-03 	 2.68826e-03 	 5.34412e-04 
1.540 	 3.08292e-03 	 2.57212e-03 	 5.10805e-04 
1.537 	 2.95203e-03 	 2.46333e-03 	 4.88700e-04 
1.534 	 2.82927e-03 	 2.36130e-03 	 4.67973e-04 
1.531 	 2.71400e-03 	 2.26549e-03 	 4.48515e-04 
1.528 	 2.60563e-03 	 2.17540e-03 	 4.30226e-04 
1.525 	 2.50362e-03 	 2.09060e-03 	 4.13014e-04 
1.521 	 2.40749e-03 	 2.01069e-03 	 3.96800e-04 
1.518 	 2.31681e-03 	 1.93530e-03 	 3.81507e-04 
1.515 	 2.23117e-03 	 1.86410e-03 	 3.67068e-04 
1.512 	 2.15021e-03 	 1.79678e-03 	 3.53422e-04 
1.509 	 2.07359e-03 	 1.73308e-03 	 3.40513e-04 
1.506 	 2.00103e-03 	 1.67274e-03 	 3.28288e-04 
1.503 	 1.93222e-03 	 1.61552e-03 	 3.16700e-04 
1.500 	 1.86694e-03 	 1.56123e-03 	 3.05708e-04 
