Energy [eV] Ext Cross [um^2] Abs Cross [um^2] Sca Cross [um^2] 
2.500 	 1.85565e-04 	 1.68068e-04 	 1.74972e-05 
2.492 	 1.89538e-04 	 1.71325e-04 	 1.82133e-05 
2.483 	 1.93610e-04 	 1.74661e-04 	 1.89489e-05 
2.475 	 1.97785e-04 	 1.78081e-04 	 1.97043e-05 
2.467 	 2.02066e-04 	 1.81586e-04 	 2.04802e-05 
2.459 	 2.06457e-04 	 1.85180e-04 	 2.12771e-05 
2.451 	 2.10961e-04 	 1.88865e-04 	 2.20956e-05 
2.443 	 2.15581e-04 	 1.92644e-04 	 2.29364e-05 
2.435 	 2.20321e-04 	 1.96521e-04 	 2.37999e-05 
2.427 	 2.25185e-04 	 2.00498e-04 	 2.46870e-05 
2.419 	 2.30177e-04 	 2.04579e-04 	 2.55983e-05 
2.411 	 2.35301e-04 	 2.08767e-04 	 2.65344e-05 
2.403 	 2.40562e-04 	 2.13066e-04 	 2.74962e-05 
2.396 	 2.45964e-04 	 2.17480e-04 	 2.84845e-05 
2.388 	 2.51513e-04 	 2.22013e-04 	 2.95000e-05 
2.380 	 2.57213e-04 	 2.26670e-04 	 3.05439e-05 
2.373 	 2.63071e-04 	 2.31454e-04 	 3.16168e-05 
2.365 	 2.69091e-04 	 2.36371e-04 	 3.27198e-05 
2.358 	 2.75278e-04 	 2.41424e-04 	 3.38539e-05 
2.350 	 2.81640e-04 	 2.46620e-04 	 3.50202e-05 
2.343 	 2.88181e-04 	 2.51962e-04 	 3.62198e-05 
2.336 	 2.94910e-04 	 2.57456e-04 	 3.74538e-05 
2.328 	 3.01832e-04 	 2.63108e-04 	 3.87233e-05 
2.321 	 3.08955e-04 	 2.68925e-04 	 4.00297e-05 
2.314 	 3.16286e-04 	 2.74912e-04 	 4.13742e-05 
2.307 	 3.23835e-04 	 2.81076e-04 	 4.27583e-05 
2.300 	 3.31608e-04 	 2.87425e-04 	 4.41835e-05 
2.293 	 3.39615e-04 	 2.93964e-04 	 4.56512e-05 
2.286 	 3.47865e-04 	 3.00701e-04 	 4.71634e-05 
2.279 	 3.56367e-04 	 3.07645e-04 	 4.87215e-05 
2.272 	 3.65132e-04 	 3.14804e-04 	 5.03276e-05 
2.265 	 3.74170e-04 	 3.22186e-04 	 5.19832e-05 
2.258 	 3.83492e-04 	 3.29801e-04 	 5.36905e-05 
2.251 	 3.93109e-04 	 3.37658e-04 	 5.54513e-05 
2.244 	 4.03034e-04 	 3.45767e-04 	 5.72679e-05 
2.238 	 4.13281e-04 	 3.54138e-04 	 5.91425e-05 
2.231 	 4.23861e-04 	 3.62784e-04 	 6.10775e-05 
2.224 	 4.34790e-04 	 3.71715e-04 	 6.30757e-05 
2.218 	 4.46084e-04 	 3.80944e-04 	 6.51397e-05 
2.211 	 4.57757e-04 	 3.90485e-04 	 6.72724e-05 
2.205 	 4.69828e-04 	 4.00351e-04 	 6.94768e-05 
2.198 	 4.82313e-04 	 4.10556e-04 	 7.17561e-05 
2.192 	 4.95231e-04 	 4.21117e-04 	 7.41136e-05 
2.185 	 5.08602e-04 	 4.32049e-04 	 7.65529e-05 
2.179 	 5.22448e-04 	 4.43370e-04 	 7.90775e-05 
2.172 	 5.36789e-04 	 4.55098e-04 	 8.16916e-05 
2.166 	 5.51651e-04 	 4.67252e-04 	 8.43992e-05 
2.160 	 5.67056e-04 	 4.79852e-04 	 8.72048e-05 
2.154 	 5.83033e-04 	 4.92920e-04 	 9.01132e-05 
2.147 	 5.99608e-04 	 5.06479e-04 	 9.31293e-05 
2.141 	 6.16812e-04 	 5.20554e-04 	 9.62584e-05 
2.135 	 6.34676e-04 	 5.35170e-04 	 9.95063e-05 
2.129 	 6.53234e-04 	 5.50355e-04 	 1.02879e-04 
2.123 	 6.72520e-04 	 5.66137e-04 	 1.06382e-04 
2.117 	 6.92572e-04 	 5.82549e-04 	 1.10024e-04 
2.111 	 7.13432e-04 	 5.99622e-04 	 1.13810e-04 
2.105 	 7.35141e-04 	 6.17392e-04 	 1.17748e-04 
2.099 	 7.57746e-04 	 6.35898e-04 	 1.21848e-04 
2.093 	 7.81295e-04 	 6.55177e-04 	 1.26117e-04 
2.087 	 8.05840e-04 	 6.75275e-04 	 1.30565e-04 
2.082 	 8.31439e-04 	 6.96236e-04 	 1.35202e-04 
2.076 	 8.58150e-04 	 7.18111e-04 	 1.40039e-04 
2.070 	 8.86038e-04 	 7.40951e-04 	 1.45087e-04 
2.064 	 9.15171e-04 	 7.64812e-04 	 1.50358e-04 
2.059 	 9.45623e-04 	 7.89757e-04 	 1.55867e-04 
2.053 	 9.77474e-04 	 8.15849e-04 	 1.61626e-04 
2.047 	 1.01081e-03 	 8.43159e-04 	 1.67651e-04 
2.042 	 1.04572e-03 	 8.71761e-04 	 1.73958e-04 
2.036 	 1.08230e-03 	 9.01738e-04 	 1.80566e-04 
2.031 	 1.12067e-03 	 9.33176e-04 	 1.87493e-04 
2.025 	 1.16093e-03 	 9.66171e-04 	 1.94760e-04 
2.020 	 1.20321e-03 	 1.00082e-03 	 2.02390e-04 
2.014 	 1.24765e-03 	 1.03725e-03 	 2.10406e-04 
2.009 	 1.29440e-03 	 1.07556e-03 	 2.18835e-04 
2.003 	 1.34360e-03 	 1.11589e-03 	 2.27705e-04 
1.998 	 1.39543e-03 	 1.15839e-03 	 2.37047e-04 
1.993 	 1.45009e-03 	 1.20320e-03 	 2.46895e-04 
1.987 	 1.50777e-03 	 1.25049e-03 	 2.57284e-04 
1.982 	 1.56869e-03 	 1.30044e-03 	 2.68256e-04 
1.977 	 1.63311e-03 	 1.35326e-03 	 2.79851e-04 
1.972 	 1.70127e-03 	 1.40915e-03 	 2.92119e-04 
1.966 	 1.77348e-03 	 1.46837e-03 	 3.05111e-04 
1.961 	 1.85004e-03 	 1.53116e-03 	 3.18884e-04 
1.956 	 1.93132e-03 	 1.59782e-03 	 3.33501e-04 
1.951 	 2.01770e-03 	 1.66867e-03 	 3.49031e-04 
1.946 	 2.10960e-03 	 1.74405e-03 	 3.65550e-04 
1.941 	 2.20749e-03 	 1.82435e-03 	 3.83144e-04 
1.936 	 2.31190e-03 	 1.91000e-03 	 4.01905e-04 
1.931 	 2.42341e-03 	 2.00148e-03 	 4.21937e-04 
1.926 	 2.54266e-03 	 2.09930e-03 	 4.43354e-04 
1.921 	 2.67035e-03 	 2.20406e-03 	 4.66285e-04 
1.916 	 2.80728e-03 	 2.31641e-03 	 4.90871e-04 
1.911 	 2.95435e-03 	 2.43708e-03 	 5.17272e-04 
1.906 	 3.11254e-03 	 2.56688e-03 	 5.45665e-04 
1.901 	 3.28298e-03 	 2.70673e-03 	 5.76249e-04 
1.896 	 3.46691e-03 	 2.85766e-03 	 6.09250e-04 
1.892 	 3.66576e-03 	 3.02084e-03 	 6.44921e-04 
1.887 	 3.88112e-03 	 3.19758e-03 	 6.83549e-04 
1.882 	 4.11482e-03 	 3.38937e-03 	 7.25458e-04 
1.877 	 4.36892e-03 	 3.59790e-03 	 7.71019e-04 
1.873 	 4.64577e-03 	 3.82512e-03 	 8.20651e-04 
1.868 	 4.94806e-03 	 4.07323e-03 	 8.74837e-04 
1.863 	 5.27888e-03 	 4.34475e-03 	 9.34127e-04 
1.859 	 5.64175e-03 	 4.64259e-03 	 9.99155e-04 
1.854 	 6.04075e-03 	 4.97010e-03 	 1.07065e-03 
1.849 	 6.48061e-03 	 5.33115e-03 	 1.14945e-03 
1.845 	 6.96677e-03 	 5.73023e-03 	 1.23654e-03 
1.840 	 7.50557e-03 	 6.17252e-03 	 1.33305e-03 
1.836 	 8.10441e-03 	 6.66410e-03 	 1.44030e-03 
1.831 	 8.77188e-03 	 7.21205e-03 	 1.55983e-03 
1.827 	 9.51808e-03 	 7.82463e-03 	 1.69345e-03 
1.822 	 1.03548e-02 	 8.51153e-03 	 1.84325e-03 
1.818 	 1.12958e-02 	 9.28408e-03 	 2.01171e-03 
1.813 	 1.23573e-02 	 1.01556e-02 	 2.20173e-03 
1.809 	 1.35582e-02 	 1.11415e-02 	 2.41668e-03 
1.805 	 1.49206e-02 	 1.22601e-02 	 2.66049e-03 
1.800 	 1.64698e-02 	 1.35321e-02 	 2.93773e-03 
1.796 	 1.82351e-02 	 1.49815e-02 	 3.25361e-03 
1.792 	 2.02494e-02 	 1.66354e-02 	 3.61398e-03 
1.787 	 2.25483e-02 	 1.85231e-02 	 4.02525e-03 
1.783 	 2.51695e-02 	 2.06754e-02 	 4.49412e-03 
1.779 	 2.81490e-02 	 2.31220e-02 	 5.02702e-03 
1.775 	 3.15159e-02 	 2.58868e-02 	 5.62914e-03 
1.770 	 3.52837e-02 	 2.89808e-02 	 6.30286e-03 
1.766 	 3.94363e-02 	 3.23910e-02 	 7.04530e-03 
1.762 	 4.39099e-02 	 3.60649e-02 	 7.84499e-03 
1.758 	 4.85710e-02 	 3.98929e-02 	 8.67803e-03 
1.754 	 5.31970e-02 	 4.36924e-02 	 9.50461e-03 
1.750 	 5.74714e-02 	 4.72033e-02 	 1.02681e-02 
1.746 	 6.10078e-02 	 5.01084e-02 	 1.08994e-02 
1.742 	 6.34137e-02 	 5.20853e-02 	 1.13284e-02 
1.737 	 6.43847e-02 	 5.28840e-02 	 1.15007e-02 
1.733 	 6.37950e-02 	 5.24011e-02 	 1.13940e-02 
1.729 	 6.17378e-02 	 5.07129e-02 	 1.10249e-02 
1.725 	 5.84929e-02 	 4.80493e-02 	 1.04436e-02 
1.721 	 5.44416e-02 	 4.47232e-02 	 9.71836e-03 
1.717 	 4.99707e-02 	 4.10524e-02 	 8.91829e-03 
1.714 	 4.54053e-02 	 3.73038e-02 	 8.10151e-03 
1.710 	 4.09798e-02 	 3.36699e-02 	 7.30991e-03 
1.706 	 3.68397e-02 	 3.02702e-02 	 6.56950e-03 
1.702 	 3.30594e-02 	 2.71659e-02 	 5.89352e-03 
1.698 	 2.96632e-02 	 2.43769e-02 	 5.28630e-03 
1.694 	 2.66439e-02 	 2.18973e-02 	 4.74653e-03 
1.690 	 2.39767e-02 	 1.97069e-02 	 4.26977e-03 
1.686 	 2.16288e-02 	 1.77787e-02 	 3.85010e-03 
1.683 	 1.95646e-02 	 1.60834e-02 	 3.48120e-03 
1.679 	 1.77497e-02 	 1.45928e-02 	 3.15687e-03 
1.675 	 1.61520e-02 	 1.32806e-02 	 2.87140e-03 
1.671 	 1.47431e-02 	 1.21234e-02 	 2.61967e-03 
1.668 	 1.34976e-02 	 1.11005e-02 	 2.39716e-03 
1.664 	 1.23937e-02 	 1.01937e-02 	 2.19997e-03 
1.660 	 1.14125e-02 	 9.38780e-03 	 2.02471e-03 
1.656 	 1.05378e-02 	 8.66932e-03 	 1.86848e-03 
1.653 	 9.75571e-03 	 8.02689e-03 	 1.72881e-03 
1.649 	 9.05434e-03 	 7.45077e-03 	 1.60357e-03 
1.646 	 8.42354e-03 	 6.93260e-03 	 1.49094e-03 
1.642 	 7.85458e-03 	 6.46521e-03 	 1.38937e-03 
1.638 	 7.33995e-03 	 6.04246e-03 	 1.29750e-03 
1.635 	 6.87323e-03 	 5.65904e-03 	 1.21419e-03 
1.631 	 6.44883e-03 	 5.31039e-03 	 1.13844e-03 
1.628 	 6.06196e-03 	 4.99255e-03 	 1.06940e-03 
1.624 	 5.70843e-03 	 4.70211e-03 	 1.00632e-03 
1.621 	 5.38463e-03 	 4.43608e-03 	 9.48546e-04 
1.617 	 5.08738e-03 	 4.19186e-03 	 8.95517e-04 
1.614 	 4.81393e-03 	 3.96719e-03 	 8.46738e-04 
1.610 	 4.56184e-03 	 3.76006e-03 	 8.01777e-04 
1.607 	 4.32899e-03 	 3.56874e-03 	 7.60252e-04 
1.603 	 4.11351e-03 	 3.39168e-03 	 7.21828e-04 
1.600 	 3.91373e-03 	 3.22752e-03 	 6.86208e-04 
1.596 	 3.72818e-03 	 3.07505e-03 	 6.53130e-04 
1.593 	 3.55556e-03 	 2.93320e-03 	 6.22361e-04 
1.589 	 3.39470e-03 	 2.80101e-03 	 5.93694e-04 
1.586 	 3.24459e-03 	 2.67764e-03 	 5.66943e-04 
1.583 	 3.10428e-03 	 2.56233e-03 	 5.41944e-04 
1.579 	 2.97294e-03 	 2.45440e-03 	 5.18548e-04 
1.576 	 2.84985e-03 	 2.35323e-03 	 4.96622e-04 
1.573 	 2.73432e-03 	 2.25827e-03 	 4.76047e-04 
1.569 	 2.62575e-03 	 2.16903e-03 	 4.56714e-04 
1.566 	 2.52359e-03 	 2.08507e-03 	 4.38527e-04 
1.563 	 2.42736e-03 	 2.00596e-03 	 4.21397e-04 
1.560 	 2.33661e-03 	 1.93136e-03 	 4.05245e-04 
1.556 	 2.25092e-03 	 1.86092e-03 	 3.89998e-04 
1.553 	 2.16994e-03 	 1.79435e-03 	 3.75589e-04 
1.550 	 2.09332e-03 	 1.73136e-03 	 3.61959e-04 
1.547 	 2.02075e-03 	 1.67170e-03 	 3.49053e-04 
1.543 	 1.95196e-03 	 1.61514e-03 	 3.36821e-04 
1.540 	 1.88668e-03 	 1.56147e-03 	 3.25216e-04 
1.537 	 1.82469e-03 	 1.51050e-03 	 3.14197e-04 
1.534 	 1.76577e-03 	 1.46204e-03 	 3.03724e-04 
1.531 	 1.70971e-03 	 1.41594e-03 	 2.93764e-04 
1.528 	 1.65633e-03 	 1.37205e-03 	 2.84281e-04 
1.525 	 1.60547e-03 	 1.33022e-03 	 2.75248e-04 
1.521 	 1.55697e-03 	 1.29033e-03 	 2.66635e-04 
1.518 	 1.51068e-03 	 1.25226e-03 	 2.58417e-04 
1.515 	 1.46647e-03 	 1.21590e-03 	 2.50571e-04 
1.512 	 1.42423e-03 	 1.18115e-03 	 2.43074e-04 
1.509 	 1.38382e-03 	 1.14792e-03 	 2.35905e-04 
1.506 	 1.34515e-03 	 1.11611e-03 	 2.29047e-04 
1.503 	 1.30813e-03 	 1.08565e-03 	 2.22480e-04 
1.500 	 1.27265e-03 	 1.05646e-03 	 2.16190e-04 
