Energy [eV] Ext Cross [um^2] Abs Cross [um^2] Sca Cross [um^2] 
2.756 	 2.02598e-04 	 1.99681e-04 	 2.91752e-06 
2.749 	 2.19412e-04 	 2.16140e-04 	 3.27187e-06 
2.743 	 2.38299e-04 	 2.34624e-04 	 3.67566e-06 
2.737 	 2.59588e-04 	 2.55450e-04 	 4.13766e-06 
2.731 	 2.83677e-04 	 2.79008e-04 	 4.66843e-06 
2.725 	 3.11059e-04 	 3.05779e-04 	 5.28060e-06 
2.719 	 3.42333e-04 	 3.36344e-04 	 5.98965e-06 
2.713 	 3.78223e-04 	 3.71408e-04 	 6.81470e-06 
2.707 	 4.19612e-04 	 4.11833e-04 	 7.77946e-06 
2.701 	 4.67577e-04 	 4.58664e-04 	 8.91351e-06 
2.695 	 5.23425e-04 	 5.13171e-04 	 1.02535e-05 
2.689 	 5.88743e-04 	 5.76898e-04 	 1.18453e-05 
2.684 	 6.65483e-04 	 6.51737e-04 	 1.37459e-05 
2.678 	 7.56057e-04 	 7.40030e-04 	 1.60269e-05 
2.672 	 8.63450e-04 	 8.44673e-04 	 1.87764e-05 
2.666 	 9.91267e-04 	 9.69165e-04 	 2.21020e-05 
2.660 	 1.14363e-03 	 1.11750e-03 	 2.61290e-05 
2.655 	 1.32479e-03 	 1.29380e-03 	 3.09945e-05 
2.649 	 1.53838e-03 	 1.50155e-03 	 3.68292e-05 
2.643 	 1.78579e-03 	 1.74207e-03 	 4.37171e-05 
2.638 	 2.06346e-03 	 2.01183e-03 	 5.16215e-05 
2.632 	 2.35896e-03 	 2.29869e-03 	 6.02714e-05 
2.627 	 2.64705e-03 	 2.57801e-03 	 6.90349e-05 
2.621 	 2.88910e-03 	 2.81223e-03 	 7.68702e-05 
2.615 	 3.04073e-03 	 2.95823e-03 	 8.24989e-05 
2.610 	 3.06848e-03 	 2.98363e-03 	 8.48525e-05 
2.604 	 2.96648e-03 	 2.88290e-03 	 8.35718e-05 
2.599 	 2.75953e-03 	 2.68036e-03 	 7.91676e-05 
2.593 	 2.48984e-03 	 2.41713e-03 	 7.27116e-05 
2.588 	 2.19903e-03 	 2.13368e-03 	 6.53447e-05 
2.583 	 1.91711e-03 	 1.85917e-03 	 5.79441e-05 
2.577 	 1.66074e-03 	 1.60970e-03 	 5.10371e-05 
2.572 	 1.43635e-03 	 1.39148e-03 	 4.48654e-05 
2.566 	 1.24421e-03 	 1.20472e-03 	 3.94878e-05 
2.561 	 1.08158e-03 	 1.04671e-03 	 3.48657e-05 
2.556 	 9.44583e-04 	 9.13665e-04 	 3.09180e-05 
2.550 	 8.29259e-04 	 8.01707e-04 	 2.75521e-05 
2.545 	 7.31981e-04 	 7.07302e-04 	 2.46787e-05 
2.540 	 6.49627e-04 	 6.27409e-04 	 2.22185e-05 
2.535 	 5.79588e-04 	 5.59485e-04 	 2.01034e-05 
2.530 	 5.19719e-04 	 5.01442e-04 	 1.82767e-05 
2.524 	 4.68272e-04 	 4.51581e-04 	 1.66911e-05 
2.519 	 4.23828e-04 	 4.08520e-04 	 1.53080e-05 
2.514 	 3.85235e-04 	 3.71139e-04 	 1.40954e-05 
2.509 	 3.51551e-04 	 3.38524e-04 	 1.30274e-05 
2.504 	 3.22010e-04 	 3.09928e-04 	 1.20821e-05 
2.499 	 2.95980e-04 	 2.84738e-04 	 1.12418e-05 
2.494 	 2.72942e-04 	 2.62451e-04 	 1.04915e-05 
2.489 	 2.52466e-04 	 2.42647e-04 	 9.81895e-06 
2.484 	 2.34195e-04 	 2.24981e-04 	 9.21372e-06 
2.479 	 2.17829e-04 	 2.09162e-04 	 8.66707e-06 
2.474 	 2.03117e-04 	 1.94946e-04 	 8.17162e-06 
2.469 	 1.89848e-04 	 1.82127e-04 	 7.72110e-06 
2.464 	 1.77840e-04 	 1.70530e-04 	 7.31015e-06 
2.459 	 1.66942e-04 	 1.60008e-04 	 6.93419e-06 
2.454 	 1.57021e-04 	 1.50432e-04 	 6.58929e-06 
2.449 	 1.47967e-04 	 1.41695e-04 	 6.27203e-06 
2.444 	 1.39681e-04 	 1.33701e-04 	 5.97948e-06 
2.440 	 1.32080e-04 	 1.26371e-04 	 5.70907e-06 
2.435 	 1.25091e-04 	 1.19632e-04 	 5.45855e-06 
2.430 	 1.18651e-04 	 1.13425e-04 	 5.22598e-06 
2.425 	 1.12703e-04 	 1.07694e-04 	 5.00961e-06 
2.420 	 1.07200e-04 	 1.02392e-04 	 4.80792e-06 
2.416 	 1.02097e-04 	 9.74776e-05 	 4.61957e-06 
2.411 	 9.73580e-05 	 9.29146e-05 	 4.44337e-06 
2.406 	 9.29484e-05 	 8.86701e-05 	 4.27824e-06 
2.402 	 8.88386e-05 	 8.47153e-05 	 4.12325e-06 
2.397 	 8.50020e-05 	 8.10245e-05 	 3.97754e-06 
2.392 	 8.14150e-05 	 7.75746e-05 	 3.84036e-06 
2.388 	 7.80563e-05 	 7.43453e-05 	 3.71102e-06 
2.383 	 7.49070e-05 	 7.13181e-05 	 3.58890e-06 
2.378 	 7.19499e-05 	 6.84764e-05 	 3.47345e-06 
2.374 	 6.91698e-05 	 6.58056e-05 	 3.36418e-06 
2.369 	 6.65527e-05 	 6.32921e-05 	 3.26062e-06 
2.365 	 6.40861e-05 	 6.09238e-05 	 3.16237e-06 
2.360 	 6.17587e-05 	 5.86897e-05 	 3.06904e-06 
2.356 	 5.95601e-05 	 5.65798e-05 	 2.98030e-06 
2.351 	 5.74809e-05 	 5.45851e-05 	 2.89583e-06 
2.347 	 5.55127e-05 	 5.26973e-05 	 2.81535e-06 
2.342 	 5.36475e-05 	 5.09089e-05 	 2.73860e-06 
2.338 	 5.18785e-05 	 4.92131e-05 	 2.66533e-06 
2.333 	 5.01989e-05 	 4.76036e-05 	 2.59533e-06 
2.329 	 4.86030e-05 	 4.60746e-05 	 2.52839e-06 
2.325 	 4.70852e-05 	 4.46209e-05 	 2.46433e-06 
2.320 	 4.56405e-05 	 4.32375e-05 	 2.40298e-06 
2.316 	 4.42642e-05 	 4.19200e-05 	 2.34416e-06 
2.312 	 4.29520e-05 	 4.06643e-05 	 2.28775e-06 
2.307 	 4.17000e-05 	 3.94664e-05 	 2.23359e-06 
2.303 	 4.05046e-05 	 3.83230e-05 	 2.18156e-06 
2.299 	 3.93623e-05 	 3.72307e-05 	 2.13154e-06 
2.294 	 3.82699e-05 	 3.61865e-05 	 2.08343e-06 
2.290 	 3.72247e-05 	 3.51876e-05 	 2.03712e-06 
2.286 	 3.62239e-05 	 3.42313e-05 	 1.99252e-06 
2.282 	 3.52649e-05 	 3.33153e-05 	 1.94953e-06 
2.277 	 3.43454e-05 	 3.24373e-05 	 1.90808e-06 
2.273 	 3.34634e-05 	 3.15953e-05 	 1.86808e-06 
2.269 	 3.26167e-05 	 3.07873e-05 	 1.82947e-06 
2.265 	 3.18036e-05 	 3.00115e-05 	 1.79217e-06 
2.261 	 3.10223e-05 	 2.92661e-05 	 1.75613e-06 
2.257 	 3.02710e-05 	 2.85498e-05 	 1.72129e-06 
2.252 	 2.95484e-05 	 2.78608e-05 	 1.68758e-06 
2.248 	 2.88529e-05 	 2.71980e-05 	 1.65496e-06 
2.244 	 2.81832e-05 	 2.65598e-05 	 1.62337e-06 
2.240 	 2.75380e-05 	 2.59453e-05 	 1.59278e-06 
2.236 	 2.69162e-05 	 2.53531e-05 	 1.56312e-06 
2.232 	 2.63165e-05 	 2.47822e-05 	 1.53438e-06 
2.228 	 2.57380e-05 	 2.42315e-05 	 1.50649e-06 
2.224 	 2.51796e-05 	 2.37002e-05 	 1.47944e-06 
2.220 	 2.46404e-05 	 2.31873e-05 	 1.45317e-06 
2.216 	 2.41196e-05 	 2.26919e-05 	 1.42767e-06 
2.212 	 2.36162e-05 	 2.22133e-05 	 1.40289e-06 
2.208 	 2.31295e-05 	 2.17507e-05 	 1.37881e-06 
2.204 	 2.26587e-05 	 2.13033e-05 	 1.35540e-06 
2.200 	 2.22033e-05 	 2.08706e-05 	 1.33263e-06 
2.196 	 2.17624e-05 	 2.04519e-05 	 1.31048e-06 
2.192 	 2.13355e-05 	 2.00466e-05 	 1.28893e-06 
2.189 	 2.09220e-05 	 1.96541e-05 	 1.26795e-06 
2.185 	 2.05214e-05 	 1.92739e-05 	 1.24751e-06 
2.181 	 2.01331e-05 	 1.89054e-05 	 1.22761e-06 
2.177 	 1.97565e-05 	 1.85483e-05 	 1.20822e-06 
2.173 	 1.93913e-05 	 1.82020e-05 	 1.18932e-06 
2.169 	 1.90369e-05 	 1.78661e-05 	 1.17089e-06 
2.166 	 1.86930e-05 	 1.75401e-05 	 1.15292e-06 
2.162 	 1.83591e-05 	 1.72238e-05 	 1.13538e-06 
2.158 	 1.80349e-05 	 1.69166e-05 	 1.11828e-06 
2.154 	 1.77199e-05 	 1.66183e-05 	 1.10158e-06 
2.150 	 1.74138e-05 	 1.63285e-05 	 1.08528e-06 
2.147 	 1.71163e-05 	 1.60469e-05 	 1.06936e-06 
2.143 	 1.68270e-05 	 1.57732e-05 	 1.05381e-06 
2.139 	 1.65457e-05 	 1.55071e-05 	 1.03862e-06 
2.136 	 1.62721e-05 	 1.52483e-05 	 1.02378e-06 
2.132 	 1.60058e-05 	 1.49965e-05 	 1.00927e-06 
2.128 	 1.57466e-05 	 1.47515e-05 	 9.95081e-07 
2.124 	 1.54943e-05 	 1.45131e-05 	 9.81207e-07 
2.121 	 1.52486e-05 	 1.42809e-05 	 9.67638e-07 
2.117 	 1.50093e-05 	 1.40549e-05 	 9.54362e-07 
2.114 	 1.47761e-05 	 1.38347e-05 	 9.41372e-07 
2.110 	 1.45489e-05 	 1.36202e-05 	 9.28658e-07 
2.106 	 1.43274e-05 	 1.34112e-05 	 9.16212e-07 
2.103 	 1.41115e-05 	 1.32075e-05 	 9.04025e-07 
2.099 	 1.39010e-05 	 1.30089e-05 	 8.92091e-07 
2.096 	 1.36956e-05 	 1.28152e-05 	 8.80401e-07 
2.092 	 1.34953e-05 	 1.26263e-05 	 8.68949e-07 
2.089 	 1.32998e-05 	 1.24420e-05 	 8.57727e-07 
2.085 	 1.31090e-05 	 1.22622e-05 	 8.46730e-07 
2.081 	 1.29227e-05 	 1.20868e-05 	 8.35950e-07 
2.078 	 1.27409e-05 	 1.19155e-05 	 8.25381e-07 
2.074 	 1.25633e-05 	 1.17483e-05 	 8.15018e-07 
2.071 	 1.23898e-05 	 1.15850e-05 	 8.04855e-07 
2.068 	 1.22203e-05 	 1.14255e-05 	 7.94886e-07 
2.064 	 1.20547e-05 	 1.12696e-05 	 7.85106e-07 
2.061 	 1.18929e-05 	 1.11174e-05 	 7.75510e-07 
2.057 	 1.17347e-05 	 1.09686e-05 	 7.66093e-07 
2.054 	 1.15801e-05 	 1.08232e-05 	 7.56850e-07 
2.050 	 1.14288e-05 	 1.06810e-05 	 7.47777e-07 
2.047 	 1.12809e-05 	 1.05421e-05 	 7.38870e-07 
2.044 	 1.11363e-05 	 1.04061e-05 	 7.30123e-07 
2.040 	 1.09947e-05 	 1.02732e-05 	 7.21533e-07 
2.037 	 1.08562e-05 	 1.01431e-05 	 7.13096e-07 
2.033 	 1.07207e-05 	 1.00159e-05 	 7.04808e-07 
2.030 	 1.05880e-05 	 9.89136e-06 	 6.96666e-07 
2.027 	 1.04582e-05 	 9.76950e-06 	 6.88665e-07 
2.023 	 1.03310e-05 	 9.65020e-06 	 6.80802e-07 
2.020 	 1.02065e-05 	 9.53341e-06 	 6.73074e-07 
2.017 	 1.00845e-05 	 9.41905e-06 	 6.65478e-07 
2.014 	 9.96506e-06 	 9.30705e-06 	 6.58009e-07 
2.010 	 9.84802e-06 	 9.19735e-06 	 6.50667e-07 
2.007 	 9.73333e-06 	 9.08989e-06 	 6.43446e-07 
2.004 	 9.62094e-06 	 8.98459e-06 	 6.36345e-07 
2.000 	 9.51078e-06 	 8.88142e-06 	 6.29360e-07 
1.997 	 9.40279e-06 	 8.78031e-06 	 6.22489e-07 
1.994 	 9.29693e-06 	 8.68120e-06 	 6.15730e-07 
1.991 	 9.19312e-06 	 8.58404e-06 	 6.09079e-07 
1.988 	 9.09133e-06 	 8.48879e-06 	 6.02535e-07 
1.984 	 8.99149e-06 	 8.39540e-06 	 5.96095e-07 
1.981 	 8.89357e-06 	 8.30381e-06 	 5.89756e-07 
1.978 	 8.79751e-06 	 8.21399e-06 	 5.83517e-07 
1.975 	 8.70326e-06 	 8.12588e-06 	 5.77375e-07 
1.972 	 8.61078e-06 	 8.03945e-06 	 5.71328e-07 
1.969 	 8.52003e-06 	 7.95466e-06 	 5.65374e-07 
1.965 	 8.43096e-06 	 7.87145e-06 	 5.59511e-07 
1.962 	 8.34354e-06 	 7.78980e-06 	 5.53737e-07 
1.959 	 8.25772e-06 	 7.70967e-06 	 5.48050e-07 
1.956 	 8.17345e-06 	 7.63100e-06 	 5.42449e-07 
1.953 	 8.09071e-06 	 7.55378e-06 	 5.36931e-07 
1.950 	 8.00946e-06 	 7.47796e-06 	 5.31495e-07 
1.947 	 7.92966e-06 	 7.40352e-06 	 5.26139e-07 
1.944 	 7.85127e-06 	 7.33040e-06 	 5.20861e-07 
1.941 	 7.77426e-06 	 7.25860e-06 	 5.15660e-07 
1.938 	 7.69860e-06 	 7.18806e-06 	 5.10535e-07 
1.935 	 7.62425e-06 	 7.11877e-06 	 5.05483e-07 
1.932 	 7.55119e-06 	 7.05069e-06 	 5.00503e-07 
1.929 	 7.47939e-06 	 6.98380e-06 	 4.95594e-07 
1.926 	 7.40882e-06 	 6.91806e-06 	 4.90754e-07 
1.923 	 7.33944e-06 	 6.85346e-06 	 4.85982e-07 
1.920 	 7.27125e-06 	 6.78997e-06 	 4.81277e-07 
1.917 	 7.20420e-06 	 6.72756e-06 	 4.76638e-07 
1.914 	 7.13827e-06 	 6.66621e-06 	 4.72063e-07 
1.911 	 7.07344e-06 	 6.60589e-06 	 4.67550e-07 
1.908 	 7.00969e-06 	 6.54659e-06 	 4.63099e-07 
