Energy [eV] Ext Cross [um^2] Abs Cross [um^2] Sca Cross [um^2] 
2.756 	 5.78875e-03 	 3.99540e-03 	 1.79335e-03 
2.749 	 6.16072e-03 	 4.21261e-03 	 1.94810e-03 
2.743 	 6.56567e-03 	 4.44975e-03 	 2.11592e-03 
2.737 	 7.00745e-03 	 4.70932e-03 	 2.29813e-03 
2.731 	 7.49062e-03 	 4.99449e-03 	 2.49613e-03 
2.725 	 8.02060e-03 	 5.30920e-03 	 2.71139e-03 
2.719 	 8.60348e-03 	 5.65795e-03 	 2.94553e-03 
2.713 	 9.24602e-03 	 6.04571e-03 	 3.20031e-03 
2.707 	 9.95522e-03 	 6.47757e-03 	 3.47765e-03 
2.701 	 1.07376e-02 	 6.95797e-03 	 3.77961e-03 
2.695 	 1.15974e-02 	 7.48912e-03 	 4.10830e-03 
2.689 	 1.25341e-02 	 8.06824e-03 	 4.46589e-03 
2.684 	 1.35385e-02 	 8.68376e-03 	 4.85473e-03 
2.678 	 1.45896e-02 	 9.31205e-03 	 5.27759e-03 
2.672 	 1.56566e-02 	 9.91869e-03 	 5.73788e-03 
2.666 	 1.67092e-02 	 1.04692e-02 	 6.24000e-03 
2.660 	 1.77359e-02 	 1.09466e-02 	 6.78929e-03 
2.655 	 1.87559e-02 	 1.13642e-02 	 7.39176e-03 
2.649 	 1.98133e-02 	 1.17597e-02 	 8.05364e-03 
2.643 	 2.09584e-02 	 1.21775e-02 	 8.78093e-03 
2.638 	 2.22329e-02 	 1.26537e-02 	 9.57918e-03 
2.632 	 2.36644e-02 	 1.32108e-02 	 1.04536e-02 
2.627 	 2.52687e-02 	 1.38596e-02 	 1.14092e-02 
2.621 	 2.70547e-02 	 1.46036e-02 	 1.24511e-02 
2.615 	 2.90271e-02 	 1.54420e-02 	 1.35851e-02 
2.610 	 3.11894e-02 	 1.63717e-02 	 1.48177e-02 
2.604 	 3.35427e-02 	 1.73876e-02 	 1.61552e-02 
2.599 	 3.60842e-02 	 1.84828e-02 	 1.76015e-02 
2.593 	 3.88037e-02 	 1.96479e-02 	 1.91559e-02 
2.588 	 4.16804e-02 	 2.08698e-02 	 2.08106e-02 
2.583 	 4.46810e-02 	 2.21307e-02 	 2.25504e-02 
2.577 	 4.77583e-02 	 2.34069e-02 	 2.43514e-02 
2.572 	 5.08505e-02 	 2.46690e-02 	 2.61815e-02 
2.566 	 5.38811e-02 	 2.58813e-02 	 2.79998e-02 
2.561 	 5.67609e-02 	 2.70032e-02 	 2.97577e-02 
2.556 	 5.93917e-02 	 2.79914e-02 	 3.14003e-02 
2.550 	 6.16729e-02 	 2.88028e-02 	 3.28701e-02 
2.545 	 6.35099e-02 	 2.93982e-02 	 3.41116e-02 
2.540 	 6.48234e-02 	 2.97470e-02 	 3.50764e-02 
2.535 	 6.55585e-02 	 2.98303e-02 	 3.57282e-02 
2.530 	 6.56907e-02 	 2.96434e-02 	 3.60473e-02 
2.524 	 6.52286e-02 	 2.91965e-02 	 3.60321e-02 
2.519 	 6.42116e-02 	 2.85132e-02 	 3.56984e-02 
2.514 	 6.27045e-02 	 2.76271e-02 	 3.50774e-02 
2.509 	 6.07895e-02 	 2.65787e-02 	 3.42108e-02 
2.504 	 5.85567e-02 	 2.54103e-02 	 3.31464e-02 
2.499 	 5.60964e-02 	 2.41631e-02 	 3.19333e-02 
2.494 	 5.34926e-02 	 2.28746e-02 	 3.06181e-02 
2.489 	 5.08189e-02 	 2.15764e-02 	 2.92426e-02 
2.484 	 4.81364e-02 	 2.02942e-02 	 2.78422e-02 
2.479 	 4.54932e-02 	 1.90476e-02 	 2.64455e-02 
2.474 	 4.29255e-02 	 1.78507e-02 	 2.50748e-02 
2.469 	 4.04589e-02 	 1.67127e-02 	 2.37462e-02 
2.464 	 3.81102e-02 	 1.56392e-02 	 2.24710e-02 
2.459 	 3.58888e-02 	 1.46325e-02 	 2.12563e-02 
2.454 	 3.37990e-02 	 1.36928e-02 	 2.01062e-02 
2.449 	 3.18410e-02 	 1.28189e-02 	 1.90222e-02 
2.444 	 3.00121e-02 	 1.20081e-02 	 1.80039e-02 
2.440 	 2.83074e-02 	 1.12574e-02 	 1.70500e-02 
2.435 	 2.67210e-02 	 1.05631e-02 	 1.61579e-02 
2.430 	 2.52462e-02 	 9.92151e-03 	 1.53247e-02 
2.425 	 2.38758e-02 	 9.32872e-03 	 1.45470e-02 
2.420 	 2.26026e-02 	 8.78105e-03 	 1.38216e-02 
2.416 	 2.14198e-02 	 8.27492e-03 	 1.31449e-02 
2.411 	 2.03204e-02 	 7.80696e-03 	 1.25135e-02 
2.406 	 1.92982e-02 	 7.37401e-03 	 1.19242e-02 
2.402 	 1.83470e-02 	 6.97314e-03 	 1.13739e-02 
2.397 	 1.74613e-02 	 6.60165e-03 	 1.08596e-02 
2.392 	 1.66357e-02 	 6.25704e-03 	 1.03787e-02 
2.388 	 1.58656e-02 	 5.93705e-03 	 9.92859e-03 
2.383 	 1.51465e-02 	 5.63960e-03 	 9.50692e-03 
2.378 	 1.44743e-02 	 5.36281e-03 	 9.11153e-03 
2.374 	 1.38454e-02 	 5.10494e-03 	 8.74043e-03 
2.369 	 1.32562e-02 	 4.86445e-03 	 8.39179e-03 
2.365 	 1.27038e-02 	 4.63991e-03 	 8.06393e-03 
2.360 	 1.21853e-02 	 4.43003e-03 	 7.75528e-03 
2.356 	 1.16981e-02 	 4.23362e-03 	 7.46444e-03 
2.351 	 1.12397e-02 	 4.04963e-03 	 7.19011e-03 
2.347 	 1.08082e-02 	 3.87708e-03 	 6.93109e-03 
2.342 	 1.04014e-02 	 3.71508e-03 	 6.68629e-03 
2.338 	 1.00176e-02 	 3.56284e-03 	 6.45471e-03 
2.333 	 9.65506e-03 	 3.41963e-03 	 6.23543e-03 
2.329 	 9.31237e-03 	 3.28476e-03 	 6.02761e-03 
2.325 	 8.98809e-03 	 3.15763e-03 	 5.83045e-03 
2.320 	 8.68095e-03 	 3.03769e-03 	 5.64326e-03 
2.316 	 8.38978e-03 	 2.92441e-03 	 5.46537e-03 
2.312 	 8.11350e-03 	 2.81733e-03 	 5.29617e-03 
2.307 	 7.85112e-03 	 2.71602e-03 	 5.13510e-03 
2.303 	 7.60172e-03 	 2.62008e-03 	 4.98164e-03 
2.299 	 7.36447e-03 	 2.52914e-03 	 4.83533e-03 
2.294 	 7.13859e-03 	 2.44288e-03 	 4.69571e-03 
2.290 	 6.92336e-03 	 2.36099e-03 	 4.56237e-03 
2.286 	 6.71813e-03 	 2.28317e-03 	 4.43495e-03 
2.282 	 6.52227e-03 	 2.20918e-03 	 4.31309e-03 
2.277 	 6.33522e-03 	 2.13876e-03 	 4.19646e-03 
2.273 	 6.15646e-03 	 2.07171e-03 	 4.08476e-03 
2.269 	 5.98552e-03 	 2.00780e-03 	 3.97771e-03 
2.265 	 5.82192e-03 	 1.94686e-03 	 3.87506e-03 
2.261 	 5.66527e-03 	 1.88870e-03 	 3.77656e-03 
2.257 	 5.51516e-03 	 1.83317e-03 	 3.68199e-03 
2.252 	 5.37124e-03 	 1.78011e-03 	 3.59113e-03 
2.248 	 5.23316e-03 	 1.72937e-03 	 3.50378e-03 
2.244 	 5.10061e-03 	 1.68084e-03 	 3.41977e-03 
2.240 	 4.97329e-03 	 1.63437e-03 	 3.33892e-03 
2.236 	 4.85092e-03 	 1.58986e-03 	 3.26106e-03 
2.232 	 4.73326e-03 	 1.54721e-03 	 3.18605e-03 
2.228 	 4.62004e-03 	 1.50630e-03 	 3.11374e-03 
2.224 	 4.51106e-03 	 1.46705e-03 	 3.04401e-03 
2.220 	 4.40609e-03 	 1.42937e-03 	 2.97672e-03 
2.216 	 4.30493e-03 	 1.39318e-03 	 2.91175e-03 
2.212 	 4.20741e-03 	 1.35840e-03 	 2.84901e-03 
2.208 	 4.11333e-03 	 1.32496e-03 	 2.78838e-03 
2.204 	 4.02255e-03 	 1.29279e-03 	 2.72976e-03 
2.200 	 3.93490e-03 	 1.26182e-03 	 2.67307e-03 
2.196 	 3.85023e-03 	 1.23201e-03 	 2.61822e-03 
2.192 	 3.76842e-03 	 1.20330e-03 	 2.56513e-03 
2.189 	 3.68933e-03 	 1.17562e-03 	 2.51371e-03 
2.185 	 3.61284e-03 	 1.14894e-03 	 2.46390e-03 
2.181 	 3.53883e-03 	 1.12320e-03 	 2.41563e-03 
2.177 	 3.46720e-03 	 1.09837e-03 	 2.36883e-03 
2.173 	 3.39783e-03 	 1.07440e-03 	 2.32344e-03 
2.169 	 3.33065e-03 	 1.05125e-03 	 2.27940e-03 
2.166 	 3.26554e-03 	 1.02888e-03 	 2.23665e-03 
2.162 	 3.20242e-03 	 1.00727e-03 	 2.19515e-03 
2.158 	 3.14122e-03 	 9.86373e-04 	 2.15485e-03 
2.154 	 3.08185e-03 	 9.66163e-04 	 2.11569e-03 
2.150 	 3.02424e-03 	 9.46610e-04 	 2.07763e-03 
2.147 	 2.96831e-03 	 9.27685e-04 	 2.04063e-03 
2.143 	 2.91401e-03 	 9.09363e-04 	 2.00464e-03 
2.139 	 2.86125e-03 	 8.91618e-04 	 1.96964e-03 
2.136 	 2.81000e-03 	 8.74426e-04 	 1.93557e-03 
2.132 	 2.76018e-03 	 8.57765e-04 	 1.90242e-03 
2.128 	 2.71175e-03 	 8.41613e-04 	 1.87013e-03 
2.124 	 2.66464e-03 	 8.25951e-04 	 1.83869e-03 
2.121 	 2.61882e-03 	 8.10758e-04 	 1.80806e-03 
2.117 	 2.57423e-03 	 7.96016e-04 	 1.77821e-03 
2.114 	 2.53083e-03 	 7.81707e-04 	 1.74912e-03 
2.110 	 2.48857e-03 	 7.67816e-04 	 1.72076e-03 
2.106 	 2.44742e-03 	 7.54325e-04 	 1.69310e-03 
2.103 	 2.40733e-03 	 7.41221e-04 	 1.66611e-03 
2.099 	 2.36827e-03 	 7.28487e-04 	 1.63979e-03 
2.096 	 2.33020e-03 	 7.16111e-04 	 1.61409e-03 
2.092 	 2.29309e-03 	 7.04080e-04 	 1.58901e-03 
2.089 	 2.25690e-03 	 6.92380e-04 	 1.56452e-03 
2.085 	 2.22161e-03 	 6.81000e-04 	 1.54061e-03 
2.081 	 2.18717e-03 	 6.69928e-04 	 1.51725e-03 
2.078 	 2.15357e-03 	 6.59153e-04 	 1.49442e-03 
2.074 	 2.12078e-03 	 6.48665e-04 	 1.47211e-03 
2.071 	 2.08877e-03 	 6.38454e-04 	 1.45031e-03 
2.068 	 2.05751e-03 	 6.28510e-04 	 1.42900e-03 
2.064 	 2.02698e-03 	 6.18824e-04 	 1.40815e-03 
2.061 	 1.99715e-03 	 6.09387e-04 	 1.38777e-03 
2.057 	 1.96802e-03 	 6.00192e-04 	 1.36782e-03 
2.054 	 1.93954e-03 	 5.91229e-04 	 1.34831e-03 
2.050 	 1.91171e-03 	 5.82491e-04 	 1.32922e-03 
2.047 	 1.88450e-03 	 5.73971e-04 	 1.31053e-03 
2.044 	 1.85789e-03 	 5.65662e-04 	 1.29223e-03 
2.040 	 1.83187e-03 	 5.57556e-04 	 1.27432e-03 
2.037 	 1.80642e-03 	 5.49648e-04 	 1.25677e-03 
2.033 	 1.78152e-03 	 5.41930e-04 	 1.23959e-03 
2.030 	 1.75716e-03 	 5.34398e-04 	 1.22276e-03 
2.027 	 1.73331e-03 	 5.27045e-04 	 1.20626e-03 
2.023 	 1.70997e-03 	 5.19865e-04 	 1.19010e-03 
2.020 	 1.68711e-03 	 5.12853e-04 	 1.17426e-03 
2.017 	 1.66473e-03 	 5.06004e-04 	 1.15873e-03 
2.014 	 1.64282e-03 	 4.99313e-04 	 1.14350e-03 
2.010 	 1.62135e-03 	 4.92776e-04 	 1.12857e-03 
2.007 	 1.60032e-03 	 4.86386e-04 	 1.11393e-03 
2.004 	 1.57971e-03 	 4.80141e-04 	 1.09957e-03 
2.000 	 1.55952e-03 	 4.74036e-04 	 1.08548e-03 
1.997 	 1.53972e-03 	 4.68067e-04 	 1.07166e-03 
1.994 	 1.52032e-03 	 4.62229e-04 	 1.05809e-03 
1.991 	 1.50130e-03 	 4.56519e-04 	 1.04478e-03 
1.988 	 1.48264e-03 	 4.50934e-04 	 1.03171e-03 
1.984 	 1.46435e-03 	 4.45471e-04 	 1.01888e-03 
1.981 	 1.44641e-03 	 4.40124e-04 	 1.00629e-03 
1.978 	 1.42881e-03 	 4.34892e-04 	 9.93919e-04 
1.975 	 1.41154e-03 	 4.29771e-04 	 9.81773e-04 
1.972 	 1.39460e-03 	 4.24759e-04 	 9.69844e-04 
1.969 	 1.37798e-03 	 4.19851e-04 	 9.58126e-04 
1.965 	 1.36166e-03 	 4.15046e-04 	 9.46614e-04 
1.962 	 1.34564e-03 	 4.10340e-04 	 9.35302e-04 
1.959 	 1.32992e-03 	 4.05731e-04 	 9.24187e-04 
1.956 	 1.31448e-03 	 4.01216e-04 	 9.13263e-04 
1.953 	 1.29932e-03 	 3.96793e-04 	 9.02527e-04 
1.950 	 1.28443e-03 	 3.92459e-04 	 8.91972e-04 
1.947 	 1.26981e-03 	 3.88212e-04 	 8.81596e-04 
1.944 	 1.25544e-03 	 3.84050e-04 	 8.71394e-04 
1.941 	 1.24133e-03 	 3.79969e-04 	 8.61361e-04 
1.938 	 1.22746e-03 	 3.75969e-04 	 8.51495e-04 
1.935 	 1.21384e-03 	 3.72047e-04 	 8.41791e-04 
1.932 	 1.20045e-03 	 3.68201e-04 	 8.32246e-04 
1.929 	 1.18729e-03 	 3.64429e-04 	 8.22856e-04 
1.926 	 1.17435e-03 	 3.60730e-04 	 8.13618e-04 
1.923 	 1.16163e-03 	 3.57101e-04 	 8.04528e-04 
1.920 	 1.14912e-03 	 3.53541e-04 	 7.95583e-04 
1.917 	 1.13683e-03 	 3.50048e-04 	 7.86780e-04 
1.914 	 1.12474e-03 	 3.46621e-04 	 7.78115e-04 
1.911 	 1.11284e-03 	 3.43258e-04 	 7.69587e-04 
1.908 	 1.10115e-03 	 3.39957e-04 	 7.61192e-04 
