Energy [eV] Ext Cross [um^2] Abs Cross [um^2] Sca Cross [um^2] 
2.756 	 7.72818e-04 	 7.25862e-04 	 4.69560e-05 
2.749 	 8.31225e-04 	 7.79196e-04 	 5.20290e-05 
2.743 	 8.96461e-04 	 8.38752e-04 	 5.77086e-05 
2.737 	 9.69556e-04 	 9.05472e-04 	 6.40844e-05 
2.731 	 1.05176e-03 	 9.80500e-04 	 7.12583e-05 
2.725 	 1.14456e-03 	 1.06522e-03 	 7.93447e-05 
2.719 	 1.24970e-03 	 1.16122e-03 	 8.84739e-05 
2.713 	 1.36913e-03 	 1.27033e-03 	 9.87931e-05 
2.707 	 1.50502e-03 	 1.39455e-03 	 1.10466e-04 
2.701 	 1.65967e-03 	 1.53600e-03 	 1.23671e-04 
2.695 	 1.83532e-03 	 1.69673e-03 	 1.38594e-04 
2.689 	 2.03407e-03 	 1.87864e-03 	 1.55423e-04 
2.684 	 2.25777e-03 	 2.08342e-03 	 1.74349e-04 
2.678 	 2.50833e-03 	 2.31277e-03 	 1.95556e-04 
2.672 	 2.78794e-03 	 2.56873e-03 	 2.19206e-04 
2.666 	 3.09923e-03 	 2.85385e-03 	 2.45376e-04 
2.660 	 3.44414e-03 	 3.17025e-03 	 2.73898e-04 
2.655 	 3.82093e-03 	 3.51681e-03 	 3.04112e-04 
2.649 	 4.21993e-03 	 3.88526e-03 	 3.34671e-04 
2.643 	 4.62155e-03 	 4.25785e-03 	 3.63696e-04 
2.638 	 5.00070e-03 	 4.61113e-03 	 3.89562e-04 
2.632 	 5.33948e-03 	 4.92729e-03 	 4.12185e-04 
2.627 	 5.64156e-03 	 5.20757e-03 	 4.33993e-04 
2.621 	 5.93655e-03 	 5.47690e-03 	 4.59643e-04 
2.615 	 6.26993e-03 	 5.77534e-03 	 4.94591e-04 
2.610 	 6.68722e-03 	 6.14358e-03 	 5.43641e-04 
2.604 	 7.22250e-03 	 6.61226e-03 	 6.10238e-04 
2.599 	 7.89330e-03 	 7.19701e-03 	 6.96294e-04 
2.593 	 8.69721e-03 	 7.89527e-03 	 8.01942e-04 
2.588 	 9.60658e-03 	 8.68176e-03 	 9.24816e-04 
2.583 	 1.05612e-02 	 9.50234e-03 	 1.05890e-03 
2.577 	 1.14642e-02 	 1.02706e-02 	 1.19353e-03 
2.572 	 1.21891e-02 	 1.08754e-02 	 1.31363e-03 
2.566 	 1.26081e-02 	 1.12056e-02 	 1.40248e-03 
2.561 	 1.26341e-02 	 1.11874e-02 	 1.44677e-03 
2.556 	 1.22563e-02 	 1.08149e-02 	 1.44146e-03 
2.550 	 1.15425e-02 	 1.01511e-02 	 1.39137e-03 
2.545 	 1.06082e-02 	 9.29984e-03 	 1.30833e-03 
2.540 	 9.57426e-03 	 8.36800e-03 	 1.20626e-03 
2.535 	 8.53729e-03 	 7.43998e-03 	 1.09731e-03 
2.530 	 7.55965e-03 	 6.56956e-03 	 9.90084e-04 
2.524 	 6.67357e-03 	 5.78388e-03 	 8.89692e-04 
2.519 	 5.89004e-03 	 5.09147e-03 	 7.98567e-04 
2.514 	 5.20735e-03 	 4.48994e-03 	 7.17407e-04 
2.509 	 4.61730e-03 	 3.97138e-03 	 6.45913e-04 
2.504 	 4.10916e-03 	 3.52586e-03 	 5.83295e-04 
2.499 	 3.67183e-03 	 3.14326e-03 	 5.28576e-04 
2.494 	 3.29495e-03 	 2.81419e-03 	 4.80757e-04 
2.489 	 2.96932e-03 	 2.53042e-03 	 4.38902e-04 
2.484 	 2.68703e-03 	 2.28485e-03 	 4.02177e-04 
2.479 	 2.44138e-03 	 2.07152e-03 	 3.69852e-04 
2.474 	 2.22674e-03 	 1.88543e-03 	 3.41302e-04 
2.469 	 2.03841e-03 	 1.72242e-03 	 3.15993e-04 
2.464 	 1.87249e-03 	 1.57902e-03 	 2.93474e-04 
2.459 	 1.72571e-03 	 1.45235e-03 	 2.73364e-04 
2.454 	 1.59535e-03 	 1.34001e-03 	 2.55339e-04 
2.449 	 1.47912e-03 	 1.23999e-03 	 2.39127e-04 
2.444 	 1.37511e-03 	 1.15062e-03 	 2.24496e-04 
2.440 	 1.28172e-03 	 1.07047e-03 	 2.11248e-04 
2.435 	 1.19757e-03 	 9.98356e-04 	 1.99215e-04 
2.430 	 1.12151e-03 	 9.33257e-04 	 1.88253e-04 
2.425 	 1.05255e-03 	 8.74311e-04 	 1.78238e-04 
2.420 	 9.89841e-04 	 8.20778e-04 	 1.69062e-04 
2.416 	 9.32661e-04 	 7.72027e-04 	 1.60634e-04 
2.411 	 8.80386e-04 	 7.27513e-04 	 1.52873e-04 
2.406 	 8.32474e-04 	 6.86765e-04 	 1.45710e-04 
2.402 	 7.88457e-04 	 6.49374e-04 	 1.39083e-04 
2.397 	 7.47924e-04 	 6.14985e-04 	 1.32939e-04 
2.392 	 7.10518e-04 	 5.83287e-04 	 1.27231e-04 
2.388 	 6.75927e-04 	 5.54010e-04 	 1.21917e-04 
2.383 	 6.43875e-04 	 5.26913e-04 	 1.16962e-04 
2.378 	 6.14121e-04 	 5.01788e-04 	 1.12332e-04 
2.374 	 5.86448e-04 	 4.78449e-04 	 1.07999e-04 
2.369 	 5.60668e-04 	 4.56730e-04 	 1.03938e-04 
2.365 	 5.36610e-04 	 4.36486e-04 	 1.00124e-04 
2.360 	 5.14125e-04 	 4.17586e-04 	 9.65382e-05 
2.356 	 4.93076e-04 	 3.99915e-04 	 9.31615e-05 
2.351 	 4.73345e-04 	 3.83367e-04 	 8.99773e-05 
2.347 	 4.54822e-04 	 3.67851e-04 	 8.69707e-05 
2.342 	 4.37410e-04 	 3.53282e-04 	 8.41282e-05 
2.338 	 4.21022e-04 	 3.39584e-04 	 8.14376e-05 
2.333 	 4.05578e-04 	 3.26691e-04 	 7.88877e-05 
2.329 	 3.91008e-04 	 3.14539e-04 	 7.64685e-05 
2.325 	 3.77245e-04 	 3.03074e-04 	 7.41709e-05 
2.320 	 3.64231e-04 	 2.92245e-04 	 7.19863e-05 
2.316 	 3.51912e-04 	 2.82005e-04 	 6.99071e-05 
2.312 	 3.40238e-04 	 2.72312e-04 	 6.79264e-05 
2.307 	 3.29166e-04 	 2.63128e-04 	 6.60376e-05 
2.303 	 3.18652e-04 	 2.54418e-04 	 6.42348e-05 
2.299 	 3.08662e-04 	 2.46149e-04 	 6.25127e-05 
2.294 	 2.99158e-04 	 2.38292e-04 	 6.08663e-05 
2.290 	 2.90111e-04 	 2.30820e-04 	 5.92908e-05 
2.286 	 2.81490e-04 	 2.23708e-04 	 5.77820e-05 
2.282 	 2.73269e-04 	 2.16933e-04 	 5.63361e-05 
2.277 	 2.65423e-04 	 2.10474e-04 	 5.49494e-05 
2.273 	 2.57930e-04 	 2.04311e-04 	 5.36184e-05 
2.269 	 2.50768e-04 	 1.98427e-04 	 5.23401e-05 
2.265 	 2.43918e-04 	 1.92806e-04 	 5.11117e-05 
2.261 	 2.37362e-04 	 1.87431e-04 	 4.99303e-05 
2.257 	 2.31083e-04 	 1.82289e-04 	 4.87935e-05 
2.252 	 2.25066e-04 	 1.77367e-04 	 4.76989e-05 
2.248 	 2.19295e-04 	 1.72651e-04 	 4.66443e-05 
2.244 	 2.13759e-04 	 1.68131e-04 	 4.56278e-05 
2.240 	 2.08443e-04 	 1.63796e-04 	 4.46473e-05 
2.236 	 2.03336e-04 	 1.59635e-04 	 4.37010e-05 
2.232 	 1.98427e-04 	 1.55640e-04 	 4.27874e-05 
2.228 	 1.93706e-04 	 1.51802e-04 	 4.19047e-05 
2.224 	 1.89163e-04 	 1.48112e-04 	 4.10516e-05 
2.220 	 1.84789e-04 	 1.44563e-04 	 4.02266e-05 
2.216 	 1.80576e-04 	 1.41147e-04 	 3.94284e-05 
2.212 	 1.76515e-04 	 1.37859e-04 	 3.86558e-05 
2.208 	 1.72599e-04 	 1.34691e-04 	 3.79077e-05 
2.204 	 1.68821e-04 	 1.31639e-04 	 3.71829e-05 
2.200 	 1.65176e-04 	 1.28695e-04 	 3.64804e-05 
2.196 	 1.61655e-04 	 1.25856e-04 	 3.57993e-05 
2.192 	 1.58255e-04 	 1.23116e-04 	 3.51386e-05 
2.189 	 1.54969e-04 	 1.20471e-04 	 3.44975e-05 
2.185 	 1.51792e-04 	 1.17917e-04 	 3.38751e-05 
2.181 	 1.48719e-04 	 1.15448e-04 	 3.32708e-05 
2.177 	 1.45746e-04 	 1.13062e-04 	 3.26837e-05 
2.173 	 1.42868e-04 	 1.10755e-04 	 3.21132e-05 
2.169 	 1.40082e-04 	 1.08523e-04 	 3.15585e-05 
2.166 	 1.37383e-04 	 1.06363e-04 	 3.10191e-05 
2.162 	 1.34767e-04 	 1.04273e-04 	 3.04944e-05 
2.158 	 1.32232e-04 	 1.02248e-04 	 2.99838e-05 
2.154 	 1.29773e-04 	 1.00286e-04 	 2.94868e-05 
2.150 	 1.27388e-04 	 9.83855e-05 	 2.90029e-05 
2.147 	 1.25074e-04 	 9.65428e-05 	 2.85315e-05 
2.143 	 1.22828e-04 	 9.47559e-05 	 2.80723e-05 
2.139 	 1.20647e-04 	 9.30225e-05 	 2.76247e-05 
2.136 	 1.18529e-04 	 9.13405e-05 	 2.71883e-05 
2.132 	 1.16471e-04 	 8.97079e-05 	 2.67629e-05 
2.128 	 1.14471e-04 	 8.81228e-05 	 2.63479e-05 
2.124 	 1.12526e-04 	 8.65833e-05 	 2.59430e-05 
2.121 	 1.10636e-04 	 8.50877e-05 	 2.55479e-05 
2.117 	 1.08796e-04 	 8.36343e-05 	 2.51622e-05 
2.114 	 1.07007e-04 	 8.22216e-05 	 2.47856e-05 
2.110 	 1.05266e-04 	 8.08480e-05 	 2.44178e-05 
2.106 	 1.03571e-04 	 7.95122e-05 	 2.40585e-05 
2.103 	 1.01920e-04 	 7.82126e-05 	 2.37075e-05 
2.099 	 1.00312e-04 	 7.69480e-05 	 2.33644e-05 
2.096 	 9.87463e-05 	 7.57172e-05 	 2.30291e-05 
2.092 	 9.72202e-05 	 7.45190e-05 	 2.27012e-05 
2.089 	 9.57327e-05 	 7.33522e-05 	 2.23805e-05 
2.085 	 9.42825e-05 	 7.22156e-05 	 2.20669e-05 
2.081 	 9.28684e-05 	 7.11084e-05 	 2.17600e-05 
2.078 	 9.14891e-05 	 7.00294e-05 	 2.14597e-05 
2.074 	 9.01435e-05 	 6.89777e-05 	 2.11658e-05 
2.071 	 8.88305e-05 	 6.79524e-05 	 2.08781e-05 
2.068 	 8.75490e-05 	 6.69525e-05 	 2.05964e-05 
2.064 	 8.62979e-05 	 6.59774e-05 	 2.03206e-05 
2.061 	 8.50764e-05 	 6.50261e-05 	 2.00503e-05 
2.057 	 8.38835e-05 	 6.40979e-05 	 1.97856e-05 
2.054 	 8.27182e-05 	 6.31920e-05 	 1.95262e-05 
2.050 	 8.15798e-05 	 6.23078e-05 	 1.92720e-05 
2.047 	 8.04674e-05 	 6.14445e-05 	 1.90229e-05 
2.044 	 7.93801e-05 	 6.06015e-05 	 1.87786e-05 
2.040 	 7.83172e-05 	 5.97781e-05 	 1.85391e-05 
2.037 	 7.72781e-05 	 5.89738e-05 	 1.83043e-05 
2.033 	 7.62619e-05 	 5.81880e-05 	 1.80739e-05 
2.030 	 7.52680e-05 	 5.74200e-05 	 1.78479e-05 
2.027 	 7.42957e-05 	 5.66694e-05 	 1.76262e-05 
2.023 	 7.33443e-05 	 5.59357e-05 	 1.74087e-05 
2.020 	 7.24134e-05 	 5.52182e-05 	 1.71952e-05 
2.017 	 7.15022e-05 	 5.45166e-05 	 1.69856e-05 
2.014 	 7.06103e-05 	 5.38304e-05 	 1.67798e-05 
2.010 	 6.97370e-05 	 5.31591e-05 	 1.65778e-05 
2.007 	 6.88818e-05 	 5.25024e-05 	 1.63795e-05 
2.004 	 6.80443e-05 	 5.18596e-05 	 1.61846e-05 
2.000 	 6.72239e-05 	 5.12306e-05 	 1.59933e-05 
1.997 	 6.64201e-05 	 5.06148e-05 	 1.58053e-05 
1.994 	 6.56326e-05 	 5.00120e-05 	 1.56206e-05 
1.991 	 6.48609e-05 	 4.94218e-05 	 1.54391e-05 
1.988 	 6.41045e-05 	 4.88438e-05 	 1.52607e-05 
1.984 	 6.33631e-05 	 4.82776e-05 	 1.50854e-05 
1.981 	 6.26362e-05 	 4.77231e-05 	 1.49131e-05 
1.978 	 6.19235e-05 	 4.71798e-05 	 1.47437e-05 
1.975 	 6.12247e-05 	 4.66475e-05 	 1.45771e-05 
1.972 	 6.05393e-05 	 4.61259e-05 	 1.44134e-05 
1.969 	 5.98670e-05 	 4.56147e-05 	 1.42523e-05 
1.965 	 5.92075e-05 	 4.51136e-05 	 1.40939e-05 
1.962 	 5.85604e-05 	 4.46224e-05 	 1.39380e-05 
1.959 	 5.79255e-05 	 4.41407e-05 	 1.37847e-05 
1.956 	 5.73024e-05 	 4.36685e-05 	 1.36339e-05 
1.953 	 5.66908e-05 	 4.32053e-05 	 1.34855e-05 
1.950 	 5.60904e-05 	 4.27510e-05 	 1.33395e-05 
1.947 	 5.55010e-05 	 4.23053e-05 	 1.31957e-05 
1.944 	 5.49223e-05 	 4.18681e-05 	 1.30542e-05 
1.941 	 5.43540e-05 	 4.14390e-05 	 1.29150e-05 
1.938 	 5.37959e-05 	 4.10180e-05 	 1.27778e-05 
1.935 	 5.32476e-05 	 4.06048e-05 	 1.26428e-05 
1.932 	 5.27091e-05 	 4.01992e-05 	 1.25099e-05 
1.929 	 5.21800e-05 	 3.98010e-05 	 1.23790e-05 
1.926 	 5.16601e-05 	 3.94100e-05 	 1.22501e-05 
1.923 	 5.11493e-05 	 3.90262e-05 	 1.21231e-05 
1.920 	 5.06472e-05 	 3.86492e-05 	 1.19980e-05 
1.917 	 5.01538e-05 	 3.82790e-05 	 1.18748e-05 
1.914 	 4.96688e-05 	 3.79154e-05 	 1.17534e-05 
1.911 	 4.91921e-05 	 3.75583e-05 	 1.16338e-05 
1.908 	 4.87234e-05 	 3.72075e-05 	 1.15159e-05 
