Energy [eV] Ext Cross [um^2] Abs Cross [um^2] Sca Cross [um^2] 
2.756 	 1.27193e-03 	 1.14398e-03 	 1.27958e-04 
2.749 	 1.35966e-03 	 1.21884e-03 	 1.40821e-04 
2.743 	 1.45655e-03 	 1.30149e-03 	 1.55062e-04 
2.737 	 1.56384e-03 	 1.39298e-03 	 1.70858e-04 
2.731 	 1.68300e-03 	 1.49459e-03 	 1.88405e-04 
2.725 	 1.81578e-03 	 1.60787e-03 	 2.07910e-04 
2.719 	 1.96414e-03 	 1.73454e-03 	 2.29599e-04 
2.713 	 2.13020e-03 	 1.87649e-03 	 2.53711e-04 
2.707 	 2.31609e-03 	 2.03561e-03 	 2.80488e-04 
2.701 	 2.52377e-03 	 2.21360e-03 	 3.10161e-04 
2.695 	 2.75447e-03 	 2.41154e-03 	 3.42930e-04 
2.689 	 3.00810e-03 	 2.62916e-03 	 3.78937e-04 
2.684 	 3.28236e-03 	 2.86407e-03 	 4.18288e-04 
2.678 	 3.57271e-03 	 3.11153e-03 	 4.61181e-04 
2.672 	 3.87433e-03 	 3.36615e-03 	 5.08187e-04 
2.666 	 4.18645e-03 	 3.62586e-03 	 5.60593e-04 
2.660 	 4.51621e-03 	 3.89573e-03 	 6.20479e-04 
2.655 	 4.87865e-03 	 4.18820e-03 	 6.90443e-04 
2.649 	 5.29272e-03 	 4.51952e-03 	 7.73196e-04 
2.643 	 5.77729e-03 	 4.90591e-03 	 8.71380e-04 
2.638 	 6.34955e-03 	 5.36188e-03 	 9.87671e-04 
2.632 	 7.02552e-03 	 5.90053e-03 	 1.12499e-03 
2.627 	 7.82109e-03 	 6.53444e-03 	 1.28665e-03 
2.621 	 8.75252e-03 	 7.27616e-03 	 1.47636e-03 
2.615 	 9.83606e-03 	 8.13794e-03 	 1.69813e-03 
2.610 	 1.10861e-02 	 9.13027e-03 	 1.95585e-03 
2.604 	 1.25116e-02 	 1.02590e-02 	 2.25262e-03 
2.599 	 1.41097e-02 	 1.15203e-02 	 2.58944e-03 
2.593 	 1.58571e-02 	 1.28938e-02 	 2.96337e-03 
2.588 	 1.76987e-02 	 1.43336e-02 	 3.36506e-03 
2.583 	 1.95368e-02 	 1.57605e-02 	 3.77624e-03 
2.577 	 2.12286e-02 	 1.70600e-02 	 4.16852e-03 
2.572 	 2.25981e-02 	 1.80928e-02 	 4.50524e-03 
2.566 	 2.34707e-02 	 1.87227e-02 	 4.74806e-03 
2.561 	 2.37224e-02 	 1.88553e-02 	 4.86710e-03 
2.556 	 2.33217e-02 	 1.84712e-02 	 4.85052e-03 
2.550 	 2.23404e-02 	 1.76322e-02 	 4.70814e-03 
2.545 	 2.09262e-02 	 1.64593e-02 	 4.46687e-03 
2.540 	 1.92544e-02 	 1.50931e-02 	 4.16135e-03 
2.535 	 1.74850e-02 	 1.36602e-02 	 3.82476e-03 
2.530 	 1.57387e-02 	 1.22554e-02 	 3.48337e-03 
2.524 	 1.40932e-02 	 1.09382e-02 	 3.15495e-03 
2.519 	 1.25894e-02 	 9.73962e-03 	 2.84978e-03 
2.514 	 1.12425e-02 	 8.66994e-03 	 2.57257e-03 
2.509 	 1.00513e-02 	 7.72696e-03 	 2.32437e-03 
2.504 	 9.00575e-03 	 6.90166e-03 	 2.10410e-03 
2.499 	 8.09155e-03 	 6.18200e-03 	 1.90955e-03 
2.494 	 7.29333e-03 	 5.55524e-03 	 1.73809e-03 
2.489 	 6.59614e-03 	 5.00912e-03 	 1.58702e-03 
2.484 	 5.98628e-03 	 4.53250e-03 	 1.45378e-03 
2.479 	 5.45161e-03 	 4.11556e-03 	 1.33604e-03 
2.474 	 4.98153e-03 	 3.74978e-03 	 1.23174e-03 
2.469 	 4.56695e-03 	 3.42786e-03 	 1.13909e-03 
2.464 	 4.20012e-03 	 3.14360e-03 	 1.05653e-03 
2.459 	 3.87444e-03 	 2.89172e-03 	 9.82725e-04 
2.454 	 3.58433e-03 	 2.66778e-03 	 9.16546e-04 
2.449 	 3.32503e-03 	 2.46802e-03 	 8.57014e-04 
2.444 	 3.09252e-03 	 2.28923e-03 	 8.03296e-04 
2.440 	 2.88338e-03 	 2.12871e-03 	 7.54676e-04 
2.435 	 2.69468e-03 	 1.98414e-03 	 7.10541e-04 
2.430 	 2.52391e-03 	 1.85355e-03 	 6.70363e-04 
2.425 	 2.36894e-03 	 1.73525e-03 	 6.33688e-04 
2.420 	 2.22791e-03 	 1.62779e-03 	 6.00120e-04 
2.416 	 2.09923e-03 	 1.52991e-03 	 5.69319e-04 
2.411 	 1.98153e-03 	 1.44054e-03 	 5.40989e-04 
2.406 	 1.87361e-03 	 1.35874e-03 	 5.14870e-04 
2.402 	 1.77443e-03 	 1.28369e-03 	 4.90736e-04 
2.397 	 1.68308e-03 	 1.21469e-03 	 4.68389e-04 
2.392 	 1.59877e-03 	 1.15111e-03 	 4.47654e-04 
2.388 	 1.52079e-03 	 1.09241e-03 	 4.28376e-04 
2.383 	 1.44853e-03 	 1.03811e-03 	 4.10420e-04 
2.378 	 1.38145e-03 	 9.87783e-04 	 3.93666e-04 
2.374 	 1.31906e-03 	 9.41057e-04 	 3.78005e-04 
2.369 	 1.26094e-03 	 8.97600e-04 	 3.63344e-04 
2.365 	 1.20671e-03 	 8.57117e-04 	 3.49595e-04 
2.360 	 1.15603e-03 	 8.19346e-04 	 3.36683e-04 
2.356 	 1.10859e-03 	 7.84049e-04 	 3.24539e-04 
2.351 	 1.06412e-03 	 7.51019e-04 	 3.13102e-04 
2.347 	 1.02238e-03 	 7.20065e-04 	 3.02315e-04 
2.342 	 9.83150e-04 	 6.91020e-04 	 2.92130e-04 
2.338 	 9.46230e-04 	 6.63730e-04 	 2.82499e-04 
2.333 	 9.11442e-04 	 6.38059e-04 	 2.73384e-04 
2.329 	 8.78625e-04 	 6.13880e-04 	 2.64745e-04 
2.325 	 8.47631e-04 	 5.91082e-04 	 2.56549e-04 
2.320 	 8.18327e-04 	 5.69561e-04 	 2.48766e-04 
2.316 	 7.90590e-04 	 5.49224e-04 	 2.41366e-04 
2.312 	 7.64310e-04 	 5.29987e-04 	 2.34323e-04 
2.307 	 7.39386e-04 	 5.11771e-04 	 2.27615e-04 
2.303 	 7.15724e-04 	 4.94505e-04 	 2.21219e-04 
2.299 	 6.93239e-04 	 4.78124e-04 	 2.15115e-04 
2.294 	 6.71855e-04 	 4.62569e-04 	 2.09285e-04 
2.290 	 6.51497e-04 	 4.47785e-04 	 2.03712e-04 
2.286 	 6.32102e-04 	 4.33722e-04 	 1.98380e-04 
2.282 	 6.13608e-04 	 4.20333e-04 	 1.93275e-04 
2.277 	 5.95959e-04 	 4.07576e-04 	 1.88383e-04 
2.273 	 5.79105e-04 	 3.95412e-04 	 1.83693e-04 
2.269 	 5.62997e-04 	 3.83805e-04 	 1.79192e-04 
2.265 	 5.47592e-04 	 3.72721e-04 	 1.74870e-04 
2.261 	 5.32849e-04 	 3.62131e-04 	 1.70718e-04 
2.257 	 5.18729e-04 	 3.52004e-04 	 1.66726e-04 
2.252 	 5.05199e-04 	 3.42314e-04 	 1.62885e-04 
2.248 	 4.92225e-04 	 3.33037e-04 	 1.59187e-04 
2.244 	 4.79776e-04 	 3.24150e-04 	 1.55626e-04 
2.240 	 4.67824e-04 	 3.15630e-04 	 1.52193e-04 
2.236 	 4.56342e-04 	 3.07458e-04 	 1.48884e-04 
2.232 	 4.45305e-04 	 2.99615e-04 	 1.45690e-04 
2.228 	 4.34691e-04 	 2.92083e-04 	 1.42607e-04 
2.224 	 4.24477e-04 	 2.84847e-04 	 1.39630e-04 
2.220 	 4.14643e-04 	 2.77890e-04 	 1.36753e-04 
2.216 	 4.05169e-04 	 2.71198e-04 	 1.33971e-04 
2.212 	 3.96039e-04 	 2.64758e-04 	 1.31281e-04 
2.208 	 3.87235e-04 	 2.58558e-04 	 1.28677e-04 
2.204 	 3.78742e-04 	 2.52586e-04 	 1.26156e-04 
2.200 	 3.70544e-04 	 2.46830e-04 	 1.23715e-04 
2.196 	 3.62629e-04 	 2.41280e-04 	 1.21349e-04 
2.192 	 3.54983e-04 	 2.35927e-04 	 1.19056e-04 
2.189 	 3.47593e-04 	 2.30761e-04 	 1.16832e-04 
2.185 	 3.40449e-04 	 2.25774e-04 	 1.14675e-04 
2.181 	 3.33539e-04 	 2.20958e-04 	 1.12581e-04 
2.177 	 3.26852e-04 	 2.16304e-04 	 1.10548e-04 
2.173 	 3.20380e-04 	 2.11806e-04 	 1.08574e-04 
2.169 	 3.14112e-04 	 2.07456e-04 	 1.06656e-04 
2.166 	 3.08040e-04 	 2.03249e-04 	 1.04791e-04 
2.162 	 3.02157e-04 	 1.99178e-04 	 1.02979e-04 
2.158 	 2.96453e-04 	 1.95236e-04 	 1.01216e-04 
2.154 	 2.90921e-04 	 1.91420e-04 	 9.95011e-05 
2.150 	 2.85555e-04 	 1.87723e-04 	 9.78321e-05 
2.147 	 2.80348e-04 	 1.84140e-04 	 9.62074e-05 
2.143 	 2.75293e-04 	 1.80667e-04 	 9.46252e-05 
2.139 	 2.70384e-04 	 1.77300e-04 	 9.30841e-05 
2.136 	 2.65616e-04 	 1.74033e-04 	 9.15824e-05 
2.132 	 2.60983e-04 	 1.70864e-04 	 9.01189e-05 
2.128 	 2.56480e-04 	 1.67788e-04 	 8.86921e-05 
2.124 	 2.52102e-04 	 1.64801e-04 	 8.73007e-05 
2.121 	 2.47844e-04 	 1.61901e-04 	 8.59435e-05 
2.117 	 2.43703e-04 	 1.59083e-04 	 8.46193e-05 
2.114 	 2.39672e-04 	 1.56345e-04 	 8.33270e-05 
2.110 	 2.35750e-04 	 1.53684e-04 	 8.20655e-05 
2.106 	 2.31931e-04 	 1.51097e-04 	 8.08338e-05 
2.103 	 2.28212e-04 	 1.48581e-04 	 7.96308e-05 
2.099 	 2.24589e-04 	 1.46134e-04 	 7.84557e-05 
2.096 	 2.21060e-04 	 1.43752e-04 	 7.73074e-05 
2.092 	 2.17620e-04 	 1.41435e-04 	 7.61853e-05 
2.089 	 2.14267e-04 	 1.39179e-04 	 7.50883e-05 
2.085 	 2.10997e-04 	 1.36982e-04 	 7.40157e-05 
2.081 	 2.07809e-04 	 1.34842e-04 	 7.29668e-05 
2.078 	 2.04698e-04 	 1.32758e-04 	 7.19408e-05 
2.074 	 2.01663e-04 	 1.30726e-04 	 7.09370e-05 
2.071 	 1.98702e-04 	 1.28747e-04 	 6.99548e-05 
2.068 	 1.95810e-04 	 1.26817e-04 	 6.89934e-05 
2.064 	 1.92988e-04 	 1.24935e-04 	 6.80522e-05 
2.061 	 1.90231e-04 	 1.23100e-04 	 6.71308e-05 
2.057 	 1.87539e-04 	 1.21310e-04 	 6.62284e-05 
2.054 	 1.84908e-04 	 1.19564e-04 	 6.53445e-05 
2.050 	 1.82338e-04 	 1.17860e-04 	 6.44786e-05 
2.047 	 1.79826e-04 	 1.16196e-04 	 6.36301e-05 
2.044 	 1.77371e-04 	 1.14572e-04 	 6.27987e-05 
2.040 	 1.74970e-04 	 1.12987e-04 	 6.19837e-05 
2.037 	 1.72623e-04 	 1.11438e-04 	 6.11848e-05 
2.033 	 1.70327e-04 	 1.09925e-04 	 6.04015e-05 
2.030 	 1.68081e-04 	 1.08448e-04 	 5.96333e-05 
2.027 	 1.65884e-04 	 1.07004e-04 	 5.88799e-05 
2.023 	 1.63733e-04 	 1.05592e-04 	 5.81408e-05 
2.020 	 1.61629e-04 	 1.04213e-04 	 5.74157e-05 
2.017 	 1.59568e-04 	 1.02864e-04 	 5.67042e-05 
2.014 	 1.57551e-04 	 1.01545e-04 	 5.60060e-05 
2.010 	 1.55576e-04 	 1.00255e-04 	 5.53206e-05 
2.007 	 1.53641e-04 	 9.89937e-05 	 5.46478e-05 
2.004 	 1.51747e-04 	 9.77593e-05 	 5.39872e-05 
2.000 	 1.49890e-04 	 9.65515e-05 	 5.33385e-05 
1.997 	 1.48071e-04 	 9.53695e-05 	 5.27015e-05 
1.994 	 1.46288e-04 	 9.42125e-05 	 5.20758e-05 
1.991 	 1.44541e-04 	 9.30800e-05 	 5.14612e-05 
1.988 	 1.42828e-04 	 9.19711e-05 	 5.08573e-05 
1.984 	 1.41149e-04 	 9.08854e-05 	 5.02639e-05 
1.981 	 1.39503e-04 	 8.98221e-05 	 4.96809e-05 
1.978 	 1.37888e-04 	 8.87806e-05 	 4.91078e-05 
1.975 	 1.36305e-04 	 8.77603e-05 	 4.85445e-05 
1.972 	 1.34752e-04 	 8.67608e-05 	 4.79907e-05 
1.969 	 1.33228e-04 	 8.57814e-05 	 4.74463e-05 
1.965 	 1.31733e-04 	 8.48216e-05 	 4.69110e-05 
1.962 	 1.30265e-04 	 8.38809e-05 	 4.63845e-05 
1.959 	 1.28826e-04 	 8.29587e-05 	 4.58668e-05 
1.956 	 1.27412e-04 	 8.20547e-05 	 4.53575e-05 
1.953 	 1.26025e-04 	 8.11682e-05 	 4.48565e-05 
1.950 	 1.24663e-04 	 8.02989e-05 	 4.43636e-05 
1.947 	 1.23325e-04 	 7.94463e-05 	 4.38786e-05 
1.944 	 1.22011e-04 	 7.86100e-05 	 4.34014e-05 
1.941 	 1.20721e-04 	 7.77896e-05 	 4.29317e-05 
1.938 	 1.19454e-04 	 7.69846e-05 	 4.24694e-05 
1.935 	 1.18209e-04 	 7.61947e-05 	 4.20143e-05 
1.932 	 1.16986e-04 	 7.54194e-05 	 4.15664e-05 
1.929 	 1.15784e-04 	 7.46586e-05 	 4.11253e-05 
1.926 	 1.14603e-04 	 7.39117e-05 	 4.06910e-05 
1.923 	 1.13442e-04 	 7.31785e-05 	 4.02634e-05 
1.920 	 1.12301e-04 	 7.24586e-05 	 3.98422e-05 
1.917 	 1.11179e-04 	 7.17517e-05 	 3.94275e-05 
1.914 	 1.10077e-04 	 7.10576e-05 	 3.90189e-05 
1.911 	 1.08992e-04 	 7.03759e-05 	 3.86164e-05 
1.908 	 1.07926e-04 	 6.97064e-05 	 3.82199e-05 
