Energy [eV] Ext Cross [um^2] Abs Cross [um^2] Sca Cross [um^2] 
2.756 	 3.16973e-03 	 2.61402e-03 	 5.55714e-04 
2.749 	 3.40172e-03 	 2.78867e-03 	 6.13052e-04 
2.743 	 3.65782e-03 	 2.98109e-03 	 6.76723e-04 
2.737 	 3.94116e-03 	 3.19356e-03 	 7.47593e-04 
2.731 	 4.25548e-03 	 3.42883e-03 	 8.26650e-04 
2.725 	 4.60524e-03 	 3.69023e-03 	 9.15008e-04 
2.719 	 4.99557e-03 	 3.98160e-03 	 1.01397e-03 
2.713 	 5.43231e-03 	 4.30726e-03 	 1.12505e-03 
2.707 	 5.92187e-03 	 4.67183e-03 	 1.25004e-03 
2.701 	 6.47099e-03 	 5.07995e-03 	 1.39105e-03 
2.695 	 7.08601e-03 	 5.53551e-03 	 1.55050e-03 
2.689 	 7.77199e-03 	 6.04075e-03 	 1.73124e-03 
2.684 	 8.53211e-03 	 6.59555e-03 	 1.93656e-03 
2.678 	 9.36839e-03 	 7.19809e-03 	 2.17031e-03 
2.672 	 1.02851e-02 	 7.84813e-03 	 2.43693e-03 
2.666 	 1.12934e-02 	 8.55183e-03 	 2.74155e-03 
2.660 	 1.24142e-02 	 9.32432e-03 	 3.08992e-03 
2.655 	 1.36756e-02 	 1.01872e-02 	 3.48839e-03 
2.649 	 1.51070e-02 	 1.11633e-02 	 3.94369e-03 
2.643 	 1.67343e-02 	 1.22717e-02 	 4.46255e-03 
2.638 	 1.85758e-02 	 1.35249e-02 	 5.05095e-03 
2.632 	 2.06390e-02 	 1.49260e-02 	 5.71298e-03 
2.627 	 2.29153e-02 	 1.64661e-02 	 6.44921e-03 
2.621 	 2.53737e-02 	 1.81188e-02 	 7.25480e-03 
2.615 	 2.79566e-02 	 1.98385e-02 	 8.11805e-03 
2.610 	 3.05795e-02 	 2.15599e-02 	 9.01959e-03 
2.604 	 3.31369e-02 	 2.32044e-02 	 9.93246e-03 
2.599 	 3.55091e-02 	 2.46873e-02 	 1.08218e-02 
2.593 	 3.75646e-02 	 2.59214e-02 	 1.16432e-02 
2.588 	 3.91605e-02 	 2.68177e-02 	 1.23428e-02 
2.583 	 4.01548e-02 	 2.72920e-02 	 1.28628e-02 
2.577 	 4.04370e-02 	 2.72833e-02 	 1.31537e-02 
2.572 	 3.99639e-02 	 2.67751e-02 	 1.31888e-02 
2.566 	 3.87791e-02 	 2.58072e-02 	 1.29719e-02 
2.561 	 3.70042e-02 	 2.44680e-02 	 1.25362e-02 
2.556 	 3.48067e-02 	 2.28731e-02 	 1.19337e-02 
2.550 	 3.23632e-02 	 2.11409e-02 	 1.12224e-02 
2.545 	 2.98297e-02 	 1.93736e-02 	 1.04562e-02 
2.540 	 2.73267e-02 	 1.76484e-02 	 9.67831e-03 
2.535 	 2.49365e-02 	 1.60166e-02 	 8.91992e-03 
2.530 	 2.27081e-02 	 1.45072e-02 	 8.20094e-03 
2.524 	 2.06651e-02 	 1.31326e-02 	 7.53247e-03 
2.519 	 1.88132e-02 	 1.18940e-02 	 6.91920e-03 
2.514 	 1.71474e-02 	 1.07858e-02 	 6.36159e-03 
2.509 	 1.56559e-02 	 9.79841e-03 	 5.85749e-03 
2.504 	 1.43239e-02 	 8.92058e-03 	 5.40330e-03 
2.499 	 1.31356e-02 	 8.14078e-03 	 4.99477e-03 
2.494 	 1.20753e-02 	 7.44784e-03 	 4.62748e-03 
2.489 	 1.11285e-02 	 6.83143e-03 	 4.29711e-03 
2.484 	 1.02819e-02 	 6.28223e-03 	 3.99964e-03 
2.479 	 9.52330e-03 	 5.79194e-03 	 3.73136e-03 
2.474 	 8.84226e-03 	 5.35329e-03 	 3.48897e-03 
2.469 	 8.22940e-03 	 4.95989e-03 	 3.26951e-03 
2.464 	 7.67659e-03 	 4.60620e-03 	 3.07039e-03 
2.459 	 7.17672e-03 	 4.28742e-03 	 2.88930e-03 
2.454 	 6.72360e-03 	 3.99937e-03 	 2.72423e-03 
2.449 	 6.31186e-03 	 3.73844e-03 	 2.57342e-03 
2.444 	 5.93684e-03 	 3.50151e-03 	 2.43532e-03 
2.440 	 5.59445e-03 	 3.28586e-03 	 2.30859e-03 
2.435 	 5.28114e-03 	 3.08912e-03 	 2.19203e-03 
2.430 	 4.99381e-03 	 2.90921e-03 	 2.08459e-03 
2.425 	 4.72971e-03 	 2.74435e-03 	 1.98536e-03 
2.420 	 4.48647e-03 	 2.59294e-03 	 1.89353e-03 
2.416 	 4.26199e-03 	 2.45362e-03 	 1.80837e-03 
2.411 	 4.05441e-03 	 2.32515e-03 	 1.72926e-03 
2.406 	 3.86210e-03 	 2.20647e-03 	 1.65563e-03 
2.402 	 3.68361e-03 	 2.09663e-03 	 1.58698e-03 
2.397 	 3.51766e-03 	 1.99480e-03 	 1.52286e-03 
2.392 	 3.36311e-03 	 1.90022e-03 	 1.46288e-03 
2.388 	 3.21894e-03 	 1.81224e-03 	 1.40669e-03 
2.383 	 3.08423e-03 	 1.73027e-03 	 1.35396e-03 
2.378 	 2.95820e-03 	 1.65378e-03 	 1.30442e-03 
2.374 	 2.84009e-03 	 1.58230e-03 	 1.25779e-03 
2.369 	 2.72926e-03 	 1.51541e-03 	 1.21386e-03 
2.365 	 2.62513e-03 	 1.45272e-03 	 1.17240e-03 
2.360 	 2.52715e-03 	 1.39390e-03 	 1.13325e-03 
2.356 	 2.43485e-03 	 1.33864e-03 	 1.09621e-03 
2.351 	 2.34779e-03 	 1.28666e-03 	 1.06113e-03 
2.347 	 2.26559e-03 	 1.23770e-03 	 1.02789e-03 
2.342 	 2.18788e-03 	 1.19155e-03 	 9.96333e-04 
2.338 	 2.11434e-03 	 1.14798e-03 	 9.66357e-04 
2.333 	 2.04467e-03 	 1.10682e-03 	 9.37851e-04 
2.329 	 1.97861e-03 	 1.06789e-03 	 9.10717e-04 
2.325 	 1.91590e-03 	 1.03103e-03 	 8.84863e-04 
2.320 	 1.85631e-03 	 9.96106e-04 	 8.60208e-04 
2.316 	 1.79965e-03 	 9.62978e-04 	 8.36675e-04 
2.312 	 1.74572e-03 	 9.31527e-04 	 8.14193e-04 
2.307 	 1.69434e-03 	 9.01643e-04 	 7.92698e-04 
2.303 	 1.64535e-03 	 8.73223e-04 	 7.72130e-04 
2.299 	 1.59861e-03 	 8.46174e-04 	 7.52434e-04 
2.294 	 1.55397e-03 	 8.20407e-04 	 7.33558e-04 
2.290 	 1.51130e-03 	 7.95845e-04 	 7.15455e-04 
2.286 	 1.47049e-03 	 7.72411e-04 	 6.98081e-04 
2.282 	 1.43143e-03 	 7.50039e-04 	 6.81395e-04 
2.277 	 1.39402e-03 	 7.28665e-04 	 6.65360e-04 
2.273 	 1.35817e-03 	 7.08232e-04 	 6.49939e-04 
2.269 	 1.32379e-03 	 6.88684e-04 	 6.35102e-04 
2.265 	 1.29079e-03 	 6.69972e-04 	 6.20816e-04 
2.261 	 1.25910e-03 	 6.52050e-04 	 6.07053e-04 
2.257 	 1.22866e-03 	 6.34873e-04 	 5.93788e-04 
2.252 	 1.19939e-03 	 6.18401e-04 	 5.80993e-04 
2.248 	 1.17124e-03 	 6.02596e-04 	 5.68648e-04 
2.244 	 1.14415e-03 	 5.87423e-04 	 5.56728e-04 
2.240 	 1.11806e-03 	 5.72848e-04 	 5.45214e-04 
2.236 	 1.09293e-03 	 5.58840e-04 	 5.34086e-04 
2.232 	 1.06870e-03 	 5.45371e-04 	 5.23326e-04 
2.228 	 1.04533e-03 	 5.32412e-04 	 5.12918e-04 
2.224 	 1.02278e-03 	 5.19938e-04 	 5.02844e-04 
2.220 	 1.00101e-03 	 5.07924e-04 	 4.93089e-04 
2.216 	 9.79990e-04 	 4.96350e-04 	 4.83640e-04 
2.212 	 9.59675e-04 	 4.85192e-04 	 4.74483e-04 
2.208 	 9.40037e-04 	 4.74432e-04 	 4.65605e-04 
2.204 	 9.21044e-04 	 4.64051e-04 	 4.56994e-04 
2.200 	 9.02669e-04 	 4.54031e-04 	 4.48639e-04 
2.196 	 8.84884e-04 	 4.44355e-04 	 4.40529e-04 
2.192 	 8.67663e-04 	 4.35009e-04 	 4.32654e-04 
2.189 	 8.50981e-04 	 4.25977e-04 	 4.25005e-04 
2.185 	 8.34816e-04 	 4.17245e-04 	 4.17572e-04 
2.181 	 8.19147e-04 	 4.08800e-04 	 4.10346e-04 
2.177 	 8.03951e-04 	 4.00631e-04 	 4.03320e-04 
2.173 	 7.89210e-04 	 3.92724e-04 	 3.96486e-04 
2.169 	 7.74905e-04 	 3.85069e-04 	 3.89836e-04 
2.166 	 7.61019e-04 	 3.77655e-04 	 3.83364e-04 
2.162 	 7.47534e-04 	 3.70472e-04 	 3.77062e-04 
2.158 	 7.34436e-04 	 3.63511e-04 	 3.70925e-04 
2.154 	 7.21708e-04 	 3.56763e-04 	 3.64945e-04 
2.150 	 7.09336e-04 	 3.50218e-04 	 3.59118e-04 
2.147 	 6.97307e-04 	 3.43869e-04 	 3.53438e-04 
2.143 	 6.85608e-04 	 3.37708e-04 	 3.47900e-04 
2.139 	 6.74226e-04 	 3.31728e-04 	 3.42498e-04 
2.136 	 6.63150e-04 	 3.25922e-04 	 3.37228e-04 
2.132 	 6.52368e-04 	 3.20283e-04 	 3.32085e-04 
2.128 	 6.41870e-04 	 3.14804e-04 	 3.27066e-04 
2.124 	 6.31645e-04 	 3.09480e-04 	 3.22165e-04 
2.121 	 6.21684e-04 	 3.04305e-04 	 3.17379e-04 
2.117 	 6.11977e-04 	 2.99273e-04 	 3.12704e-04 
2.114 	 6.02516e-04 	 2.94379e-04 	 3.08137e-04 
2.110 	 5.93292e-04 	 2.89619e-04 	 3.03674e-04 
2.106 	 5.84297e-04 	 2.84987e-04 	 2.99311e-04 
2.103 	 5.75523e-04 	 2.80478e-04 	 2.95045e-04 
2.099 	 5.66963e-04 	 2.76089e-04 	 2.90874e-04 
2.096 	 5.58609e-04 	 2.71815e-04 	 2.86794e-04 
2.092 	 5.50455e-04 	 2.67653e-04 	 2.82802e-04 
2.089 	 5.42494e-04 	 2.63598e-04 	 2.78896e-04 
2.085 	 5.34720e-04 	 2.59646e-04 	 2.75074e-04 
2.081 	 5.27126e-04 	 2.55795e-04 	 2.71332e-04 
2.078 	 5.19708e-04 	 2.52040e-04 	 2.67668e-04 
2.074 	 5.12460e-04 	 2.48379e-04 	 2.64080e-04 
2.071 	 5.05375e-04 	 2.44809e-04 	 2.60566e-04 
2.068 	 4.98450e-04 	 2.41326e-04 	 2.57124e-04 
2.064 	 4.91679e-04 	 2.37928e-04 	 2.53751e-04 
2.061 	 4.85057e-04 	 2.34612e-04 	 2.50445e-04 
2.057 	 4.78580e-04 	 2.31375e-04 	 2.47205e-04 
2.054 	 4.72245e-04 	 2.28216e-04 	 2.44029e-04 
2.050 	 4.66045e-04 	 2.25130e-04 	 2.40915e-04 
2.047 	 4.59978e-04 	 2.22117e-04 	 2.37861e-04 
2.044 	 4.54040e-04 	 2.19174e-04 	 2.34866e-04 
2.040 	 4.48227e-04 	 2.16299e-04 	 2.31928e-04 
2.037 	 4.42535e-04 	 2.13490e-04 	 2.29045e-04 
2.033 	 4.36960e-04 	 2.10744e-04 	 2.26216e-04 
2.030 	 4.31501e-04 	 2.08060e-04 	 2.23440e-04 
2.027 	 4.26152e-04 	 2.05437e-04 	 2.20715e-04 
2.023 	 4.20912e-04 	 2.02871e-04 	 2.18041e-04 
2.020 	 4.15777e-04 	 2.00362e-04 	 2.15414e-04 
2.017 	 4.10744e-04 	 1.97908e-04 	 2.12835e-04 
2.014 	 4.05810e-04 	 1.95508e-04 	 2.10303e-04 
2.010 	 4.00973e-04 	 1.93159e-04 	 2.07815e-04 
2.007 	 3.96231e-04 	 1.90860e-04 	 2.05371e-04 
2.004 	 3.91580e-04 	 1.88610e-04 	 2.02970e-04 
2.000 	 3.87018e-04 	 1.86408e-04 	 2.00610e-04 
1.997 	 3.82543e-04 	 1.84251e-04 	 1.98291e-04 
1.994 	 3.78153e-04 	 1.82140e-04 	 1.96012e-04 
1.991 	 3.73845e-04 	 1.80073e-04 	 1.93772e-04 
1.988 	 3.69617e-04 	 1.78048e-04 	 1.91570e-04 
1.984 	 3.65468e-04 	 1.76064e-04 	 1.89404e-04 
1.981 	 3.61396e-04 	 1.74121e-04 	 1.87275e-04 
1.978 	 3.57398e-04 	 1.72217e-04 	 1.85181e-04 
1.975 	 3.53472e-04 	 1.70351e-04 	 1.83121e-04 
1.972 	 3.49618e-04 	 1.68523e-04 	 1.81095e-04 
1.969 	 3.45833e-04 	 1.66730e-04 	 1.79102e-04 
1.965 	 3.42115e-04 	 1.64974e-04 	 1.77141e-04 
1.962 	 3.38463e-04 	 1.63251e-04 	 1.75212e-04 
1.959 	 3.34875e-04 	 1.61562e-04 	 1.73313e-04 
1.956 	 3.31350e-04 	 1.59906e-04 	 1.71444e-04 
1.953 	 3.27886e-04 	 1.58281e-04 	 1.69605e-04 
1.950 	 3.24482e-04 	 1.56688e-04 	 1.67794e-04 
1.947 	 3.21136e-04 	 1.55124e-04 	 1.66011e-04 
1.944 	 3.17847e-04 	 1.53591e-04 	 1.64256e-04 
1.941 	 3.14613e-04 	 1.52086e-04 	 1.62528e-04 
1.938 	 3.11434e-04 	 1.50609e-04 	 1.60826e-04 
1.935 	 3.08308e-04 	 1.49159e-04 	 1.59150e-04 
1.932 	 3.05234e-04 	 1.47736e-04 	 1.57499e-04 
1.929 	 3.02211e-04 	 1.46339e-04 	 1.55872e-04 
1.926 	 2.99237e-04 	 1.44967e-04 	 1.54270e-04 
1.923 	 2.96311e-04 	 1.43620e-04 	 1.52691e-04 
1.920 	 2.93433e-04 	 1.42297e-04 	 1.51136e-04 
1.917 	 2.90602e-04 	 1.40999e-04 	 1.49603e-04 
1.914 	 2.87816e-04 	 1.39723e-04 	 1.48093e-04 
1.911 	 2.85074e-04 	 1.38470e-04 	 1.46604e-04 
1.908 	 2.82376e-04 	 1.37239e-04 	 1.45137e-04 
