Energy [eV] Ext Cross [um^2] Abs Cross [um^2] Sca Cross [um^2] 
2.756 	 1.16475e-03 	 1.04936e-03 	 1.15381e-04 
2.749 	 1.24414e-03 	 1.11768e-03 	 1.26464e-04 
2.743 	 1.33240e-03 	 1.19372e-03 	 1.38679e-04 
2.737 	 1.43088e-03 	 1.27871e-03 	 1.52166e-04 
2.731 	 1.54125e-03 	 1.37417e-03 	 1.67077e-04 
2.725 	 1.66557e-03 	 1.48200e-03 	 1.83569e-04 
2.719 	 1.80620e-03 	 1.60440e-03 	 2.01802e-04 
2.713 	 1.96585e-03 	 1.74393e-03 	 2.21925e-04 
2.707 	 2.14746e-03 	 1.90341e-03 	 2.44055e-04 
2.701 	 2.35398e-03 	 2.08575e-03 	 2.68229e-04 
2.695 	 2.58792e-03 	 2.29358e-03 	 2.94334e-04 
2.689 	 2.85048e-03 	 2.52849e-03 	 3.21995e-04 
2.684 	 3.13994e-03 	 2.78950e-03 	 3.50433e-04 
2.678 	 3.44888e-03 	 3.07057e-03 	 3.78318e-04 
2.672 	 3.76130e-03 	 3.35750e-03 	 4.03796e-04 
2.666 	 4.05210e-03 	 3.62716e-03 	 4.24939e-04 
2.660 	 4.29316e-03 	 3.85239e-03 	 4.40768e-04 
2.655 	 4.46625e-03 	 4.01384e-03 	 4.52408e-04 
2.649 	 4.57510e-03 	 4.11173e-03 	 4.63376e-04 
2.643 	 4.64573e-03 	 4.16730e-03 	 4.78431e-04 
2.638 	 4.71444e-03 	 4.21256e-03 	 5.01881e-04 
2.632 	 4.81432e-03 	 4.27769e-03 	 5.36629e-04 
2.627 	 4.96891e-03 	 4.38462e-03 	 5.84281e-04 
2.621 	 5.19278e-03 	 4.54702e-03 	 6.45765e-04 
2.615 	 5.49504e-03 	 4.77312e-03 	 7.21921e-04 
2.610 	 5.88264e-03 	 5.06876e-03 	 8.13881e-04 
2.604 	 6.36270e-03 	 5.43945e-03 	 9.23254e-04 
2.599 	 6.94378e-03 	 5.89156e-03 	 1.05222e-03 
2.593 	 7.63643e-03 	 6.43289e-03 	 1.20355e-03 
2.588 	 8.45321e-03 	 7.07265e-03 	 1.38055e-03 
2.583 	 9.40827e-03 	 7.82122e-03 	 1.58705e-03 
2.577 	 1.05163e-02 	 8.68920e-03 	 1.82713e-03 
2.572 	 1.17906e-02 	 9.68583e-03 	 2.10478e-03 
2.566 	 1.32393e-02 	 1.08161e-02 	 2.42317e-03 
2.561 	 1.48600e-02 	 1.20765e-02 	 2.78349e-03 
2.556 	 1.66314e-02 	 1.34483e-02 	 3.18316e-03 
2.550 	 1.85037e-02 	 1.48902e-02 	 3.61356e-03 
2.545 	 2.03886e-02 	 1.63309e-02 	 4.05768e-03 
2.540 	 2.21555e-02 	 1.76669e-02 	 4.48866e-03 
2.535 	 2.36404e-02 	 1.87694e-02 	 4.87096e-03 
2.530 	 2.46726e-02 	 1.95069e-02 	 5.16571e-03 
2.524 	 2.51175e-02 	 1.97778e-02 	 5.33967e-03 
2.519 	 2.49178e-02 	 1.95429e-02 	 5.37489e-03 
2.514 	 2.41123e-02 	 1.88382e-02 	 5.27413e-03 
2.509 	 2.28214e-02 	 1.77625e-02 	 5.05892e-03 
2.504 	 2.12073e-02 	 1.64454e-02 	 4.76188e-03 
2.499 	 1.94320e-02 	 1.50145e-02 	 4.41753e-03 
2.494 	 1.76285e-02 	 1.35730e-02 	 4.05558e-03 
2.489 	 1.58901e-02 	 1.21921e-02 	 3.69793e-03 
2.484 	 1.42725e-02 	 1.09139e-02 	 3.35864e-03 
2.479 	 1.28028e-02 	 9.75742e-03 	 3.04538e-03 
2.474 	 1.14879e-02 	 8.72669e-03 	 2.76125e-03 
2.469 	 1.03231e-02 	 7.81662e-03 	 2.50647e-03 
2.464 	 9.29700e-03 	 7.01742e-03 	 2.27957e-03 
2.459 	 8.39568e-03 	 6.31741e-03 	 2.07827e-03 
2.454 	 7.60460e-03 	 5.70465e-03 	 1.89995e-03 
2.449 	 6.90987e-03 	 5.16789e-03 	 1.74198e-03 
2.444 	 6.29882e-03 	 4.69692e-03 	 1.60190e-03 
2.440 	 5.76018e-03 	 4.28273e-03 	 1.47745e-03 
2.435 	 5.28412e-03 	 3.91748e-03 	 1.36664e-03 
2.430 	 4.86214e-03 	 3.59443e-03 	 1.26771e-03 
2.425 	 4.48696e-03 	 3.30781e-03 	 1.17915e-03 
2.420 	 4.15234e-03 	 3.05271e-03 	 1.09963e-03 
2.416 	 3.85297e-03 	 2.82494e-03 	 1.02803e-03 
2.411 	 3.58430e-03 	 2.62094e-03 	 9.63364e-04 
2.406 	 3.34245e-03 	 2.43766e-03 	 9.04797e-04 
2.402 	 3.12410e-03 	 2.27250e-03 	 8.51603e-04 
2.397 	 2.92641e-03 	 2.12325e-03 	 8.03157e-04 
2.392 	 2.74691e-03 	 1.98799e-03 	 7.58919e-04 
2.388 	 2.58349e-03 	 1.86507e-03 	 7.18418e-04 
2.383 	 2.43434e-03 	 1.75309e-03 	 6.81249e-04 
2.378 	 2.29787e-03 	 1.65082e-03 	 6.47056e-04 
2.374 	 2.17271e-03 	 1.55718e-03 	 6.15530e-04 
2.369 	 2.05767e-03 	 1.47127e-03 	 5.86399e-04 
2.365 	 1.95168e-03 	 1.39226e-03 	 5.59425e-04 
2.360 	 1.85384e-03 	 1.31945e-03 	 5.34398e-04 
2.356 	 1.76335e-03 	 1.25221e-03 	 5.11132e-04 
2.351 	 1.67947e-03 	 1.19001e-03 	 4.89465e-04 
2.347 	 1.60160e-03 	 1.13235e-03 	 4.69250e-04 
2.342 	 1.52917e-03 	 1.07882e-03 	 4.50358e-04 
2.338 	 1.46170e-03 	 1.02902e-03 	 4.32674e-04 
2.333 	 1.39873e-03 	 9.82633e-04 	 4.16095e-04 
2.329 	 1.33988e-03 	 9.39350e-04 	 4.00528e-04 
2.325 	 1.28479e-03 	 8.98903e-04 	 3.85891e-04 
2.320 	 1.23316e-03 	 8.61053e-04 	 3.72109e-04 
2.316 	 1.18470e-03 	 8.25583e-04 	 3.59115e-04 
2.312 	 1.13915e-03 	 7.92299e-04 	 3.46848e-04 
2.307 	 1.09628e-03 	 7.61025e-04 	 3.35253e-04 
2.303 	 1.05589e-03 	 7.31605e-04 	 3.24280e-04 
2.299 	 1.01778e-03 	 7.03894e-04 	 3.13885e-04 
2.294 	 9.81787e-04 	 6.77762e-04 	 3.04024e-04 
2.290 	 9.47756e-04 	 6.53093e-04 	 2.94662e-04 
2.286 	 9.15543e-04 	 6.29779e-04 	 2.85764e-04 
2.282 	 8.85021e-04 	 6.07722e-04 	 2.77298e-04 
2.277 	 8.56071e-04 	 5.86835e-04 	 2.69236e-04 
2.273 	 8.28587e-04 	 5.67036e-04 	 2.61552e-04 
2.269 	 8.02471e-04 	 5.48251e-04 	 2.54221e-04 
2.265 	 7.77633e-04 	 5.30413e-04 	 2.47221e-04 
2.261 	 7.53990e-04 	 5.13458e-04 	 2.40531e-04 
2.257 	 7.31465e-04 	 4.97331e-04 	 2.34134e-04 
2.252 	 7.09988e-04 	 4.81978e-04 	 2.28010e-04 
2.248 	 6.89496e-04 	 4.67350e-04 	 2.22145e-04 
2.244 	 6.69926e-04 	 4.53403e-04 	 2.16523e-04 
2.240 	 6.51225e-04 	 4.40095e-04 	 2.11131e-04 
2.236 	 6.33341e-04 	 4.27386e-04 	 2.05955e-04 
2.232 	 6.16225e-04 	 4.15243e-04 	 2.00983e-04 
2.228 	 5.99834e-04 	 4.03631e-04 	 1.96204e-04 
2.224 	 5.84127e-04 	 3.92519e-04 	 1.91608e-04 
2.220 	 5.69065e-04 	 3.81880e-04 	 1.87185e-04 
2.216 	 5.54612e-04 	 3.71686e-04 	 1.82926e-04 
2.212 	 5.40736e-04 	 3.61914e-04 	 1.78823e-04 
2.208 	 5.27406e-04 	 3.52539e-04 	 1.74867e-04 
2.204 	 5.14593e-04 	 3.43541e-04 	 1.71051e-04 
2.200 	 5.02270e-04 	 3.34900e-04 	 1.67369e-04 
2.196 	 4.90412e-04 	 3.26597e-04 	 1.63814e-04 
2.192 	 4.78995e-04 	 3.18615e-04 	 1.60380e-04 
2.189 	 4.67998e-04 	 3.10937e-04 	 1.57061e-04 
2.185 	 4.57400e-04 	 3.03548e-04 	 1.53852e-04 
2.181 	 4.47181e-04 	 2.96434e-04 	 1.50747e-04 
2.177 	 4.37324e-04 	 2.89581e-04 	 1.47743e-04 
2.173 	 4.27810e-04 	 2.82976e-04 	 1.44834e-04 
2.169 	 4.18624e-04 	 2.76608e-04 	 1.42016e-04 
2.166 	 4.09751e-04 	 2.70466e-04 	 1.39285e-04 
2.162 	 4.01176e-04 	 2.64538e-04 	 1.36638e-04 
2.158 	 3.92886e-04 	 2.58815e-04 	 1.34071e-04 
2.154 	 3.84868e-04 	 2.53288e-04 	 1.31580e-04 
2.150 	 3.77110e-04 	 2.47948e-04 	 1.29163e-04 
2.147 	 3.69601e-04 	 2.42785e-04 	 1.26816e-04 
2.143 	 3.62329e-04 	 2.37793e-04 	 1.24536e-04 
2.139 	 3.55285e-04 	 2.32964e-04 	 1.22321e-04 
2.136 	 3.48459e-04 	 2.28291e-04 	 1.20168e-04 
2.132 	 3.41842e-04 	 2.23767e-04 	 1.18075e-04 
2.128 	 3.35426e-04 	 2.19386e-04 	 1.16040e-04 
2.124 	 3.29201e-04 	 2.15142e-04 	 1.14059e-04 
2.121 	 3.23162e-04 	 2.11030e-04 	 1.12132e-04 
2.117 	 3.17299e-04 	 2.07043e-04 	 1.10256e-04 
2.114 	 3.11606e-04 	 2.03177e-04 	 1.08429e-04 
2.110 	 3.06076e-04 	 1.99427e-04 	 1.06649e-04 
2.106 	 3.00704e-04 	 1.95788e-04 	 1.04916e-04 
2.103 	 2.95482e-04 	 1.92256e-04 	 1.03226e-04 
2.099 	 2.90406e-04 	 1.88827e-04 	 1.01578e-04 
2.096 	 2.85469e-04 	 1.85497e-04 	 9.99721e-05 
2.092 	 2.80667e-04 	 1.82262e-04 	 9.84053e-05 
2.089 	 2.75995e-04 	 1.79118e-04 	 9.68767e-05 
2.085 	 2.71448e-04 	 1.76063e-04 	 9.53850e-05 
2.081 	 2.67020e-04 	 1.73092e-04 	 9.39289e-05 
2.078 	 2.62709e-04 	 1.70202e-04 	 9.25072e-05 
2.074 	 2.58510e-04 	 1.67391e-04 	 9.11188e-05 
2.071 	 2.54419e-04 	 1.64656e-04 	 8.97626e-05 
2.068 	 2.50432e-04 	 1.61994e-04 	 8.84375e-05 
2.064 	 2.46545e-04 	 1.59403e-04 	 8.71426e-05 
2.061 	 2.42756e-04 	 1.56879e-04 	 8.58769e-05 
2.057 	 2.39061e-04 	 1.54422e-04 	 8.46395e-05 
2.054 	 2.35456e-04 	 1.52027e-04 	 8.34294e-05 
2.050 	 2.31940e-04 	 1.49694e-04 	 8.22458e-05 
2.047 	 2.28508e-04 	 1.47420e-04 	 8.10880e-05 
2.044 	 2.25158e-04 	 1.45203e-04 	 7.99551e-05 
2.040 	 2.21888e-04 	 1.43041e-04 	 7.88464e-05 
2.037 	 2.18694e-04 	 1.40933e-04 	 7.77612e-05 
2.033 	 2.15575e-04 	 1.38876e-04 	 7.66987e-05 
2.030 	 2.12528e-04 	 1.36870e-04 	 7.56583e-05 
2.027 	 2.09551e-04 	 1.34912e-04 	 7.46393e-05 
2.023 	 2.06641e-04 	 1.33000e-04 	 7.36412e-05 
2.020 	 2.03797e-04 	 1.31134e-04 	 7.26633e-05 
2.017 	 2.01017e-04 	 1.29312e-04 	 7.17051e-05 
2.014 	 1.98298e-04 	 1.27532e-04 	 7.07659e-05 
2.010 	 1.95639e-04 	 1.25794e-04 	 6.98454e-05 
2.007 	 1.93038e-04 	 1.24095e-04 	 6.89429e-05 
2.004 	 1.90493e-04 	 1.22435e-04 	 6.80579e-05 
2.000 	 1.88003e-04 	 1.20813e-04 	 6.71900e-05 
1.997 	 1.85566e-04 	 1.19227e-04 	 6.63388e-05 
1.994 	 1.83180e-04 	 1.17676e-04 	 6.55037e-05 
1.991 	 1.80845e-04 	 1.16160e-04 	 6.46844e-05 
1.988 	 1.78558e-04 	 1.14677e-04 	 6.38804e-05 
1.984 	 1.76318e-04 	 1.13227e-04 	 6.30914e-05 
1.981 	 1.74124e-04 	 1.11807e-04 	 6.23169e-05 
1.978 	 1.71975e-04 	 1.10419e-04 	 6.15566e-05 
1.975 	 1.69870e-04 	 1.09060e-04 	 6.08102e-05 
1.972 	 1.67807e-04 	 1.07730e-04 	 6.00772e-05 
1.969 	 1.65785e-04 	 1.06428e-04 	 5.93573e-05 
1.965 	 1.63803e-04 	 1.05153e-04 	 5.86503e-05 
1.962 	 1.61860e-04 	 1.03905e-04 	 5.79557e-05 
1.959 	 1.59955e-04 	 1.02682e-04 	 5.72733e-05 
1.956 	 1.58087e-04 	 1.01485e-04 	 5.66028e-05 
1.953 	 1.56255e-04 	 1.00311e-04 	 5.59439e-05 
1.950 	 1.54458e-04 	 9.91620e-05 	 5.52963e-05 
1.947 	 1.52695e-04 	 9.80357e-05 	 5.46597e-05 
1.944 	 1.50966e-04 	 9.69318e-05 	 5.40339e-05 
1.941 	 1.49268e-04 	 9.58497e-05 	 5.34187e-05 
1.938 	 1.47603e-04 	 9.47888e-05 	 5.28137e-05 
1.935 	 1.45967e-04 	 9.37487e-05 	 5.22188e-05 
1.932 	 1.44362e-04 	 9.27287e-05 	 5.16336e-05 
1.929 	 1.42786e-04 	 9.17284e-05 	 5.10581e-05 
1.926 	 1.41239e-04 	 9.07472e-05 	 5.04919e-05 
1.923 	 1.39720e-04 	 8.97848e-05 	 4.99349e-05 
1.920 	 1.38227e-04 	 8.88405e-05 	 4.93868e-05 
1.917 	 1.36761e-04 	 8.79140e-05 	 4.88475e-05 
1.914 	 1.35322e-04 	 8.70049e-05 	 4.83167e-05 
1.911 	 1.33907e-04 	 8.61126e-05 	 4.77943e-05 
1.908 	 1.32517e-04 	 8.52369e-05 	 4.72801e-05 
