Energy [eV] Ext Cross [um^2] Abs Cross [um^2] Sca Cross [um^2] 
2.756 	 2.92137e-03 	 2.37015e-03 	 5.51218e-04 
2.749 	 3.12228e-03 	 2.51731e-03 	 6.04972e-04 
2.743 	 3.34293e-03 	 2.67872e-03 	 6.64215e-04 
2.737 	 3.58576e-03 	 2.85613e-03 	 7.29632e-04 
2.731 	 3.85369e-03 	 3.05170e-03 	 8.01992e-04 
2.725 	 4.15018e-03 	 3.26804e-03 	 8.82137e-04 
2.719 	 4.47914e-03 	 3.50812e-03 	 9.71024e-04 
2.713 	 4.84493e-03 	 3.77519e-03 	 1.06974e-03 
2.707 	 5.25212e-03 	 4.07259e-03 	 1.17953e-03 
2.701 	 5.70513e-03 	 4.40333e-03 	 1.30179e-03 
2.695 	 6.20733e-03 	 4.76925e-03 	 1.43807e-03 
2.689 	 6.75996e-03 	 5.16985e-03 	 1.59010e-03 
2.684 	 7.36111e-03 	 5.60122e-03 	 1.75989e-03 
2.678 	 8.00630e-03 	 6.05640e-03 	 1.94990e-03 
2.672 	 8.69213e-03 	 6.52887e-03 	 2.16326e-03 
2.666 	 9.42239e-03 	 7.01840e-03 	 2.40399e-03 
2.660 	 1.02121e-02 	 7.53515e-03 	 2.67690e-03 
2.655 	 1.10854e-02 	 8.09798e-03 	 2.98738e-03 
2.649 	 1.20699e-02 	 8.72865e-03 	 3.34121e-03 
2.643 	 1.31913e-02 	 9.44685e-03 	 3.74448e-03 
2.638 	 1.44721e-02 	 1.02685e-02 	 4.20359e-03 
2.632 	 1.59311e-02 	 1.12059e-02 	 4.72520e-03 
2.627 	 1.75847e-02 	 1.22687e-02 	 5.31600e-03 
2.621 	 1.94455e-02 	 1.34633e-02 	 5.98224e-03 
2.615 	 2.15212e-02 	 1.47921e-02 	 6.72908e-03 
2.610 	 2.38102e-02 	 1.62511e-02 	 7.55916e-03 
2.604 	 2.62961e-02 	 1.78258e-02 	 8.47029e-03 
2.599 	 2.89393e-02 	 1.94870e-02 	 9.45222e-03 
2.593 	 3.16683e-02 	 2.11852e-02 	 1.04832e-02 
2.588 	 3.43740e-02 	 2.28470e-02 	 1.15270e-02 
2.583 	 3.69092e-02 	 2.43764e-02 	 1.25327e-02 
2.577 	 3.90993e-02 	 2.56617e-02 	 1.34375e-02 
2.572 	 4.07648e-02 	 2.65906e-02 	 1.41742e-02 
2.566 	 4.17537e-02 	 2.70711e-02 	 1.46826e-02 
2.561 	 4.19748e-02 	 2.70526e-02 	 1.49221e-02 
2.556 	 4.14195e-02 	 2.65384e-02 	 1.48810e-02 
2.550 	 4.01624e-02 	 2.55846e-02 	 1.45778e-02 
2.545 	 3.83410e-02 	 2.42855e-02 	 1.40555e-02 
2.540 	 3.61238e-02 	 2.27529e-02 	 1.33709e-02 
2.535 	 3.36784e-02 	 2.10954e-02 	 1.25830e-02 
2.530 	 3.11493e-02 	 1.94049e-02 	 1.17444e-02 
2.524 	 2.86479e-02 	 1.77506e-02 	 1.08973e-02 
2.519 	 2.62508e-02 	 1.61791e-02 	 1.00718e-02 
2.514 	 2.40051e-02 	 1.47174e-02 	 9.28763e-03 
2.509 	 2.19344e-02 	 1.33784e-02 	 8.55600e-03 
2.504 	 2.00463e-02 	 1.21644e-02 	 7.88189e-03 
2.499 	 1.83376e-02 	 1.10715e-02 	 7.26609e-03 
2.494 	 1.67987e-02 	 1.00920e-02 	 6.70674e-03 
2.489 	 1.54167e-02 	 9.21623e-03 	 6.20043e-03 
2.484 	 1.41772e-02 	 8.43422e-03 	 5.74300e-03 
2.479 	 1.30660e-02 	 7.73597e-03 	 5.33003e-03 
2.474 	 1.20692e-02 	 7.11208e-03 	 4.95714e-03 
2.469 	 1.11741e-02 	 6.55395e-03 	 4.62018e-03 
2.464 	 1.03691e-02 	 6.05382e-03 	 4.31529e-03 
2.459 	 9.64382e-03 	 5.60482e-03 	 4.03900e-03 
2.454 	 8.98905e-03 	 5.20088e-03 	 3.78817e-03 
2.449 	 8.39668e-03 	 4.83668e-03 	 3.56001e-03 
2.444 	 7.85962e-03 	 4.50757e-03 	 3.35205e-03 
2.440 	 7.37161e-03 	 4.20950e-03 	 3.16211e-03 
2.435 	 6.92718e-03 	 3.93892e-03 	 2.98826e-03 
2.430 	 6.52155e-03 	 3.69274e-03 	 2.82881e-03 
2.425 	 6.15050e-03 	 3.46825e-03 	 2.68225e-03 
2.420 	 5.81037e-03 	 3.26310e-03 	 2.54727e-03 
2.416 	 5.49793e-03 	 3.07522e-03 	 2.42270e-03 
2.411 	 5.21032e-03 	 2.90280e-03 	 2.30752e-03 
2.406 	 4.94507e-03 	 2.74425e-03 	 2.20081e-03 
2.402 	 4.69995e-03 	 2.59818e-03 	 2.10177e-03 
2.397 	 4.47301e-03 	 2.46334e-03 	 2.00968e-03 
2.392 	 4.26254e-03 	 2.33864e-03 	 1.92390e-03 
2.388 	 4.06699e-03 	 2.22311e-03 	 1.84387e-03 
2.383 	 3.88499e-03 	 2.11591e-03 	 1.76909e-03 
2.378 	 3.71535e-03 	 2.01626e-03 	 1.69909e-03 
2.374 	 3.55696e-03 	 1.92349e-03 	 1.63347e-03 
2.369 	 3.40887e-03 	 1.83700e-03 	 1.57187e-03 
2.365 	 3.27020e-03 	 1.75623e-03 	 1.51397e-03 
2.360 	 3.14016e-03 	 1.68070e-03 	 1.45946e-03 
2.356 	 3.01807e-03 	 1.60998e-03 	 1.40809e-03 
2.351 	 2.90327e-03 	 1.54367e-03 	 1.35960e-03 
2.347 	 2.79520e-03 	 1.48141e-03 	 1.31378e-03 
2.342 	 2.69334e-03 	 1.42290e-03 	 1.27044e-03 
2.338 	 2.59722e-03 	 1.36783e-03 	 1.22939e-03 
2.333 	 2.50642e-03 	 1.31595e-03 	 1.19047e-03 
2.329 	 2.42055e-03 	 1.26701e-03 	 1.15354e-03 
2.325 	 2.33925e-03 	 1.22081e-03 	 1.11844e-03 
2.320 	 2.26221e-03 	 1.17714e-03 	 1.08507e-03 
2.316 	 2.18912e-03 	 1.13583e-03 	 1.05330e-03 
2.312 	 2.11972e-03 	 1.09670e-03 	 1.02302e-03 
2.307 	 2.05376e-03 	 1.05961e-03 	 9.94155e-04 
2.303 	 1.99102e-03 	 1.02442e-03 	 9.66599e-04 
2.299 	 1.93128e-03 	 9.91002e-04 	 9.40276e-04 
2.294 	 1.87435e-03 	 9.59239e-04 	 9.15108e-04 
2.290 	 1.82005e-03 	 9.29025e-04 	 8.91027e-04 
2.286 	 1.76823e-03 	 9.00260e-04 	 8.67968e-04 
2.282 	 1.71872e-03 	 8.72853e-04 	 8.45870e-04 
2.277 	 1.67140e-03 	 8.46720e-04 	 8.24680e-04 
2.273 	 1.62613e-03 	 8.21785e-04 	 8.04345e-04 
2.269 	 1.58279e-03 	 7.97976e-04 	 7.84818e-04 
2.265 	 1.54128e-03 	 7.75226e-04 	 7.66055e-04 
2.261 	 1.50149e-03 	 7.53474e-04 	 7.48015e-04 
2.257 	 1.46332e-03 	 7.32663e-04 	 7.30659e-04 
2.252 	 1.42669e-03 	 7.12740e-04 	 7.13952e-04 
2.248 	 1.39151e-03 	 6.93655e-04 	 6.97859e-04 
2.244 	 1.35771e-03 	 6.75362e-04 	 6.82350e-04 
2.240 	 1.32521e-03 	 6.57818e-04 	 6.67395e-04 
2.236 	 1.29395e-03 	 6.40982e-04 	 6.52966e-04 
2.232 	 1.26385e-03 	 6.24817e-04 	 6.39038e-04 
2.228 	 1.23487e-03 	 6.09287e-04 	 6.25586e-04 
2.224 	 1.20695e-03 	 5.94360e-04 	 6.12588e-04 
2.220 	 1.18003e-03 	 5.80004e-04 	 6.00023e-04 
2.216 	 1.15406e-03 	 5.66191e-04 	 5.87869e-04 
2.212 	 1.12900e-03 	 5.52893e-04 	 5.76109e-04 
2.208 	 1.10481e-03 	 5.40086e-04 	 5.64724e-04 
2.204 	 1.08144e-03 	 5.27745e-04 	 5.53698e-04 
2.200 	 1.05886e-03 	 5.15848e-04 	 5.43015e-04 
2.196 	 1.03704e-03 	 5.04375e-04 	 5.32660e-04 
2.192 	 1.01592e-03 	 4.93305e-04 	 5.22619e-04 
2.189 	 9.95499e-04 	 4.82619e-04 	 5.12879e-04 
2.185 	 9.75728e-04 	 4.72301e-04 	 5.03427e-04 
2.181 	 9.56585e-04 	 4.62333e-04 	 4.94251e-04 
2.177 	 9.38041e-04 	 4.52700e-04 	 4.85341e-04 
2.173 	 9.20071e-04 	 4.43387e-04 	 4.76684e-04 
2.169 	 9.02651e-04 	 4.34380e-04 	 4.68271e-04 
2.166 	 8.85758e-04 	 4.25666e-04 	 4.60092e-04 
2.162 	 8.69371e-04 	 4.17232e-04 	 4.52139e-04 
2.158 	 8.53468e-04 	 4.09066e-04 	 4.44402e-04 
2.154 	 8.38030e-04 	 4.01157e-04 	 4.36874e-04 
2.150 	 8.23040e-04 	 3.93494e-04 	 4.29545e-04 
2.147 	 8.08478e-04 	 3.86068e-04 	 4.22410e-04 
2.143 	 7.94328e-04 	 3.78868e-04 	 4.15460e-04 
2.139 	 7.80575e-04 	 3.71885e-04 	 4.08689e-04 
2.136 	 7.67202e-04 	 3.65112e-04 	 4.02091e-04 
2.132 	 7.54197e-04 	 3.58538e-04 	 3.95659e-04 
2.128 	 7.41545e-04 	 3.52158e-04 	 3.89387e-04 
2.124 	 7.29233e-04 	 3.45962e-04 	 3.83270e-04 
2.121 	 7.17248e-04 	 3.39945e-04 	 3.77303e-04 
2.117 	 7.05579e-04 	 3.34100e-04 	 3.71479e-04 
2.114 	 6.94214e-04 	 3.28419e-04 	 3.65796e-04 
2.110 	 6.83143e-04 	 3.22897e-04 	 3.60247e-04 
2.106 	 6.72355e-04 	 3.17528e-04 	 3.54828e-04 
2.103 	 6.61841e-04 	 3.12306e-04 	 3.49535e-04 
2.099 	 6.51590e-04 	 3.07226e-04 	 3.44364e-04 
2.096 	 6.41594e-04 	 3.02283e-04 	 3.39310e-04 
2.092 	 6.31844e-04 	 2.97473e-04 	 3.34371e-04 
2.089 	 6.22332e-04 	 2.92789e-04 	 3.29543e-04 
2.085 	 6.13050e-04 	 2.88229e-04 	 3.24821e-04 
2.081 	 6.03990e-04 	 2.83787e-04 	 3.20203e-04 
2.078 	 5.95145e-04 	 2.79459e-04 	 3.15685e-04 
2.074 	 5.86508e-04 	 2.75243e-04 	 3.11265e-04 
2.071 	 5.78072e-04 	 2.71133e-04 	 3.06939e-04 
2.068 	 5.69831e-04 	 2.67126e-04 	 3.02705e-04 
2.064 	 5.61779e-04 	 2.63220e-04 	 2.98560e-04 
2.061 	 5.53910e-04 	 2.59410e-04 	 2.94501e-04 
2.057 	 5.46219e-04 	 2.55693e-04 	 2.90526e-04 
2.054 	 5.38699e-04 	 2.52067e-04 	 2.86632e-04 
2.050 	 5.31345e-04 	 2.48528e-04 	 2.82817e-04 
2.047 	 5.24153e-04 	 2.45075e-04 	 2.79079e-04 
2.044 	 5.17118e-04 	 2.41703e-04 	 2.75415e-04 
2.040 	 5.10235e-04 	 2.38411e-04 	 2.71824e-04 
2.037 	 5.03500e-04 	 2.35196e-04 	 2.68303e-04 
2.033 	 4.96907e-04 	 2.32056e-04 	 2.64851e-04 
2.030 	 4.90454e-04 	 2.28988e-04 	 2.61466e-04 
2.027 	 4.84136e-04 	 2.25990e-04 	 2.58145e-04 
2.023 	 4.77948e-04 	 2.23060e-04 	 2.54888e-04 
2.020 	 4.71889e-04 	 2.20197e-04 	 2.51692e-04 
2.017 	 4.65953e-04 	 2.17397e-04 	 2.48556e-04 
2.014 	 4.60138e-04 	 2.14659e-04 	 2.45478e-04 
2.010 	 4.54439e-04 	 2.11982e-04 	 2.42457e-04 
2.007 	 4.48855e-04 	 2.09364e-04 	 2.39491e-04 
2.004 	 4.43381e-04 	 2.06802e-04 	 2.36579e-04 
2.000 	 4.38015e-04 	 2.04295e-04 	 2.33719e-04 
1.997 	 4.32754e-04 	 2.01842e-04 	 2.30911e-04 
1.994 	 4.27594e-04 	 1.99442e-04 	 2.28153e-04 
1.991 	 4.22535e-04 	 1.97092e-04 	 2.25443e-04 
1.988 	 4.17572e-04 	 1.94791e-04 	 2.22781e-04 
1.984 	 4.12703e-04 	 1.92539e-04 	 2.20165e-04 
1.981 	 4.07927e-04 	 1.90333e-04 	 2.17594e-04 
1.978 	 4.03240e-04 	 1.88173e-04 	 2.15067e-04 
1.975 	 3.98640e-04 	 1.86056e-04 	 2.12584e-04 
1.972 	 3.94126e-04 	 1.83983e-04 	 2.10142e-04 
1.969 	 3.89694e-04 	 1.81952e-04 	 2.07742e-04 
1.965 	 3.85343e-04 	 1.79962e-04 	 2.05381e-04 
1.962 	 3.81072e-04 	 1.78011e-04 	 2.03060e-04 
1.959 	 3.76877e-04 	 1.76100e-04 	 2.00777e-04 
1.956 	 3.72757e-04 	 1.74225e-04 	 1.98532e-04 
1.953 	 3.68711e-04 	 1.72388e-04 	 1.96323e-04 
1.950 	 3.64736e-04 	 1.70586e-04 	 1.94150e-04 
1.947 	 3.60831e-04 	 1.68819e-04 	 1.92011e-04 
1.944 	 3.56993e-04 	 1.67086e-04 	 1.89907e-04 
1.941 	 3.53223e-04 	 1.65386e-04 	 1.87836e-04 
1.938 	 3.49517e-04 	 1.63718e-04 	 1.85798e-04 
1.935 	 3.45874e-04 	 1.62082e-04 	 1.83792e-04 
1.932 	 3.42293e-04 	 1.60476e-04 	 1.81817e-04 
1.929 	 3.38773e-04 	 1.58900e-04 	 1.79872e-04 
1.926 	 3.35311e-04 	 1.57354e-04 	 1.77958e-04 
1.923 	 3.31908e-04 	 1.55835e-04 	 1.76072e-04 
1.920 	 3.28561e-04 	 1.54345e-04 	 1.74216e-04 
1.917 	 3.25269e-04 	 1.52882e-04 	 1.72387e-04 
1.914 	 3.22031e-04 	 1.51445e-04 	 1.70586e-04 
1.911 	 3.18846e-04 	 1.50034e-04 	 1.68812e-04 
1.908 	 3.15712e-04 	 1.48649e-04 	 1.67064e-04 
