Energy [eV] Ext Cross [um^2] Abs Cross [um^2] Sca Cross [um^2] 
2.756 	 2.08410e-04 	 2.05693e-04 	 2.71739e-06 
2.749 	 2.26093e-04 	 2.23039e-04 	 3.05416e-06 
2.743 	 2.46006e-04 	 2.42567e-04 	 3.43907e-06 
2.737 	 2.68508e-04 	 2.64627e-04 	 3.88086e-06 
2.731 	 2.94041e-04 	 2.89651e-04 	 4.39007e-06 
2.725 	 3.23151e-04 	 3.18171e-04 	 4.97941e-06 
2.719 	 3.56499e-04 	 3.50834e-04 	 5.66451e-06 
2.713 	 3.94893e-04 	 3.88429e-04 	 6.46474e-06 
2.707 	 4.39323e-04 	 4.31919e-04 	 7.40423e-06 
2.701 	 4.90997e-04 	 4.82484e-04 	 8.51315e-06 
2.695 	 5.51390e-04 	 5.41561e-04 	 9.82912e-06 
2.689 	 6.22301e-04 	 6.10902e-04 	 1.13991e-05 
2.684 	 7.05937e-04 	 6.92656e-04 	 1.32817e-05 
2.678 	 8.05011e-04 	 7.89461e-04 	 1.55499e-05 
2.672 	 9.22831e-04 	 9.04538e-04 	 1.82934e-05 
2.666 	 1.06330e-03 	 1.04168e-03 	 2.16194e-05 
2.660 	 1.23069e-03 	 1.20504e-03 	 2.56494e-05 
2.655 	 1.42903e-03 	 1.39852e-03 	 3.05080e-05 
2.649 	 1.66092e-03 	 1.62462e-03 	 3.62959e-05 
2.643 	 1.92524e-03 	 1.88221e-03 	 4.30366e-05 
2.638 	 2.21367e-03 	 2.16309e-03 	 5.05865e-05 
2.632 	 2.50644e-03 	 2.44792e-03 	 5.85185e-05 
2.627 	 2.76981e-03 	 2.70378e-03 	 6.60333e-05 
2.621 	 2.96001e-03 	 2.88799e-03 	 7.20211e-05 
2.615 	 3.03699e-03 	 2.96161e-03 	 7.53788e-05 
2.610 	 2.98294e-03 	 2.90745e-03 	 7.54897e-05 
2.604 	 2.81193e-03 	 2.73940e-03 	 7.25258e-05 
2.599 	 2.56194e-03 	 2.49463e-03 	 6.73160e-05 
2.593 	 2.27667e-03 	 2.21576e-03 	 6.09164e-05 
2.588 	 1.99105e-03 	 1.93682e-03 	 5.42288e-05 
2.583 	 1.72638e-03 	 1.67853e-03 	 4.78444e-05 
2.577 	 1.49224e-03 	 1.45017e-03 	 4.20650e-05 
2.572 	 1.29066e-03 	 1.25367e-03 	 3.69935e-05 
2.566 	 1.11965e-03 	 1.08704e-03 	 3.26195e-05 
2.561 	 9.75570e-04 	 9.46691e-04 	 2.88792e-05 
2.556 	 8.54395e-04 	 8.28704e-04 	 2.56908e-05 
2.550 	 7.52356e-04 	 7.29384e-04 	 2.29718e-05 
2.545 	 6.66155e-04 	 6.45507e-04 	 2.06473e-05 
2.540 	 5.93014e-04 	 5.74361e-04 	 1.86526e-05 
2.535 	 5.30644e-04 	 5.13710e-04 	 1.69331e-05 
2.530 	 4.77176e-04 	 4.61733e-04 	 1.54435e-05 
2.524 	 4.31094e-04 	 4.16947e-04 	 1.41465e-05 
2.519 	 3.91166e-04 	 3.78154e-04 	 1.30117e-05 
2.514 	 3.56393e-04 	 3.44379e-04 	 1.20138e-05 
2.509 	 3.25958e-04 	 3.14826e-04 	 1.11322e-05 
2.504 	 2.99193e-04 	 2.88843e-04 	 1.03496e-05 
2.499 	 2.75548e-04 	 2.65896e-04 	 9.65204e-06 
2.494 	 2.54568e-04 	 2.45541e-04 	 9.02757e-06 
2.489 	 2.35878e-04 	 2.27412e-04 	 8.46634e-06 
2.484 	 2.19162e-04 	 2.11202e-04 	 7.96006e-06 
2.479 	 2.04158e-04 	 1.96656e-04 	 7.50173e-06 
2.474 	 1.90643e-04 	 1.83558e-04 	 7.08541e-06 
2.469 	 1.78430e-04 	 1.71724e-04 	 6.70604e-06 
2.464 	 1.67358e-04 	 1.60998e-04 	 6.35931e-06 
2.459 	 1.57291e-04 	 1.51250e-04 	 6.04149e-06 
2.454 	 1.48113e-04 	 1.42363e-04 	 5.74938e-06 
2.449 	 1.39722e-04 	 1.34242e-04 	 5.48023e-06 
2.444 	 1.32033e-04 	 1.26801e-04 	 5.23161e-06 
2.440 	 1.24969e-04 	 1.19968e-04 	 5.00145e-06 
2.435 	 1.18466e-04 	 1.13678e-04 	 4.78790e-06 
2.430 	 1.12465e-04 	 1.07876e-04 	 4.58934e-06 
2.425 	 1.06917e-04 	 1.02512e-04 	 4.40436e-06 
2.420 	 1.01777e-04 	 9.75450e-05 	 4.23170e-06 
2.416 	 9.70060e-05 	 9.29357e-05 	 4.07025e-06 
2.411 	 9.25701e-05 	 8.86511e-05 	 3.91902e-06 
2.406 	 8.84386e-05 	 8.46615e-05 	 3.77713e-06 
2.402 	 8.45842e-05 	 8.09405e-05 	 3.64379e-06 
2.397 	 8.09828e-05 	 7.74645e-05 	 3.51830e-06 
2.392 	 7.76126e-05 	 7.42126e-05 	 3.40002e-06 
2.388 	 7.44543e-05 	 7.11659e-05 	 3.28839e-06 
2.383 	 7.14903e-05 	 6.83075e-05 	 3.18288e-06 
2.378 	 6.87052e-05 	 6.56221e-05 	 3.08304e-06 
2.374 	 6.60847e-05 	 6.30962e-05 	 2.98845e-06 
2.369 	 6.36161e-05 	 6.07174e-05 	 2.89872e-06 
2.365 	 6.12879e-05 	 5.84743e-05 	 2.81352e-06 
2.360 	 5.90895e-05 	 5.63569e-05 	 2.73252e-06 
2.356 	 5.70114e-05 	 5.43560e-05 	 2.65543e-06 
2.351 	 5.50449e-05 	 5.24629e-05 	 2.58199e-06 
2.347 	 5.31823e-05 	 5.06703e-05 	 2.51197e-06 
2.342 	 5.14162e-05 	 4.89711e-05 	 2.44514e-06 
2.338 	 4.97401e-05 	 4.73588e-05 	 2.38129e-06 
2.333 	 4.81480e-05 	 4.58278e-05 	 2.32025e-06 
2.329 	 4.66344e-05 	 4.43725e-05 	 2.26183e-06 
2.325 	 4.51941e-05 	 4.29882e-05 	 2.20589e-06 
2.320 	 4.38225e-05 	 4.16702e-05 	 2.15227e-06 
2.316 	 4.25152e-05 	 4.04143e-05 	 2.10084e-06 
2.312 	 4.12682e-05 	 3.92168e-05 	 2.05147e-06 
2.307 	 4.00780e-05 	 3.80739e-05 	 2.00405e-06 
2.303 	 3.89409e-05 	 3.69825e-05 	 1.95846e-06 
2.299 	 3.78540e-05 	 3.59394e-05 	 1.91461e-06 
2.294 	 3.68142e-05 	 3.49418e-05 	 1.87241e-06 
2.290 	 3.58188e-05 	 3.39871e-05 	 1.83176e-06 
2.286 	 3.48654e-05 	 3.30728e-05 	 1.79259e-06 
2.282 	 3.39514e-05 	 3.21966e-05 	 1.75481e-06 
2.277 	 3.30748e-05 	 3.13565e-05 	 1.71837e-06 
2.273 	 3.22336e-05 	 3.05505e-05 	 1.68318e-06 
2.269 	 3.14259e-05 	 2.97767e-05 	 1.64919e-06 
2.265 	 3.06499e-05 	 2.90336e-05 	 1.61635e-06 
2.261 	 2.99040e-05 	 2.83194e-05 	 1.58460e-06 
2.257 	 2.91866e-05 	 2.76327e-05 	 1.55388e-06 
2.252 	 2.84963e-05 	 2.69721e-05 	 1.52415e-06 
2.248 	 2.78317e-05 	 2.63363e-05 	 1.49536e-06 
2.244 	 2.71916e-05 	 2.57241e-05 	 1.46747e-06 
2.240 	 2.65747e-05 	 2.51343e-05 	 1.44045e-06 
2.236 	 2.59800e-05 	 2.45658e-05 	 1.41424e-06 
2.232 	 2.54064e-05 	 2.40175e-05 	 1.38883e-06 
2.228 	 2.48528e-05 	 2.34886e-05 	 1.36416e-06 
2.224 	 2.43183e-05 	 2.29781e-05 	 1.34022e-06 
2.220 	 2.38021e-05 	 2.24852e-05 	 1.31697e-06 
2.216 	 2.33033e-05 	 2.20090e-05 	 1.29438e-06 
2.212 	 2.28212e-05 	 2.15488e-05 	 1.27242e-06 
2.208 	 2.23549e-05 	 2.11038e-05 	 1.25107e-06 
2.204 	 2.19038e-05 	 2.06735e-05 	 1.23031e-06 
2.200 	 2.14672e-05 	 2.02571e-05 	 1.21011e-06 
2.196 	 2.10446e-05 	 1.98541e-05 	 1.19046e-06 
2.192 	 2.06352e-05 	 1.94639e-05 	 1.17132e-06 
2.189 	 2.02386e-05 	 1.90860e-05 	 1.15268e-06 
2.185 	 1.98543e-05 	 1.87198e-05 	 1.13452e-06 
2.181 	 1.94817e-05 	 1.83649e-05 	 1.11683e-06 
2.177 	 1.91203e-05 	 1.80207e-05 	 1.09958e-06 
2.173 	 1.87698e-05 	 1.76870e-05 	 1.08276e-06 
2.169 	 1.84296e-05 	 1.73632e-05 	 1.06636e-06 
2.166 	 1.80993e-05 	 1.70490e-05 	 1.05036e-06 
2.162 	 1.77787e-05 	 1.67439e-05 	 1.03474e-06 
2.158 	 1.74672e-05 	 1.64477e-05 	 1.01950e-06 
2.154 	 1.71646e-05 	 1.61599e-05 	 1.00461e-06 
2.150 	 1.68704e-05 	 1.58804e-05 	 9.90079e-07 
2.147 	 1.65845e-05 	 1.56086e-05 	 9.75879e-07 
2.143 	 1.63065e-05 	 1.53445e-05 	 9.62005e-07 
2.139 	 1.60360e-05 	 1.50876e-05 	 9.48444e-07 
2.136 	 1.57729e-05 	 1.48377e-05 	 9.35188e-07 
2.132 	 1.55168e-05 	 1.45946e-05 	 9.22226e-07 
2.128 	 1.52675e-05 	 1.43580e-05 	 9.09549e-07 
2.124 	 1.50248e-05 	 1.41276e-05 	 8.97147e-07 
2.121 	 1.47884e-05 	 1.39034e-05 	 8.85013e-07 
2.117 	 1.45581e-05 	 1.36850e-05 	 8.73138e-07 
2.114 	 1.43337e-05 	 1.34722e-05 	 8.61514e-07 
2.110 	 1.41150e-05 	 1.32649e-05 	 8.50134e-07 
2.106 	 1.39018e-05 	 1.30628e-05 	 8.38989e-07 
2.103 	 1.36939e-05 	 1.28659e-05 	 8.28074e-07 
2.099 	 1.34912e-05 	 1.26738e-05 	 8.17381e-07 
2.096 	 1.32934e-05 	 1.24865e-05 	 8.06904e-07 
2.092 	 1.31005e-05 	 1.23038e-05 	 7.96636e-07 
2.089 	 1.29122e-05 	 1.21256e-05 	 7.86572e-07 
2.085 	 1.27284e-05 	 1.19517e-05 	 7.76706e-07 
2.081 	 1.25489e-05 	 1.17819e-05 	 7.67032e-07 
2.078 	 1.23737e-05 	 1.16161e-05 	 7.57544e-07 
2.074 	 1.22025e-05 	 1.14543e-05 	 7.48239e-07 
2.071 	 1.20353e-05 	 1.12962e-05 	 7.39109e-07 
2.068 	 1.18720e-05 	 1.11418e-05 	 7.30152e-07 
2.064 	 1.17123e-05 	 1.09910e-05 	 7.21362e-07 
2.061 	 1.15563e-05 	 1.08436e-05 	 7.12735e-07 
2.057 	 1.14038e-05 	 1.06995e-05 	 7.04266e-07 
2.054 	 1.12546e-05 	 1.05587e-05 	 6.95952e-07 
2.050 	 1.11088e-05 	 1.04210e-05 	 6.87787e-07 
2.047 	 1.09661e-05 	 1.02863e-05 	 6.79770e-07 
2.044 	 1.08265e-05 	 1.01547e-05 	 6.71894e-07 
2.040 	 1.06900e-05 	 1.00258e-05 	 6.64158e-07 
2.037 	 1.05564e-05 	 9.89982e-06 	 6.56557e-07 
2.033 	 1.04256e-05 	 9.77651e-06 	 6.49089e-07 
2.030 	 1.02976e-05 	 9.65583e-06 	 6.41749e-07 
2.027 	 1.01722e-05 	 9.53771e-06 	 6.34535e-07 
2.023 	 1.00495e-05 	 9.42207e-06 	 6.27444e-07 
2.020 	 9.92932e-06 	 9.30884e-06 	 6.20472e-07 
2.017 	 9.81158e-06 	 9.19797e-06 	 6.13617e-07 
2.014 	 9.69624e-06 	 9.08937e-06 	 6.06875e-07 
2.010 	 9.58324e-06 	 8.98299e-06 	 6.00246e-07 
2.007 	 9.47250e-06 	 8.87877e-06 	 5.93724e-07 
2.004 	 9.36396e-06 	 8.77665e-06 	 5.87309e-07 
2.000 	 9.25757e-06 	 8.67657e-06 	 5.80997e-07 
1.997 	 9.15327e-06 	 8.57849e-06 	 5.74787e-07 
1.994 	 9.05101e-06 	 8.48234e-06 	 5.68676e-07 
1.991 	 8.95074e-06 	 8.38808e-06 	 5.62661e-07 
1.988 	 8.85240e-06 	 8.29566e-06 	 5.56741e-07 
1.984 	 8.75595e-06 	 8.20503e-06 	 5.50914e-07 
1.981 	 8.66133e-06 	 8.11615e-06 	 5.45177e-07 
1.978 	 8.56850e-06 	 8.02898e-06 	 5.39529e-07 
1.975 	 8.47743e-06 	 7.94346e-06 	 5.33967e-07 
1.972 	 8.38806e-06 	 7.85957e-06 	 5.28490e-07 
1.969 	 8.30035e-06 	 7.77725e-06 	 5.23096e-07 
1.965 	 8.21426e-06 	 7.69648e-06 	 5.17782e-07 
1.962 	 8.12975e-06 	 7.61720e-06 	 5.12549e-07 
1.959 	 8.04679e-06 	 7.53939e-06 	 5.07393e-07 
1.956 	 7.96532e-06 	 7.46301e-06 	 5.02313e-07 
1.953 	 7.88533e-06 	 7.38802e-06 	 4.97307e-07 
1.950 	 7.80677e-06 	 7.31439e-06 	 4.92375e-07 
1.947 	 7.72960e-06 	 7.24209e-06 	 4.87514e-07 
1.944 	 7.65380e-06 	 7.17108e-06 	 4.82723e-07 
1.941 	 7.57933e-06 	 7.10133e-06 	 4.78000e-07 
1.938 	 7.50615e-06 	 7.03281e-06 	 4.73345e-07 
1.935 	 7.43425e-06 	 6.96550e-06 	 4.68755e-07 
1.932 	 7.36359e-06 	 6.89936e-06 	 4.64230e-07 
1.929 	 7.29413e-06 	 6.83436e-06 	 4.59768e-07 
1.926 	 7.22586e-06 	 6.77049e-06 	 4.55369e-07 
1.923 	 7.15875e-06 	 6.70772e-06 	 4.51030e-07 
1.920 	 7.09277e-06 	 6.64602e-06 	 4.46750e-07 
1.917 	 7.02790e-06 	 6.58537e-06 	 4.42529e-07 
1.914 	 6.96411e-06 	 6.52575e-06 	 4.38366e-07 
1.911 	 6.90139e-06 	 6.46713e-06 	 4.34259e-07 
1.908 	 6.83970e-06 	 6.40949e-06 	 4.30207e-07 
