Energy [eV] Ext Cross [um^2] Abs Cross [um^2] Sca Cross [um^2] 
2.756 	 7.64897e-04 	 7.22343e-04 	 4.25538e-05 
2.749 	 8.25387e-04 	 7.77940e-04 	 4.74464e-05 
2.743 	 8.92934e-04 	 8.39960e-04 	 5.29732e-05 
2.737 	 9.68577e-04 	 9.09339e-04 	 5.92385e-05 
2.731 	 1.05358e-03 	 9.87218e-04 	 6.63652e-05 
2.725 	 1.14949e-03 	 1.07499e-03 	 7.44984e-05 
2.719 	 1.25813e-03 	 1.17432e-03 	 8.38130e-05 
2.713 	 1.38167e-03 	 1.28714e-03 	 9.45215e-05 
2.707 	 1.52264e-03 	 1.41575e-03 	 1.06883e-04 
2.701 	 1.68398e-03 	 1.56277e-03 	 1.21216e-04 
2.695 	 1.86904e-03 	 1.73113e-03 	 1.37908e-04 
2.689 	 2.08155e-03 	 1.92412e-03 	 1.57431e-04 
2.684 	 2.32582e-03 	 2.14545e-03 	 1.80368e-04 
2.678 	 2.60718e-03 	 2.39975e-03 	 2.07435e-04 
2.672 	 2.93273e-03 	 2.69322e-03 	 2.39510e-04 
2.666 	 3.31192e-03 	 3.03426e-03 	 2.77659e-04 
2.660 	 3.75656e-03 	 3.43341e-03 	 3.23147e-04 
2.655 	 4.28002e-03 	 3.90259e-03 	 3.77428e-04 
2.649 	 4.89591e-03 	 4.45383e-03 	 4.42084e-04 
2.643 	 5.61605e-03 	 5.09740e-03 	 5.18653e-04 
2.638 	 6.44681e-03 	 5.83853e-03 	 6.08272e-04 
2.632 	 7.38295e-03 	 6.67194e-03 	 7.11012e-04 
2.627 	 8.39843e-03 	 7.57357e-03 	 8.24858e-04 
2.621 	 9.43555e-03 	 8.49113e-03 	 9.44424e-04 
2.615 	 1.03983e-02 	 9.33831e-03 	 1.05999e-03 
2.610 	 1.11596e-02 	 1.00017e-02 	 1.15792e-03 
2.604 	 1.15912e-02 	 1.03677e-02 	 1.22355e-03 
2.599 	 1.16107e-02 	 1.03645e-02 	 1.24626e-03 
2.593 	 1.12182e-02 	 9.99429e-03 	 1.22387e-03 
2.588 	 1.04953e-02 	 9.33203e-03 	 1.16330e-03 
2.583 	 9.56845e-03 	 8.49137e-03 	 1.07708e-03 
2.577 	 8.56198e-03 	 7.58356e-03 	 9.78426e-04 
2.572 	 7.56994e-03 	 6.69206e-03 	 8.77880e-04 
2.566 	 6.64919e-03 	 5.86694e-03 	 7.82258e-04 
2.561 	 5.82615e-03 	 5.13104e-03 	 6.95115e-04 
2.556 	 5.10712e-03 	 4.48938e-03 	 6.17739e-04 
2.550 	 4.48720e-03 	 3.93712e-03 	 5.50077e-04 
2.545 	 3.95633e-03 	 3.46494e-03 	 4.91392e-04 
2.540 	 3.50284e-03 	 3.06216e-03 	 4.40672e-04 
2.535 	 3.11532e-03 	 2.71846e-03 	 3.96857e-04 
2.530 	 2.78347e-03 	 2.42452e-03 	 3.58952e-04 
2.524 	 2.49838e-03 	 2.17231e-03 	 3.26069e-04 
2.519 	 2.25250e-03 	 1.95506e-03 	 2.97443e-04 
2.514 	 2.03954e-03 	 1.76711e-03 	 2.72426e-04 
2.509 	 1.85426e-03 	 1.60379e-03 	 2.50472e-04 
2.504 	 1.69234e-03 	 1.46122e-03 	 2.31123e-04 
2.499 	 1.55021e-03 	 1.33622e-03 	 2.13999e-04 
2.494 	 1.42491e-03 	 1.22613e-03 	 1.98781e-04 
2.489 	 1.31398e-03 	 1.12878e-03 	 1.85202e-04 
2.484 	 1.21538e-03 	 1.04234e-03 	 1.73039e-04 
2.479 	 1.12740e-03 	 9.65298e-04 	 1.62104e-04 
2.474 	 1.04861e-03 	 8.96370e-04 	 1.52237e-04 
2.469 	 9.77793e-04 	 8.34488e-04 	 1.43305e-04 
2.464 	 9.13936e-04 	 7.78744e-04 	 1.35192e-04 
2.459 	 8.56170e-04 	 7.28369e-04 	 1.27800e-04 
2.454 	 8.03755e-04 	 6.82708e-04 	 1.21047e-04 
2.449 	 7.56060e-04 	 6.41202e-04 	 1.14858e-04 
2.444 	 7.12543e-04 	 6.03370e-04 	 1.09173e-04 
2.440 	 6.72734e-04 	 5.68797e-04 	 1.03938e-04 
2.435 	 6.36229e-04 	 5.37125e-04 	 9.91044e-05 
2.430 	 6.02673e-04 	 5.08041e-04 	 9.46321e-05 
2.425 	 5.71760e-04 	 4.81275e-04 	 9.04850e-05 
2.420 	 5.43221e-04 	 4.56589e-04 	 8.66315e-05 
2.416 	 5.16819e-04 	 4.33775e-04 	 8.30438e-05 
2.411 	 4.92347e-04 	 4.12650e-04 	 7.96971e-05 
2.406 	 4.69622e-04 	 3.93052e-04 	 7.65698e-05 
2.402 	 4.48482e-04 	 3.74840e-04 	 7.36423e-05 
2.397 	 4.28783e-04 	 3.57885e-04 	 7.08975e-05 
2.392 	 4.10396e-04 	 3.42076e-04 	 6.83198e-05 
2.388 	 3.93207e-04 	 3.27312e-04 	 6.58955e-05 
2.383 	 3.77114e-04 	 3.13502e-04 	 6.36120e-05 
2.378 	 3.62026e-04 	 3.00568e-04 	 6.14583e-05 
2.374 	 3.47861e-04 	 2.88436e-04 	 5.94242e-05 
2.369 	 3.34543e-04 	 2.77043e-04 	 5.75007e-05 
2.365 	 3.22008e-04 	 2.66328e-04 	 5.56796e-05 
2.360 	 3.10194e-04 	 2.56240e-04 	 5.39534e-05 
2.356 	 2.99046e-04 	 2.46731e-04 	 5.23152e-05 
2.351 	 2.88515e-04 	 2.37756e-04 	 5.07588e-05 
2.347 	 2.78556e-04 	 2.29277e-04 	 4.92788e-05 
2.342 	 2.69128e-04 	 2.21258e-04 	 4.78698e-05 
2.338 	 2.60193e-04 	 2.13666e-04 	 4.65272e-05 
2.333 	 2.51719e-04 	 2.06472e-04 	 4.52466e-05 
2.329 	 2.43673e-04 	 1.99649e-04 	 4.40241e-05 
2.325 	 2.36027e-04 	 1.93171e-04 	 4.28561e-05 
2.320 	 2.28754e-04 	 1.87015e-04 	 4.17391e-05 
2.316 	 2.21831e-04 	 1.81161e-04 	 4.06700e-05 
2.312 	 2.15234e-04 	 1.75588e-04 	 3.96461e-05 
2.307 	 2.08945e-04 	 1.70280e-04 	 3.86646e-05 
2.303 	 2.02942e-04 	 1.65219e-04 	 3.77230e-05 
2.299 	 1.97210e-04 	 1.60391e-04 	 3.68192e-05 
2.294 	 1.91732e-04 	 1.55781e-04 	 3.59509e-05 
2.290 	 1.86492e-04 	 1.51376e-04 	 3.51162e-05 
2.286 	 1.81478e-04 	 1.47164e-04 	 3.43134e-05 
2.282 	 1.76675e-04 	 1.43134e-04 	 3.35406e-05 
2.277 	 1.72072e-04 	 1.39276e-04 	 3.27963e-05 
2.273 	 1.67659e-04 	 1.35580e-04 	 3.20791e-05 
2.269 	 1.63424e-04 	 1.32036e-04 	 3.13875e-05 
2.265 	 1.59358e-04 	 1.28638e-04 	 3.07203e-05 
2.261 	 1.55452e-04 	 1.25376e-04 	 3.00762e-05 
2.257 	 1.51698e-04 	 1.22244e-04 	 2.94542e-05 
2.252 	 1.48088e-04 	 1.19235e-04 	 2.88532e-05 
2.248 	 1.44615e-04 	 1.16343e-04 	 2.82721e-05 
2.244 	 1.41271e-04 	 1.13561e-04 	 2.77101e-05 
2.240 	 1.38050e-04 	 1.10884e-04 	 2.71663e-05 
2.236 	 1.34947e-04 	 1.08307e-04 	 2.66397e-05 
2.232 	 1.31954e-04 	 1.05825e-04 	 2.61298e-05 
2.228 	 1.29068e-04 	 1.03433e-04 	 2.56356e-05 
2.224 	 1.26283e-04 	 1.01126e-04 	 2.51566e-05 
2.220 	 1.23594e-04 	 9.89017e-05 	 2.46920e-05 
2.216 	 1.20996e-04 	 9.67550e-05 	 2.42413e-05 
2.212 	 1.18486e-04 	 9.46825e-05 	 2.38038e-05 
2.208 	 1.16060e-04 	 9.26808e-05 	 2.33790e-05 
2.204 	 1.13713e-04 	 9.07468e-05 	 2.29664e-05 
2.200 	 1.11443e-04 	 8.88774e-05 	 2.25655e-05 
2.196 	 1.09246e-04 	 8.70698e-05 	 2.21758e-05 
2.192 	 1.07118e-04 	 8.53212e-05 	 2.17969e-05 
2.189 	 1.05057e-04 	 8.36292e-05 	 2.14283e-05 
2.185 	 1.03061e-04 	 8.19913e-05 	 2.10697e-05 
2.181 	 1.01126e-04 	 8.04051e-05 	 2.07206e-05 
2.177 	 9.92494e-05 	 7.88687e-05 	 2.03808e-05 
2.173 	 9.74296e-05 	 7.73798e-05 	 2.00498e-05 
2.169 	 9.56638e-05 	 7.59365e-05 	 1.97274e-05 
2.166 	 9.39501e-05 	 7.45370e-05 	 1.94131e-05 
2.162 	 9.22864e-05 	 7.31795e-05 	 1.91068e-05 
2.158 	 9.06706e-05 	 7.18624e-05 	 1.88082e-05 
2.154 	 8.91009e-05 	 7.05840e-05 	 1.85169e-05 
2.150 	 8.75756e-05 	 6.93429e-05 	 1.82327e-05 
2.147 	 8.60929e-05 	 6.81375e-05 	 1.79554e-05 
2.143 	 8.46512e-05 	 6.69666e-05 	 1.76847e-05 
2.139 	 8.32491e-05 	 6.58288e-05 	 1.74204e-05 
2.136 	 8.18851e-05 	 6.47228e-05 	 1.71623e-05 
2.132 	 8.05577e-05 	 6.36475e-05 	 1.69102e-05 
2.128 	 7.92657e-05 	 6.26019e-05 	 1.66638e-05 
2.124 	 7.80077e-05 	 6.15847e-05 	 1.64231e-05 
2.121 	 7.67827e-05 	 6.05949e-05 	 1.61878e-05 
2.117 	 7.55894e-05 	 5.96317e-05 	 1.59577e-05 
2.114 	 7.44266e-05 	 5.86940e-05 	 1.57327e-05 
2.110 	 7.32935e-05 	 5.77809e-05 	 1.55126e-05 
2.106 	 7.21889e-05 	 5.68916e-05 	 1.52973e-05 
2.103 	 7.11119e-05 	 5.60253e-05 	 1.50866e-05 
2.099 	 7.00615e-05 	 5.51811e-05 	 1.48804e-05 
2.096 	 6.90369e-05 	 5.43584e-05 	 1.46785e-05 
2.092 	 6.80372e-05 	 5.35563e-05 	 1.44809e-05 
2.089 	 6.70616e-05 	 5.27743e-05 	 1.42873e-05 
2.085 	 6.61094e-05 	 5.20116e-05 	 1.40977e-05 
2.081 	 6.51796e-05 	 5.12677e-05 	 1.39120e-05 
2.078 	 6.42718e-05 	 5.05418e-05 	 1.37300e-05 
2.074 	 6.33851e-05 	 4.98334e-05 	 1.35516e-05 
2.071 	 6.25188e-05 	 4.91420e-05 	 1.33768e-05 
2.068 	 6.16724e-05 	 4.84670e-05 	 1.32054e-05 
2.064 	 6.08453e-05 	 4.78080e-05 	 1.30373e-05 
2.061 	 6.00368e-05 	 4.71643e-05 	 1.28725e-05 
2.057 	 5.92464e-05 	 4.65355e-05 	 1.27109e-05 
2.054 	 5.84735e-05 	 4.59213e-05 	 1.25523e-05 
2.050 	 5.77177e-05 	 4.53210e-05 	 1.23967e-05 
2.047 	 5.69784e-05 	 4.47344e-05 	 1.22440e-05 
2.044 	 5.62551e-05 	 4.41610e-05 	 1.20942e-05 
2.040 	 5.55474e-05 	 4.36004e-05 	 1.19471e-05 
2.037 	 5.48549e-05 	 4.30522e-05 	 1.18027e-05 
2.033 	 5.41770e-05 	 4.25161e-05 	 1.16609e-05 
2.030 	 5.35133e-05 	 4.19917e-05 	 1.15217e-05 
2.027 	 5.28636e-05 	 4.14786e-05 	 1.13849e-05 
2.023 	 5.22273e-05 	 4.09767e-05 	 1.12506e-05 
2.020 	 5.16041e-05 	 4.04854e-05 	 1.11187e-05 
2.017 	 5.09936e-05 	 4.00046e-05 	 1.09890e-05 
2.014 	 5.03955e-05 	 3.95339e-05 	 1.08616e-05 
2.010 	 4.98095e-05 	 3.90731e-05 	 1.07364e-05 
2.007 	 4.92351e-05 	 3.86218e-05 	 1.06133e-05 
2.004 	 4.86722e-05 	 3.81798e-05 	 1.04923e-05 
2.000 	 4.81203e-05 	 3.77469e-05 	 1.03734e-05 
1.997 	 4.75793e-05 	 3.73228e-05 	 1.02565e-05 
1.994 	 4.70487e-05 	 3.69073e-05 	 1.01414e-05 
1.991 	 4.65285e-05 	 3.65001e-05 	 1.00283e-05 
1.988 	 4.60182e-05 	 3.61011e-05 	 9.91708e-06 
1.984 	 4.55177e-05 	 3.57100e-05 	 9.80764e-06 
1.981 	 4.50266e-05 	 3.53266e-05 	 9.69997e-06 
1.978 	 4.45448e-05 	 3.49508e-05 	 9.59403e-06 
1.975 	 4.40721e-05 	 3.45823e-05 	 9.48979e-06 
1.972 	 4.36081e-05 	 3.42209e-05 	 9.38720e-06 
1.969 	 4.31527e-05 	 3.38665e-05 	 9.28623e-06 
1.965 	 4.27057e-05 	 3.35189e-05 	 9.18684e-06 
1.962 	 4.22669e-05 	 3.31779e-05 	 9.08900e-06 
1.959 	 4.18360e-05 	 3.28433e-05 	 8.99268e-06 
1.956 	 4.14129e-05 	 3.25151e-05 	 8.89783e-06 
1.953 	 4.09974e-05 	 3.21929e-05 	 8.80444e-06 
1.950 	 4.05892e-05 	 3.18768e-05 	 8.71247e-06 
1.947 	 4.01883e-05 	 3.15664e-05 	 8.62188e-06 
1.944 	 3.97944e-05 	 3.12618e-05 	 8.53266e-06 
1.941 	 3.94074e-05 	 3.09627e-05 	 8.44476e-06 
1.938 	 3.90272e-05 	 3.06690e-05 	 8.35817e-06 
1.935 	 3.86534e-05 	 3.03806e-05 	 8.27286e-06 
1.932 	 3.82861e-05 	 3.00973e-05 	 8.18879e-06 
1.929 	 3.79251e-05 	 2.98191e-05 	 8.10595e-06 
1.926 	 3.75701e-05 	 2.95458e-05 	 8.02431e-06 
1.923 	 3.72212e-05 	 2.92774e-05 	 7.94385e-06 
1.920 	 3.68781e-05 	 2.90136e-05 	 7.86453e-06 
1.917 	 3.65407e-05 	 2.87544e-05 	 7.78635e-06 
1.914 	 3.62090e-05 	 2.84997e-05 	 7.70928e-06 
1.911 	 3.58827e-05 	 2.82494e-05 	 7.63329e-06 
1.908 	 3.55618e-05 	 2.80034e-05 	 7.55837e-06 
