 5.0000E-03 8.2666E-01 3.0213E-03 3.0139E-03 7.4411E-06 -9.4545E-04 4.0217E-01 8.8900E-07   214
 5.0000E-03 7.5840E-01 4.1920E-03 4.1807E-03 1.1284E-05 -7.6877E-04 4.0217E-01 1.3476E-06   214
 5.0000E-03 4.1541E-01 2.7845E-02 2.7844E-02 1.7191E-06  1.0376E-03 4.0218E-01 2.0450E-07   214
 5.0000E-03 7.5151E-01 4.3281E-03 4.3163E-03 1.1811E-05 -7.5098E-04 4.0217E-01 1.4105E-06   214
 5.0000E-03 7.4474E-01 4.4629E-03 4.4506E-03 1.2366E-05 -7.3843E-04 4.0217E-01 1.4767E-06   214
 5.0000E-03 7.3809E-01 4.6175E-03 4.6046E-03 1.2950E-05 -7.3075E-04 4.0217E-01 1.5465E-06   214
 5.0000E-03 7.3156E-01 4.8241E-03 4.8105E-03 1.3566E-05 -7.2229E-04 4.0217E-01 1.6200E-06   214
 5.0000E-03 7.2514E-01 5.1143E-03 5.1001E-03 1.4209E-05 -7.0945E-04 4.0217E-01 1.6968E-06   214
 5.0000E-03 7.1884E-01 5.4492E-03 5.4343E-03 1.4874E-05 -6.9563E-04 4.0217E-01 1.7761E-06   214
 5.0000E-03 7.1264E-01 5.7830E-03 5.7674E-03 1.5566E-05 -6.8303E-04 4.0217E-01 1.8587E-06   214
 5.0000E-03 7.0655E-01 6.1483E-03 6.1321E-03 1.6291E-05 -6.6885E-04 4.0217E-01 1.9451E-06   214
 5.0000E-03 7.0056E-01 6.5713E-03 6.5542E-03 1.7043E-05 -6.5224E-04 4.0217E-01 2.0349E-06   214
 5.0000E-03 8.1848E-01 3.1317E-03 3.1239E-03 7.8024E-06 -9.2804E-04 4.0217E-01 9.3214E-07   214
 5.0000E-03 6.9467E-01 7.0118E-03 6.9940E-03 1.7818E-05 -6.3477E-04 4.0217E-01 2.1273E-06   214
 5.0000E-03 6.8888E-01 7.3862E-03 7.3676E-03 1.8616E-05 -6.1810E-04 4.0217E-01 2.2225E-06   214
 5.0000E-03 6.8319E-01 7.6676E-03 7.6482E-03 1.9455E-05 -6.0370E-04 4.0217E-01 2.3226E-06   214
 5.0000E-03 6.7759E-01 7.9351E-03 7.9148E-03 2.0345E-05 -5.9010E-04 4.0217E-01 2.4289E-06   214
 5.0000E-03 6.7208E-01 8.2189E-03 8.1976E-03 2.1287E-05 -5.7566E-04 4.0217E-01 2.5412E-06   214
 5.0000E-03 6.6666E-01 8.5258E-03 8.5035E-03 2.2280E-05 -5.6074E-04 4.0217E-01 2.6597E-06   214
 5.0000E-03 6.6133E-01 8.8631E-03 8.8398E-03 2.3331E-05 -5.4576E-04 4.0217E-01 2.7851E-06   214
 5.0000E-03 6.5608E-01 9.2879E-03 9.2635E-03 2.4442E-05 -5.3035E-04 4.0217E-01 2.9176E-06   214
 5.0000E-03 6.5091E-01 9.7969E-03 9.7714E-03 2.5603E-05 -5.1483E-04 4.0217E-01 3.0560E-06   214
 5.0000E-03 6.4583E-01 1.0336E-02 1.0310E-02 2.6801E-05 -4.9888E-04 4.0217E-01 3.1990E-06   214
 5.0000E-03 8.1045E-01 3.2677E-03 3.2595E-03 8.1791E-06 -9.0996E-04 4.0217E-01 9.7710E-07   214
 5.0000E-03 6.4082E-01 1.0797E-02 1.0769E-02 2.8045E-05 -4.8179E-04 4.0217E-01 3.3474E-06   214
 5.0000E-03 6.3589E-01 1.1116E-02 1.1087E-02 2.9363E-05 -4.6378E-04 4.0217E-01 3.5045E-06   214
 5.0000E-03 6.3104E-01 1.1400E-02 1.1370E-02 3.0787E-05 -4.4576E-04 4.0217E-01 3.6744E-06   214
 5.0000E-03 6.2626E-01 1.1770E-02 1.1738E-02 3.2315E-05 -4.2842E-04 4.0217E-01 3.8565E-06   214
 5.0000E-03 6.2155E-01 1.2164E-02 1.2130E-02 3.3939E-05 -4.1193E-04 4.0217E-01 4.0503E-06   214
 5.0000E-03 6.1691E-01 1.2593E-02 1.2558E-02 3.5693E-05 -3.9547E-04 4.0217E-01 4.2594E-06   214
 5.0000E-03 6.1234E-01 1.3181E-02 1.3144E-02 3.7579E-05 -3.7816E-04 4.0217E-01 4.4842E-06   214
 5.0000E-03 6.0784E-01 1.3920E-02 1.3881E-02 3.9587E-05 -3.6014E-04 4.0217E-01 4.7238E-06   214
 5.0000E-03 6.0340E-01 1.4835E-02 1.4794E-02 4.1728E-05 -3.4187E-04 4.0217E-01 4.9790E-06   214
 5.0000E-03 5.9903E-01 1.5920E-02 1.5876E-02 4.3981E-05 -3.2422E-04 4.0217E-01 5.2476E-06   214
 5.0000E-03 8.0258E-01 3.4294E-03 3.4209E-03 8.5701E-06 -8.9223E-04 4.0217E-01 1.0238E-06   214
 5.0000E-03 5.9472E-01 1.7080E-02 1.7033E-02 4.6340E-05 -3.0741E-04 4.0217E-01 5.5289E-06   214
 5.0000E-03 5.9047E-01 1.8168E-02 1.8119E-02 4.8823E-05 -2.9054E-04 4.0217E-01 5.8249E-06   214
 5.0000E-03 5.8628E-01 1.9119E-02 1.9068E-02 5.1496E-05 -2.7289E-04 4.0217E-01 6.1437E-06   214
 5.0000E-03 5.8215E-01 2.0073E-02 2.0019E-02 5.4439E-05 -2.5468E-04 4.0217E-01 6.4945E-06   214
 5.0000E-03 5.7808E-01 2.1251E-02 2.1193E-02 5.7668E-05 -2.3684E-04 4.0217E-01 6.8795E-06   214
 5.0000E-03 5.7407E-01 2.2672E-02 2.2611E-02 6.1157E-05 -2.1987E-04 4.0217E-01 7.2954E-06   214
 5.0000E-03 5.7011E-01 2.4275E-02 2.4210E-02 6.4935E-05 -2.0325E-04 4.0217E-01 7.7458E-06   214
 5.0000E-03 5.6621E-01 2.6059E-02 2.5990E-02 6.9045E-05 -1.8728E-04 4.0217E-01 8.2358E-06   214
 5.0000E-03 5.6235E-01 2.8156E-02 2.8082E-02 7.3552E-05 -1.7145E-04 4.0217E-01 8.7731E-06   214
 5.0000E-03 5.5855E-01 3.0585E-02 3.0507E-02 7.8411E-05 -1.5485E-04 4.0217E-01 9.3523E-06   214
 5.0000E-03 7.9487E-01 3.5978E-03 3.5888E-03 8.9733E-06 -8.7306E-04 4.0217E-01 1.0719E-06   214
 5.0000E-03 5.5480E-01 3.3151E-02 3.3067E-02 8.3641E-05 -1.3768E-04 4.0217E-01 9.9758E-06   214
 5.0000E-03 5.5111E-01 3.5699E-02 3.5610E-02 8.9372E-05 -1.2034E-04 4.0217E-01 1.0659E-05   214
 5.0000E-03 5.4746E-01 3.8427E-02 3.8331E-02 9.5824E-05 -1.0309E-04 4.0217E-01 1.1428E-05   214
 5.0000E-03 5.4385E-01 4.1592E-02 4.1489E-02 1.0311E-04 -8.6115E-05 4.0217E-01 1.2297E-05   214
 5.0000E-03 5.4030E-01 4.5318E-02 4.5207E-02 1.1126E-04 -6.8709E-05 4.0217E-01 1.3268E-05   214
 5.0000E-03 5.3679E-01 4.9619E-02 4.9499E-02 1.2043E-04 -5.0306E-05 4.0217E-01 1.4361E-05   214
 5.0000E-03 5.3333E-01 5.4561E-02 5.4430E-02 1.3079E-04 -3.1520E-05 4.0217E-01 1.5595E-05   214
 5.0000E-03 5.2991E-01 6.0260E-02 6.0117E-02 1.4259E-04 -1.3008E-05 4.0217E-01 1.7002E-05   214
 5.0000E-03 5.2653E-01 6.6850E-02 6.6694E-02 1.5621E-04  5.1052E-06 4.0217E-01 1.8625E-05   214
 5.0000E-03 5.2320E-01 7.4735E-02 7.4563E-02 1.7203E-04  2.2927E-05 4.0217E-01 2.0511E-05   214
 5.0000E-03 7.8730E-01 3.7194E-03 3.7100E-03 9.3919E-06 -8.5266E-04 4.0217E-01 1.1219E-06   214
 5.0000E-03 5.1991E-01 8.4199E-02 8.4009E-02 1.9045E-04  4.0670E-05 4.0217E-01 2.2707E-05   214
 5.0000E-03 5.1666E-01 9.5445E-02 9.5233E-02 2.1216E-04  5.8604E-05 4.0217E-01 2.5294E-05   214
 5.0000E-03 5.1345E-01 1.0906E-01 1.0882E-01 2.3819E-04  7.6669E-05 4.0217E-01 2.8397E-05   214
 5.0000E-03 5.1028E-01 1.2603E-01 1.2576E-01 2.6980E-04  9.4748E-05 4.0217E-01 3.2164E-05   214
 5.0000E-03 5.0715E-01 1.4741E-01 1.4710E-01 3.0845E-04  1.1268E-04 4.0217E-01 3.6769E-05   214
 5.0000E-03 5.0406E-01 1.7443E-01 1.7408E-01 3.5647E-04  1.3026E-04 4.0217E-01 4.2493E-05   214
 5.0000E-03 5.0101E-01 2.0949E-01 2.0907E-01 4.1730E-04  1.4748E-04 4.0217E-01 4.9742E-05   214
 5.0000E-03 4.9799E-01 2.5560E-01 2.5510E-01 4.9579E-04  1.6436E-04 4.0217E-01 5.9096E-05   214
 5.0000E-03 4.9500E-01 3.1791E-01 3.1732E-01 6.0036E-04  1.8070E-04 4.0217E-01 7.1558E-05   214
 5.0000E-03 4.9206E-01 4.0465E-01 4.0391E-01 7.4151E-04  1.9617E-04 4.0217E-01 8.8379E-05   214
 5.0000E-03 7.7987E-01 3.8151E-03 3.8053E-03 9.8322E-06 -8.3273E-04 4.0217E-01 1.1744E-06   214
 5.0000E-03 4.8915E-01 5.2775E-01 5.2682E-01 9.3563E-04  2.1070E-04 4.0217E-01 1.1151E-04   214
 5.0000E-03 4.8627E-01 7.0468E-01 7.0347E-01 1.2069E-03  2.2414E-04 4.0217E-01 1.4384E-04   214
 5.0000E-03 4.8343E-01 9.5760E-01 9.5602E-01 1.5822E-03  2.3634E-04 4.0217E-01 1.8857E-04   214
 5.0000E-03 4.8062E-01 1.3010E+00 1.2990E+00 2.0731E-03  2.4749E-04 4.0217E-01 2.4707E-04   214
 5.0000E-03 4.7784E-01 1.6983E+00 1.6957E+00 2.6126E-03  2.5819E-04 4.0217E-01 3.1136E-04   214
 5.0000E-03 4.7509E-01 1.9724E+00 1.9695E+00 2.9241E-03  2.7057E-04 4.0217E-01 3.4848E-04   214
 5.0000E-03 4.7238E-01 1.8895E+00 1.8868E+00 2.6891E-03  2.9069E-04 4.0217E-01 3.2046E-04   214
 5.0000E-03 4.6969E-01 1.5156E+00 1.5135E+00 2.0609E-03  3.3155E-04 4.0217E-01 2.4557E-04   214
 5.0000E-03 4.6704E-01 1.1119E+00 1.1104E+00 1.4368E-03  4.0772E-04 4.0217E-01 1.7116E-04   214
 5.0000E-03 4.6441E-01 8.0170E-01 8.0072E-01 9.7930E-04  5.1245E-04 4.0217E-01 1.1662E-04   214
 5.0000E-03 7.7258E-01 3.9207E-03 3.9104E-03 1.0295E-05 -8.1222E-04 4.0217E-01 1.2296E-06   214
 5.0000E-03 4.6182E-01 5.8952E-01 5.8885E-01 6.7764E-04  6.0638E-04 4.0217E-01 8.0678E-05   214
 5.0000E-03 4.5925E-01 4.4637E-01 4.4588E-01 4.8112E-04  6.6329E-04 4.0217E-01 5.7272E-05   214
 5.0000E-03 4.5672E-01 3.4781E-01 3.4746E-01 3.5258E-04  6.8959E-04 4.0217E-01 4.1970E-05   214
 5.0000E-03 4.5421E-01 2.7445E-01 2.7418E-01 2.6331E-04  7.0324E-04 4.0218E-01 3.1343E-05   214
 5.0000E-03 4.5173E-01 2.1843E-01 2.1823E-01 1.9801E-04  7.1559E-04 4.0218E-01 2.3570E-05   214
 5.0000E-03 4.4927E-01 1.7640E-01 1.7626E-01 1.4958E-04  7.3009E-04 4.0218E-01 1.7805E-05   214
 5.0000E-03 4.4684E-01 1.4518E-01 1.4506E-01 1.1393E-04  7.4685E-04 4.0218E-01 1.3561E-05   214
 5.0000E-03 4.4444E-01 1.2153E-01 1.2144E-01 8.7483E-05  7.6507E-04 4.0218E-01 1.0413E-05   214
 5.0000E-03 4.4206E-01 1.0311E-01 1.0304E-01 6.7508E-05  7.8402E-04 4.0218E-01 8.0348E-06   214
 5.0000E-03 4.3971E-01 8.8514E-02 8.8462E-02 5.2271E-05  8.0328E-04 4.0218E-01 6.2210E-06   214
 5.0000E-03 7.6543E-01 4.0483E-03 4.0376E-03 1.0779E-05 -7.9007E-04 4.0217E-01 1.2873E-06   214
 5.0000E-03 4.3738E-01 7.6728E-02 7.6687E-02 4.0457E-05  8.2283E-04 4.0218E-01 4.8148E-06   214
 5.0000E-03 4.3508E-01 6.7162E-02 6.7131E-02 3.1264E-05  8.4261E-04 4.0218E-01 3.7206E-06   214
 5.0000E-03 4.3280E-01 5.9294E-02 5.9270E-02 2.4043E-05  8.6276E-04 4.0218E-01 2.8612E-06   214
 5.0000E-03 4.3055E-01 5.2793E-02 5.2775E-02 1.8378E-05  8.8321E-04 4.0218E-01 2.1869E-06   214
 5.0000E-03 4.2832E-01 4.7358E-02 4.7344E-02 1.3910E-05  9.0407E-04 4.0218E-01 1.6551E-06   214
 5.0000E-03 4.2611E-01 4.2774E-02 4.2764E-02 1.0393E-05  9.2538E-04 4.0218E-01 1.2366E-06   214
 5.0000E-03 4.2393E-01 3.8885E-02 3.8878E-02 7.6474E-06  9.4705E-04 4.0218E-01 9.0989E-07   214
 5.0000E-03 4.2176E-01 3.5523E-02 3.5517E-02 5.5006E-06  9.6926E-04 4.0218E-01 6.5444E-07   214
 5.0000E-03 4.1962E-01 3.2617E-02 3.2613E-02 3.8581E-06  9.9174E-04 4.0218E-01 4.5899E-07   214
 5.0000E-03 4.1750E-01 3.0074E-02 3.0072E-02 2.6197E-06  1.0146E-03 4.0218E-01 3.1165E-07   214
