Energy [eV] Ext Cross [um^2] Abs Cross [um^2] Sca Cross [um^2] 
2.756 	 1.00416e-02 	 5.84682e-03 	 4.19478e-03 
2.749 	 1.06525e-02 	 6.13506e-03 	 4.51748e-03 
2.743 	 1.13126e-02 	 6.44992e-03 	 4.86270e-03 
2.737 	 1.20274e-02 	 6.79506e-03 	 5.23231e-03 
2.731 	 1.28034e-02 	 7.17518e-03 	 5.62826e-03 
2.725 	 1.36487e-02 	 7.59622e-03 	 6.05252e-03 
2.719 	 1.45724e-02 	 8.06512e-03 	 6.50723e-03 
2.713 	 1.55846e-02 	 8.58977e-03 	 6.99481e-03 
2.707 	 1.66966e-02 	 9.17872e-03 	 7.51788e-03 
2.701 	 1.79200e-02 	 9.84061e-03 	 8.07938e-03 
2.695 	 1.92652e-02 	 1.05829e-02 	 8.68227e-03 
2.689 	 2.07393e-02 	 1.14097e-02 	 9.32957e-03 
2.684 	 2.23410e-02 	 1.23169e-02 	 1.00241e-02 
2.678 	 2.40517e-02 	 1.32834e-02 	 1.07683e-02 
2.672 	 2.58250e-02 	 1.42613e-02 	 1.15637e-02 
2.666 	 2.75813e-02 	 1.51706e-02 	 1.24106e-02 
2.660 	 2.92223e-02 	 1.59138e-02 	 1.33085e-02 
2.655 	 3.06708e-02 	 1.64133e-02 	 1.42575e-02 
2.649 	 3.19141e-02 	 1.66541e-02 	 1.52600e-02 
2.643 	 3.30149e-02 	 1.66938e-02 	 1.63211e-02 
2.638 	 3.40785e-02 	 1.66303e-02 	 1.74482e-02 
2.632 	 3.52065e-02 	 1.65585e-02 	 1.86481e-02 
2.627 	 3.64704e-02 	 1.65438e-02 	 1.99266e-02 
2.621 	 3.79080e-02 	 1.66202e-02 	 2.12878e-02 
2.615 	 3.95322e-02 	 1.67980e-02 	 2.27341e-02 
2.610 	 4.13412e-02 	 1.70745e-02 	 2.42667e-02 
2.604 	 4.33254e-02 	 1.74402e-02 	 2.58852e-02 
2.599 	 4.54715e-02 	 1.78836e-02 	 2.75879e-02 
2.593 	 4.77637e-02 	 1.83924e-02 	 2.93713e-02 
2.588 	 5.01845e-02 	 1.89546e-02 	 3.12299e-02 
2.583 	 5.27140e-02 	 1.95585e-02 	 3.31555e-02 
2.577 	 5.53298e-02 	 2.01924e-02 	 3.51374e-02 
2.572 	 5.80066e-02 	 2.08446e-02 	 3.71620e-02 
2.566 	 6.07155e-02 	 2.15029e-02 	 3.92126e-02 
2.561 	 6.34240e-02 	 2.21549e-02 	 4.12692e-02 
2.556 	 6.60960e-02 	 2.27874e-02 	 4.33085e-02 
2.550 	 6.86920e-02 	 2.33874e-02 	 4.53045e-02 
2.545 	 7.11703e-02 	 2.39414e-02 	 4.72290e-02 
2.540 	 7.34883e-02 	 2.44362e-02 	 4.90520e-02 
2.535 	 7.56032e-02 	 2.48596e-02 	 5.07436e-02 
2.530 	 7.74745e-02 	 2.52001e-02 	 5.22744e-02 
2.524 	 7.90656e-02 	 2.54483e-02 	 5.36173e-02 
2.519 	 8.03452e-02 	 2.55968e-02 	 5.47484e-02 
2.514 	 8.12896e-02 	 2.56407e-02 	 5.56489e-02 
2.509 	 8.18834e-02 	 2.55781e-02 	 5.63053e-02 
2.504 	 8.21204e-02 	 2.54098e-02 	 5.67107e-02 
2.499 	 8.20039e-02 	 2.51394e-02 	 5.68645e-02 
2.494 	 8.15459e-02 	 2.47732e-02 	 5.67727e-02 
2.489 	 8.07663e-02 	 2.43193e-02 	 5.64470e-02 
2.484 	 7.96917e-02 	 2.37879e-02 	 5.59039e-02 
2.479 	 7.83535e-02 	 2.31898e-02 	 5.51637e-02 
2.474 	 7.67863e-02 	 2.25368e-02 	 5.42495e-02 
2.469 	 7.50262e-02 	 2.18404e-02 	 5.31859e-02 
2.464 	 7.31094e-02 	 2.11118e-02 	 5.19976e-02 
2.459 	 7.10708e-02 	 2.03617e-02 	 5.07091e-02 
2.454 	 6.89431e-02 	 1.95996e-02 	 4.93435e-02 
2.449 	 6.67562e-02 	 1.88339e-02 	 4.79223e-02 
2.444 	 6.45369e-02 	 1.80721e-02 	 4.64647e-02 
2.440 	 6.23082e-02 	 1.73204e-02 	 4.49878e-02 
2.435 	 6.00899e-02 	 1.65836e-02 	 4.35063e-02 
2.430 	 5.78984e-02 	 1.58659e-02 	 4.20325e-02 
2.425 	 5.57471e-02 	 1.51703e-02 	 4.05767e-02 
2.420 	 5.36464e-02 	 1.44991e-02 	 3.91473e-02 
2.416 	 5.16045e-02 	 1.38537e-02 	 3.77508e-02 
2.411 	 4.96273e-02 	 1.32351e-02 	 3.63922e-02 
2.406 	 4.77188e-02 	 1.26437e-02 	 3.50752e-02 
2.402 	 4.58818e-02 	 1.20795e-02 	 3.38022e-02 
2.397 	 4.41173e-02 	 1.15423e-02 	 3.25750e-02 
2.392 	 4.24259e-02 	 1.10315e-02 	 3.13944e-02 
2.388 	 4.08069e-02 	 1.05464e-02 	 3.02605e-02 
2.383 	 3.92591e-02 	 1.00861e-02 	 2.91730e-02 
2.378 	 3.77809e-02 	 9.64963e-03 	 2.81313e-02 
2.374 	 3.63704e-02 	 9.23604e-03 	 2.71343e-02 
2.369 	 3.50251e-02 	 8.84424e-03 	 2.61809e-02 
2.365 	 3.37427e-02 	 8.47318e-03 	 2.52695e-02 
2.360 	 3.25206e-02 	 8.12180e-03 	 2.43988e-02 
2.356 	 3.13561e-02 	 7.78904e-03 	 2.35670e-02 
2.351 	 3.02466e-02 	 7.47390e-03 	 2.27727e-02 
2.347 	 2.91895e-02 	 7.17539e-03 	 2.20141e-02 
2.342 	 2.81822e-02 	 6.89258e-03 	 2.12896e-02 
2.338 	 2.72223e-02 	 6.62458e-03 	 2.05977e-02 
2.333 	 2.63073e-02 	 6.37052e-03 	 1.99368e-02 
2.329 	 2.54349e-02 	 6.12960e-03 	 1.93053e-02 
2.325 	 2.46029e-02 	 5.90104e-03 	 1.87018e-02 
2.320 	 2.38091e-02 	 5.68412e-03 	 1.81249e-02 
2.316 	 2.30514e-02 	 5.47814e-03 	 1.75733e-02 
2.312 	 2.23281e-02 	 5.28248e-03 	 1.70456e-02 
2.307 	 2.16371e-02 	 5.09650e-03 	 1.65406e-02 
2.303 	 2.09769e-02 	 4.91966e-03 	 1.60572e-02 
2.299 	 2.03456e-02 	 4.75141e-03 	 1.55942e-02 
2.294 	 1.97419e-02 	 4.59124e-03 	 1.51506e-02 
2.290 	 1.91641e-02 	 4.43870e-03 	 1.47254e-02 
2.286 	 1.86110e-02 	 4.29333e-03 	 1.43177e-02 
2.282 	 1.80812e-02 	 4.15473e-03 	 1.39265e-02 
2.277 	 1.75735e-02 	 4.02252e-03 	 1.35510e-02 
2.273 	 1.70868e-02 	 3.89632e-03 	 1.31905e-02 
2.269 	 1.66199e-02 	 3.77582e-03 	 1.28441e-02 
2.265 	 1.61720e-02 	 3.66069e-03 	 1.25113e-02 
2.261 	 1.57419e-02 	 3.55064e-03 	 1.21912e-02 
2.257 	 1.53287e-02 	 3.44539e-03 	 1.18834e-02 
2.252 	 1.49318e-02 	 3.34469e-03 	 1.15871e-02 
2.248 	 1.45501e-02 	 3.24828e-03 	 1.13019e-02 
2.244 	 1.41831e-02 	 3.15594e-03 	 1.10271e-02 
2.240 	 1.38299e-02 	 3.06746e-03 	 1.07624e-02 
2.236 	 1.34898e-02 	 2.98263e-03 	 1.05072e-02 
2.232 	 1.31623e-02 	 2.90126e-03 	 1.02611e-02 
2.228 	 1.28468e-02 	 2.82318e-03 	 1.00236e-02 
2.224 	 1.25426e-02 	 2.74821e-03 	 9.79440e-03 
2.220 	 1.22493e-02 	 2.67620e-03 	 9.57308e-03 
2.216 	 1.19663e-02 	 2.60700e-03 	 9.35927e-03 
2.212 	 1.16931e-02 	 2.54046e-03 	 9.15266e-03 
2.208 	 1.14294e-02 	 2.47647e-03 	 8.95291e-03 
2.204 	 1.11746e-02 	 2.41490e-03 	 8.75973e-03 
2.200 	 1.09284e-02 	 2.35563e-03 	 8.57282e-03 
2.196 	 1.06905e-02 	 2.29854e-03 	 8.39193e-03 
2.192 	 1.04603e-02 	 2.24355e-03 	 8.21679e-03 
2.189 	 1.02377e-02 	 2.19055e-03 	 8.04716e-03 
2.185 	 1.00223e-02 	 2.13945e-03 	 7.88281e-03 
2.181 	 9.81368e-03 	 2.09016e-03 	 7.72352e-03 
2.177 	 9.61168e-03 	 2.04260e-03 	 7.56908e-03 
2.173 	 9.41600e-03 	 1.99670e-03 	 7.41930e-03 
2.169 	 9.22635e-03 	 1.95237e-03 	 7.27398e-03 
2.166 	 9.04251e-03 	 1.90955e-03 	 7.13296e-03 
2.162 	 8.86422e-03 	 1.86818e-03 	 6.99605e-03 
2.158 	 8.69128e-03 	 1.82819e-03 	 6.86309e-03 
2.154 	 8.52346e-03 	 1.78952e-03 	 6.73394e-03 
2.150 	 8.36056e-03 	 1.75211e-03 	 6.60845e-03 
2.147 	 8.20239e-03 	 1.71592e-03 	 6.48647e-03 
2.143 	 8.04877e-03 	 1.68089e-03 	 6.36788e-03 
2.139 	 7.89951e-03 	 1.64697e-03 	 6.25254e-03 
2.136 	 7.75446e-03 	 1.61412e-03 	 6.14034e-03 
2.132 	 7.61346e-03 	 1.58229e-03 	 6.03117e-03 
2.128 	 7.47635e-03 	 1.55145e-03 	 5.92490e-03 
2.124 	 7.34300e-03 	 1.52156e-03 	 5.82144e-03 
2.121 	 7.21326e-03 	 1.49257e-03 	 5.72069e-03 
2.117 	 7.08700e-03 	 1.46445e-03 	 5.62255e-03 
2.114 	 6.96409e-03 	 1.43717e-03 	 5.52693e-03 
2.110 	 6.84443e-03 	 1.41069e-03 	 5.43374e-03 
2.106 	 6.72789e-03 	 1.38499e-03 	 5.34289e-03 
2.103 	 6.61436e-03 	 1.36004e-03 	 5.25432e-03 
2.099 	 6.50374e-03 	 1.33580e-03 	 5.16793e-03 
2.096 	 6.39592e-03 	 1.31226e-03 	 5.08367e-03 
2.092 	 6.29082e-03 	 1.28938e-03 	 5.00144e-03 
2.089 	 6.18834e-03 	 1.26714e-03 	 4.92120e-03 
2.085 	 6.08839e-03 	 1.24552e-03 	 4.84288e-03 
2.081 	 5.99089e-03 	 1.22449e-03 	 4.76640e-03 
2.078 	 5.89576e-03 	 1.20404e-03 	 4.69172e-03 
2.074 	 5.80291e-03 	 1.18414e-03 	 4.61877e-03 
2.071 	 5.71228e-03 	 1.16478e-03 	 4.54751e-03 
2.068 	 5.62380e-03 	 1.14593e-03 	 4.47787e-03 
2.064 	 5.53739e-03 	 1.12758e-03 	 4.40981e-03 
2.061 	 5.45299e-03 	 1.10971e-03 	 4.34327e-03 
2.057 	 5.37054e-03 	 1.09231e-03 	 4.27822e-03 
2.054 	 5.28997e-03 	 1.07536e-03 	 4.21461e-03 
2.050 	 5.21123e-03 	 1.05884e-03 	 4.15239e-03 
2.047 	 5.13427e-03 	 1.04274e-03 	 4.09153e-03 
2.044 	 5.05902e-03 	 1.02705e-03 	 4.03197e-03 
2.040 	 4.98544e-03 	 1.01175e-03 	 3.97369e-03 
2.037 	 4.91348e-03 	 9.96825e-04 	 3.91665e-03 
2.033 	 4.84308e-03 	 9.82273e-04 	 3.86081e-03 
2.030 	 4.77421e-03 	 9.68076e-04 	 3.80614e-03 
2.027 	 4.70682e-03 	 9.54225e-04 	 3.75259e-03 
2.023 	 4.64086e-03 	 9.40707e-04 	 3.70015e-03 
2.020 	 4.57630e-03 	 9.27512e-04 	 3.64878e-03 
2.017 	 4.51309e-03 	 9.14631e-04 	 3.59846e-03 
2.014 	 4.45119e-03 	 9.02054e-04 	 3.54914e-03 
2.010 	 4.39058e-03 	 8.89771e-04 	 3.50081e-03 
2.007 	 4.33121e-03 	 8.77774e-04 	 3.45343e-03 
2.004 	 4.27304e-03 	 8.66053e-04 	 3.40699e-03 
2.000 	 4.21605e-03 	 8.54601e-04 	 3.36145e-03 
1.997 	 4.16021e-03 	 8.43409e-04 	 3.31680e-03 
1.994 	 4.10547e-03 	 8.32471e-04 	 3.27300e-03 
1.991 	 4.05182e-03 	 8.21778e-04 	 3.23005e-03 
1.988 	 3.99923e-03 	 8.11324e-04 	 3.18790e-03 
1.984 	 3.94766e-03 	 8.01102e-04 	 3.14656e-03 
1.981 	 3.89709e-03 	 7.91105e-04 	 3.10599e-03 
1.978 	 3.84750e-03 	 7.81328e-04 	 3.06617e-03 
1.975 	 3.79885e-03 	 7.71763e-04 	 3.02709e-03 
1.972 	 3.75113e-03 	 7.62405e-04 	 2.98872e-03 
1.969 	 3.70430e-03 	 7.53248e-04 	 2.95106e-03 
1.965 	 3.65836e-03 	 7.44287e-04 	 2.91407e-03 
1.962 	 3.61327e-03 	 7.35516e-04 	 2.87776e-03 
1.959 	 3.56902e-03 	 7.26930e-04 	 2.84209e-03 
1.956 	 3.52558e-03 	 7.18524e-04 	 2.80705e-03 
1.953 	 3.48293e-03 	 7.10293e-04 	 2.77263e-03 
1.950 	 3.44105e-03 	 7.02232e-04 	 2.73882e-03 
1.947 	 3.39993e-03 	 6.94337e-04 	 2.70559e-03 
1.944 	 3.35955e-03 	 6.86602e-04 	 2.67294e-03 
1.941 	 3.31988e-03 	 6.79025e-04 	 2.64086e-03 
1.938 	 3.28091e-03 	 6.71600e-04 	 2.60931e-03 
1.935 	 3.24263e-03 	 6.64324e-04 	 2.57831e-03 
1.932 	 3.20502e-03 	 6.57193e-04 	 2.54783e-03 
1.929 	 3.16806e-03 	 6.50203e-04 	 2.51785e-03 
1.926 	 3.13173e-03 	 6.43351e-04 	 2.48838e-03 
1.923 	 3.09603e-03 	 6.36633e-04 	 2.45940e-03 
1.920 	 3.06094e-03 	 6.30046e-04 	 2.43089e-03 
1.917 	 3.02644e-03 	 6.23586e-04 	 2.40286e-03 
1.914 	 2.99252e-03 	 6.17251e-04 	 2.37527e-03 
1.911 	 2.95918e-03 	 6.11038e-04 	 2.34814e-03 
1.908 	 2.92638e-03 	 6.04943e-04 	 2.32144e-03 
