Energy [eV] Abs Cross [um^2] 
2.756 	 2.12782e-05 
2.749 	 2.16410e-05 
2.743 	 2.20131e-05 
2.737 	 2.23928e-05 
2.731 	 2.27793e-05 
2.725 	 2.31738e-05 
2.719 	 2.35770e-05 
2.713 	 2.39895e-05 
2.707 	 2.44119e-05 
2.701 	 2.48446e-05 
2.695 	 2.52880e-05 
2.689 	 2.57425e-05 
2.684 	 2.62086e-05 
2.678 	 2.66866e-05 
2.672 	 2.71766e-05 
2.666 	 2.76787e-05 
2.660 	 2.81934e-05 
2.655 	 2.87212e-05 
2.649 	 2.92626e-05 
2.643 	 2.98182e-05 
2.638 	 3.03882e-05 
2.632 	 3.09733e-05 
2.627 	 3.15740e-05 
2.621 	 3.21908e-05 
2.615 	 3.28243e-05 
2.610 	 3.34752e-05 
2.604 	 3.41441e-05 
2.599 	 3.48316e-05 
2.593 	 3.55383e-05 
2.588 	 3.62650e-05 
2.583 	 3.70125e-05 
2.577 	 3.77815e-05 
2.572 	 3.85730e-05 
2.566 	 3.93877e-05 
2.561 	 4.02266e-05 
2.556 	 4.10905e-05 
2.550 	 4.19805e-05 
2.545 	 4.28977e-05 
2.540 	 4.38431e-05 
2.535 	 4.48179e-05 
2.530 	 4.58232e-05 
2.524 	 4.68604e-05 
2.519 	 4.79307e-05 
2.514 	 4.90357e-05 
2.509 	 5.01767e-05 
2.504 	 5.13554e-05 
2.499 	 5.25734e-05 
2.494 	 5.38324e-05 
2.489 	 5.51344e-05 
2.484 	 5.64812e-05 
2.479 	 5.78750e-05 
2.474 	 5.93179e-05 
2.469 	 6.08123e-05 
2.464 	 6.23607e-05 
2.459 	 6.39658e-05 
2.454 	 6.56302e-05 
2.449 	 6.73569e-05 
2.444 	 6.91492e-05 
2.440 	 7.10102e-05 
2.435 	 7.29436e-05 
2.430 	 7.49531e-05 
2.425 	 7.70427e-05 
2.420 	 7.92169e-05 
2.416 	 8.14801e-05 
2.411 	 8.38375e-05 
2.406 	 8.62942e-05 
2.402 	 8.88561e-05 
2.397 	 9.15292e-05 
2.392 	 9.43203e-05 
2.388 	 9.72366e-05 
2.383 	 1.00286e-04 
2.378 	 1.03476e-04 
2.374 	 1.06817e-04 
2.369 	 1.10319e-04 
2.365 	 1.13991e-04 
2.360 	 1.17847e-04 
2.356 	 1.21899e-04 
2.351 	 1.26161e-04 
2.347 	 1.30649e-04 
2.342 	 1.35380e-04 
2.338 	 1.40373e-04 
2.333 	 1.45649e-04 
2.329 	 1.51231e-04 
2.325 	 1.57145e-04 
2.320 	 1.63419e-04 
2.316 	 1.70084e-04 
2.312 	 1.77176e-04 
2.307 	 1.84733e-04 
2.303 	 1.92794e-04 
2.299 	 2.01405e-04 
2.294 	 2.10608e-04 
2.290 	 2.20441e-04 
2.286 	 2.30935e-04 
2.282 	 2.42104e-04 
2.277 	 2.53935e-04 
2.273 	 2.66384e-04 
2.269 	 2.79373e-04 
2.265 	 2.92805e-04 
2.261 	 3.06597e-04 
2.257 	 3.20717e-04 
2.252 	 3.35222e-04 
2.248 	 3.50270e-04 
2.244 	 3.66101e-04 
2.240 	 3.82995e-04 
2.236 	 4.01235e-04 
2.232 	 4.21091e-04 
2.228 	 4.42809e-04 
2.224 	 4.66622e-04 
2.220 	 4.92761e-04 
2.216 	 5.21468e-04 
2.212 	 5.53004e-04 
2.208 	 5.87664e-04 
2.204 	 6.25781e-04 
2.200 	 6.67735e-04 
2.196 	 7.13960e-04 
2.192 	 7.64954e-04 
2.189 	 8.21284e-04 
2.185 	 8.83597e-04 
2.181 	 9.52625e-04 
2.177 	 1.02920e-03 
2.173 	 1.11424e-03 
2.169 	 1.20879e-03 
2.166 	 1.31398e-03 
2.162 	 1.43103e-03 
2.158 	 1.56121e-03 
2.154 	 1.70580e-03 
2.150 	 1.86599e-03 
2.147 	 2.04274e-03 
2.143 	 2.23657e-03 
2.139 	 2.44725e-03 
2.136 	 2.67347e-03 
2.132 	 2.91229e-03 
2.128 	 3.15872e-03 
2.124 	 3.40525e-03 
2.121 	 3.64174e-03 
2.117 	 3.85569e-03 
2.114 	 4.03333e-03 
2.110 	 4.16132e-03 
2.106 	 4.22905e-03 
2.103 	 4.23063e-03 
2.099 	 4.16626e-03 
2.096 	 4.04206e-03 
2.092 	 3.86880e-03 
2.089 	 3.65974e-03 
2.085 	 3.42846e-03 
2.081 	 3.18716e-03 
2.078 	 2.94573e-03 
2.074 	 2.71148e-03 
2.071 	 2.48925e-03 
2.068 	 2.28190e-03 
2.064 	 2.09075e-03 
2.061 	 1.91606e-03 
2.057 	 1.75735e-03 
2.054 	 1.61372e-03 
2.050 	 1.48407e-03 
2.047 	 1.36718e-03 
2.044 	 1.26183e-03 
2.040 	 1.16684e-03 
2.037 	 1.08114e-03 
2.033 	 1.00372e-03 
2.030 	 9.33680e-04 
2.027 	 8.70212e-04 
2.023 	 8.12599e-04 
2.020 	 7.60202e-04 
2.017 	 7.12460e-04 
2.014 	 6.68873e-04 
2.010 	 6.29005e-04 
2.007 	 5.92466e-04 
2.004 	 5.58917e-04 
2.000 	 5.28054e-04 
1.997 	 4.99612e-04 
1.994 	 4.73353e-04 
1.991 	 4.49070e-04 
1.988 	 4.26574e-04 
1.984 	 4.05701e-04 
1.981 	 3.86303e-04 
1.978 	 3.68249e-04 
1.975 	 3.51419e-04 
1.972 	 3.35709e-04 
1.969 	 3.21023e-04 
1.965 	 3.07277e-04 
1.962 	 2.94393e-04 
1.959 	 2.82302e-04 
1.956 	 2.70941e-04 
1.953 	 2.60254e-04 
1.950 	 2.50188e-04 
1.947 	 2.40698e-04 
1.944 	 2.31740e-04 
1.941 	 2.23277e-04 
1.938 	 2.15272e-04 
1.935 	 2.07693e-04 
1.932 	 2.00511e-04 
1.929 	 1.93699e-04 
1.926 	 1.87233e-04 
1.923 	 1.81089e-04 
1.920 	 1.75246e-04 
1.917 	 1.69686e-04 
1.914 	 1.64390e-04 
1.911 	 1.59342e-04 
1.908 	 1.54527e-04 
