 5.0000E-03 8.2666E-01 1.1385E-02 1.1338E-02 4.6972E-05 -7.1807E-04 4.0217E-01 5.6089E-06   214
 5.0000E-03 7.5840E-01 1.5068E-02 1.4991E-02 7.7093E-05 -5.6471E-04 4.0217E-01 9.2025E-06   214
 5.0000E-03 4.1541E-01 4.2271E-01 4.2222E-01 4.8825E-04  1.4076E-03 4.0218E-01 5.8014E-05   214
 5.0000E-03 7.5151E-01 1.5901E-02 1.5819E-02 8.1622E-05 -5.4631E-04 4.0217E-01 9.7427E-06   214
 5.0000E-03 7.4474E-01 1.6941E-02 1.6855E-02 8.6387E-05 -5.2845E-04 4.0217E-01 1.0311E-05   214
 5.0000E-03 7.3809E-01 1.8104E-02 1.8013E-02 9.1359E-05 -5.1217E-04 4.0217E-01 1.0904E-05   214
 5.0000E-03 7.3156E-01 1.9257E-02 1.9161E-02 9.6525E-05 -4.9660E-04 4.0217E-01 1.1520E-05   214
 5.0000E-03 7.2514E-01 2.0234E-02 2.0132E-02 1.0194E-04 -4.8026E-04 4.0217E-01 1.2166E-05   214
 5.0000E-03 7.1884E-01 2.1001E-02 2.0894E-02 1.0774E-04 -4.6257E-04 4.0217E-01 1.2858E-05   214
 5.0000E-03 7.1264E-01 2.1729E-02 2.1615E-02 1.1407E-04 -4.4395E-04 4.0217E-01 1.3613E-05   214
 5.0000E-03 7.0655E-01 2.2690E-02 2.2569E-02 1.2096E-04 -4.2553E-04 4.0217E-01 1.4434E-05   214
 5.0000E-03 7.0056E-01 2.3930E-02 2.3802E-02 1.2833E-04 -4.0848E-04 4.0217E-01 1.5314E-05   214
 5.0000E-03 8.1848E-01 1.1960E-02 1.1910E-02 4.9534E-05 -7.0102E-04 4.0217E-01 5.9146E-06   214
 5.0000E-03 6.9467E-01 2.5369E-02 2.5233E-02 1.3619E-04 -3.9189E-04 4.0217E-01 1.6251E-05   214
 5.0000E-03 6.8888E-01 2.6982E-02 2.6838E-02 1.4459E-04 -3.7515E-04 4.0217E-01 1.7252E-05   214
 5.0000E-03 6.8319E-01 2.8772E-02 2.8619E-02 1.5361E-04 -3.5936E-04 4.0217E-01 1.8328E-05   214
 5.0000E-03 6.7759E-01 3.0893E-02 3.0730E-02 1.6338E-04 -3.4404E-04 4.0217E-01 1.9493E-05   214
 5.0000E-03 6.7208E-01 3.3460E-02 3.3286E-02 1.7382E-04 -3.2740E-04 4.0217E-01 2.0738E-05   214
 5.0000E-03 6.6666E-01 3.6334E-02 3.6149E-02 1.8485E-04 -3.0946E-04 4.0217E-01 2.2053E-05   214
 5.0000E-03 6.6133E-01 3.9299E-02 3.9103E-02 1.9655E-04 -2.9106E-04 4.0217E-01 2.3448E-05   214
 5.0000E-03 6.5608E-01 4.2560E-02 4.2351E-02 2.0916E-04 -2.7218E-04 4.0217E-01 2.4951E-05   214
 5.0000E-03 6.5091E-01 4.6309E-02 4.6086E-02 2.2301E-04 -2.5297E-04 4.0217E-01 2.6601E-05   214
 5.0000E-03 6.4583E-01 5.0658E-02 5.0420E-02 2.3818E-04 -2.3380E-04 4.0217E-01 2.8411E-05   214
 5.0000E-03 8.1045E-01 1.2305E-02 1.2253E-02 5.2225E-05 -6.8307E-04 4.0217E-01 6.2356E-06   214
 5.0000E-03 6.4082E-01 5.5772E-02 5.5518E-02 2.5483E-04 -2.1417E-04 4.0217E-01 3.0394E-05   214
 5.0000E-03 6.3589E-01 6.1711E-02 6.1438E-02 2.7297E-04 -1.9352E-04 4.0217E-01 3.2557E-05   214
 5.0000E-03 6.3104E-01 6.8527E-02 6.8234E-02 2.9276E-04 -1.7188E-04 4.0217E-01 3.4916E-05   214
 5.0000E-03 6.2626E-01 7.6343E-02 7.6029E-02 3.1445E-04 -1.4965E-04 4.0217E-01 3.7501E-05   214
 5.0000E-03 6.2155E-01 8.5303E-02 8.4966E-02 3.3825E-04 -1.2720E-04 4.0217E-01 4.0337E-05   214
 5.0000E-03 6.1691E-01 9.5577E-02 9.5213E-02 3.6443E-04 -1.0469E-04 4.0217E-01 4.3457E-05   214
 5.0000E-03 6.1234E-01 1.0723E-01 1.0683E-01 3.9465E-04 -8.0930E-05 4.0217E-01 4.7058E-05   214
 5.0000E-03 6.0784E-01 1.2077E-01 1.2035E-01 4.2828E-04 -5.7008E-05 4.0217E-01 5.1066E-05   214
 5.0000E-03 6.0340E-01 1.3657E-01 1.3610E-01 4.6583E-04 -3.2800E-05 4.0217E-01 5.5540E-05   214
 5.0000E-03 5.9903E-01 1.5493E-01 1.5442E-01 5.0771E-04 -8.3105E-06 4.0217E-01 6.0530E-05   214
 5.0000E-03 8.0258E-01 1.2522E-02 1.2467E-02 5.5119E-05 -6.6472E-04 4.0217E-01 6.5809E-06   214
 5.0000E-03 5.9472E-01 1.7635E-01 1.7580E-01 5.5459E-04  1.6502E-05 4.0217E-01 6.6115E-05   214
 5.0000E-03 5.9047E-01 2.0137E-01 2.0076E-01 6.0709E-04  4.1604E-05 4.0217E-01 7.2370E-05   214
 5.0000E-03 5.8628E-01 2.3058E-01 2.2991E-01 6.6582E-04  6.6938E-05 4.0217E-01 7.9368E-05   214
 5.0000E-03 5.8215E-01 2.6463E-01 2.6390E-01 7.3134E-04  9.2456E-05 4.0217E-01 8.7173E-05   214
 5.0000E-03 5.7808E-01 3.0316E-01 3.0236E-01 7.9986E-04  1.1715E-04 4.0217E-01 9.5335E-05   214
 5.0000E-03 5.7407E-01 3.4736E-01 3.4648E-01 8.7366E-04  1.4208E-04 4.0217E-01 1.0413E-04   214
 5.0000E-03 5.7011E-01 3.9761E-01 3.9666E-01 9.5215E-04  1.6735E-04 4.0217E-01 1.1347E-04   214
 5.0000E-03 5.6621E-01 4.5373E-01 4.5270E-01 1.0336E-03  1.9297E-04 4.0217E-01 1.2318E-04   214
 5.0000E-03 5.6235E-01 5.1549E-01 5.1437E-01 1.1162E-03  2.1918E-04 4.0217E-01 1.3301E-04   214
 5.0000E-03 5.5855E-01 5.8134E-01 5.8015E-01 1.1960E-03  2.4598E-04 4.0217E-01 1.4251E-04   214
 5.0000E-03 7.9487E-01 1.2816E-02 1.2758E-02 5.8232E-05 -6.4711E-04 4.0217E-01 6.9523E-06   214
 5.0000E-03 5.5480E-01 6.4942E-01 6.4815E-01 1.2692E-03  2.7361E-04 4.0217E-01 1.5122E-04   214
 5.0000E-03 5.5111E-01 7.1667E-01 7.1534E-01 1.3305E-03  3.0217E-04 4.0217E-01 1.5852E-04   214
 5.0000E-03 5.4746E-01 7.8246E-01 7.8108E-01 1.3810E-03  3.3242E-04 4.0217E-01 1.6453E-04   214
 5.0000E-03 5.4385E-01 8.4472E-01 8.4330E-01 1.4171E-03  3.6507E-04 4.0217E-01 1.6881E-04   214
 5.0000E-03 5.4030E-01 8.9290E-01 8.9148E-01 1.4211E-03  3.9953E-04 4.0217E-01 1.6927E-04   214
 5.0000E-03 5.3679E-01 9.2341E-01 9.2202E-01 1.3918E-03  4.3617E-04 4.0217E-01 1.6577E-04   214
 5.0000E-03 5.3333E-01 9.3465E-01 9.3332E-01 1.3326E-03  4.7492E-04 4.0217E-01 1.5870E-04   214
 5.0000E-03 5.2991E-01 9.2769E-01 9.2644E-01 1.2501E-03  5.1569E-04 4.0217E-01 1.4886E-04   214
 5.0000E-03 5.2653E-01 9.0549E-01 9.0434E-01 1.1526E-03  5.5815E-04 4.0217E-01 1.3724E-04   214
 5.0000E-03 5.2320E-01 8.7214E-01 8.7109E-01 1.0487E-03  6.0164E-04 4.0217E-01 1.2485E-04   214
 5.0000E-03 7.8730E-01 1.3188E-02 1.3126E-02 6.1523E-05 -6.3077E-04 4.0217E-01 7.3450E-06   214
 5.0000E-03 5.1991E-01 8.2339E-01 8.2247E-01 9.2753E-04  6.4737E-04 4.0217E-01 1.1042E-04   214
 5.0000E-03 5.1666E-01 7.6038E-01 7.5959E-01 7.9316E-04  6.9455E-04 4.0217E-01 9.4408E-05   214
 5.0000E-03 5.1345E-01 7.0353E-01 7.0284E-01 6.8405E-04  7.3914E-04 4.0217E-01 8.1413E-05   214
 5.0000E-03 5.1028E-01 6.5307E-01 6.5248E-01 5.9563E-04  7.8145E-04 4.0217E-01 7.0883E-05   214
 5.0000E-03 5.0715E-01 6.0860E-01 6.0808E-01 5.2380E-04  8.2187E-04 4.0218E-01 6.2329E-05   214
 5.0000E-03 5.0406E-01 5.6944E-01 5.6898E-01 4.6518E-04  8.6078E-04 4.0218E-01 5.5348E-05   214
 5.0000E-03 5.0101E-01 5.3488E-01 5.3447E-01 4.1707E-04  8.9854E-04 4.0218E-01 4.9620E-05   214
 5.0000E-03 4.9799E-01 5.0418E-01 5.0380E-01 3.7726E-04  9.3560E-04 4.0218E-01 4.4880E-05   214
 5.0000E-03 4.9500E-01 4.7955E-01 4.7920E-01 3.4820E-04  9.6893E-04 4.0218E-01 4.1419E-05   214
 5.0000E-03 4.9206E-01 4.6349E-01 4.6316E-01 3.3223E-04  9.9450E-04 4.0218E-01 3.9517E-05   214
 5.0000E-03 7.7987E-01 1.3497E-02 1.3432E-02 6.5022E-05 -6.1551E-04 4.0217E-01 7.7624E-06   214
 5.0000E-03 4.8915E-01 4.5005E-01 4.4973E-01 3.2028E-04  1.0185E-03 4.0218E-01 3.8095E-05   214
 5.0000E-03 4.8627E-01 4.3885E-01 4.3854E-01 3.1169E-04  1.0408E-03 4.0218E-01 3.7070E-05   214
 5.0000E-03 4.8343E-01 4.2962E-01 4.2931E-01 3.0596E-04  1.0614E-03 4.0218E-01 3.6387E-05   214
 5.0000E-03 4.8062E-01 4.2206E-01 4.2176E-01 3.0268E-04  1.0803E-03 4.0218E-01 3.5996E-05   214
 5.0000E-03 4.7784E-01 4.1598E-01 4.1567E-01 3.0159E-04  1.0975E-03 4.0218E-01 3.5864E-05   214
 5.0000E-03 4.7509E-01 4.1119E-01 4.1089E-01 3.0246E-04  1.1129E-03 4.0218E-01 3.5967E-05   214
 5.0000E-03 4.7238E-01 4.0758E-01 4.0728E-01 3.0514E-04  1.1264E-03 4.0218E-01 3.6284E-05   214
 5.0000E-03 4.6969E-01 4.0567E-01 4.0537E-01 3.0947E-04  1.1389E-03 4.0218E-01 3.6797E-05   214
 5.0000E-03 4.6704E-01 4.0473E-01 4.0442E-01 3.1466E-04  1.1508E-03 4.0218E-01 3.7414E-05   214
 5.0000E-03 4.6441E-01 4.0433E-01 4.0401E-01 3.2062E-04  1.1621E-03 4.0218E-01 3.8122E-05   214
 5.0000E-03 7.7258E-01 1.3863E-02 1.3794E-02 6.8799E-05 -5.9977E-04 4.0217E-01 8.2131E-06   214
 5.0000E-03 4.6182E-01 4.0444E-01 4.0411E-01 3.2731E-04  1.1726E-03 4.0218E-01 3.8915E-05   214
 5.0000E-03 4.5925E-01 4.0504E-01 4.0471E-01 3.3476E-04  1.1825E-03 4.0218E-01 3.9801E-05   214
 5.0000E-03 4.5672E-01 4.0611E-01 4.0577E-01 3.4293E-04  1.1915E-03 4.0218E-01 4.0771E-05   214
 5.0000E-03 4.5421E-01 4.0764E-01 4.0729E-01 3.5190E-04  1.1999E-03 4.0218E-01 4.1836E-05   214
 5.0000E-03 4.5173E-01 4.0962E-01 4.0926E-01 3.6164E-04  1.2075E-03 4.0218E-01 4.2993E-05   214
 5.0000E-03 4.4927E-01 4.1014E-01 4.0977E-01 3.6933E-04  1.2181E-03 4.0218E-01 4.3906E-05   214
 5.0000E-03 4.4684E-01 4.0987E-01 4.0950E-01 3.7580E-04  1.2305E-03 4.0218E-01 4.4673E-05   214
 5.0000E-03 4.4444E-01 4.0967E-01 4.0929E-01 3.8233E-04  1.2431E-03 4.0218E-01 4.5449E-05   214
 5.0000E-03 4.4206E-01 4.0955E-01 4.0916E-01 3.8896E-04  1.2559E-03 4.0218E-01 4.6235E-05   214
 5.0000E-03 4.3971E-01 4.0950E-01 4.0911E-01 3.9564E-04  1.2689E-03 4.0218E-01 4.7028E-05   214
 5.0000E-03 7.6543E-01 1.4411E-02 1.4338E-02 7.2822E-05 -5.8269E-04 4.0217E-01 8.6930E-06   214
 5.0000E-03 4.3738E-01 4.0952E-01 4.0912E-01 4.0242E-04  1.2822E-03 4.0218E-01 4.7832E-05   214
 5.0000E-03 4.3508E-01 4.0962E-01 4.0921E-01 4.0926E-04  1.2956E-03 4.0218E-01 4.8643E-05   214
 5.0000E-03 4.3280E-01 4.0979E-01 4.0937E-01 4.1619E-04  1.3092E-03 4.0218E-01 4.9465E-05   214
 5.0000E-03 4.3055E-01 4.1004E-01 4.0961E-01 4.2318E-04  1.3230E-03 4.0218E-01 5.0294E-05   214
 5.0000E-03 4.2832E-01 4.1144E-01 4.1101E-01 4.3178E-04  1.3350E-03 4.0218E-01 5.1315E-05   214
 5.0000E-03 4.2611E-01 4.1299E-01 4.1255E-01 4.4062E-04  1.3472E-03 4.0218E-01 5.2364E-05   214
 5.0000E-03 4.2393E-01 4.1467E-01 4.1422E-01 4.4966E-04  1.3592E-03 4.0218E-01 5.3436E-05   214
 5.0000E-03 4.2176E-01 4.1649E-01 4.1603E-01 4.5898E-04  1.3714E-03 4.0218E-01 5.4542E-05   214
 5.0000E-03 4.1962E-01 4.1844E-01 4.1797E-01 4.6850E-04  1.3835E-03 4.0218E-01 5.5672E-05   214
 5.0000E-03 4.1750E-01 4.2051E-01 4.2004E-01 4.7827E-04  1.3956E-03 4.0218E-01 5.6831E-05   214
