Energy [eV] Abs Cross [um^2] 
2.756 	 8.71857e-04 
2.749 	 9.48332e-04 
2.743 	 1.03479e-03 
2.737 	 1.13291e-03 
2.731 	 1.24475e-03 
2.725 	 1.37289e-03 
2.719 	 1.52047e-03 
2.713 	 1.69137e-03 
2.707 	 1.89040e-03 
2.701 	 2.12354e-03 
2.695 	 2.39819e-03 
2.689 	 2.72351e-03 
2.684 	 3.11078e-03 
2.678 	 3.57368e-03 
2.672 	 4.12835e-03 
2.666 	 4.79281e-03 
2.660 	 5.58494e-03 
2.655 	 6.51787e-03 
2.649 	 7.59096e-03 
2.643 	 8.77496e-03 
2.638 	 9.99264e-03 
2.632 	 1.11051e-02 
2.627 	 1.19246e-02 
2.621 	 1.22722e-02 
2.615 	 1.20630e-02 
2.610 	 1.13540e-02 
2.604 	 1.03102e-02 
2.599 	 9.12203e-03 
2.593 	 7.93953e-03 
2.588 	 6.85163e-03 
2.583 	 5.89632e-03 
2.577 	 5.07950e-03 
2.572 	 4.39087e-03 
2.566 	 3.81384e-03 
2.561 	 3.33088e-03 
2.556 	 2.92587e-03 
2.550 	 2.58496e-03 
2.545 	 2.29662e-03 
2.540 	 2.05143e-03 
2.535 	 1.84175e-03 
2.530 	 1.66143e-03 
2.524 	 1.50549e-03 
2.519 	 1.36992e-03 
2.514 	 1.25144e-03 
2.509 	 1.14740e-03 
2.504 	 1.05560e-03 
2.499 	 9.74251e-04 
2.494 	 9.01855e-04 
2.489 	 8.37172e-04 
2.484 	 7.79165e-04 
2.479 	 7.26961e-04 
2.474 	 6.79822e-04 
2.469 	 6.37123e-04 
2.464 	 5.98328e-04 
2.459 	 5.62980e-04 
2.454 	 5.30686e-04 
2.449 	 5.01108e-04 
2.444 	 4.73952e-04 
2.440 	 4.48962e-04 
2.435 	 4.25917e-04 
2.430 	 4.04620e-04 
2.425 	 3.84900e-04 
2.420 	 3.66604e-04 
2.416 	 3.49600e-04 
2.411 	 3.33770e-04 
2.406 	 3.19008e-04 
2.402 	 3.05219e-04 
2.397 	 2.92322e-04 
2.392 	 2.80239e-04 
2.388 	 2.68905e-04 
2.383 	 2.58258e-04 
2.378 	 2.48244e-04 
2.374 	 2.38813e-04 
2.369 	 2.29922e-04 
2.365 	 2.21529e-04 
2.360 	 2.13598e-04 
2.356 	 2.06095e-04 
2.351 	 1.98991e-04 
2.347 	 1.92257e-04 
2.342 	 1.85867e-04 
2.338 	 1.79800e-04 
2.333 	 1.74032e-04 
2.329 	 1.68546e-04 
2.325 	 1.63323e-04 
2.320 	 1.58346e-04 
2.316 	 1.53600e-04 
2.312 	 1.49071e-04 
2.307 	 1.44745e-04 
2.303 	 1.40611e-04 
2.299 	 1.36658e-04 
2.294 	 1.32874e-04 
2.290 	 1.29250e-04 
2.286 	 1.25777e-04 
2.282 	 1.22447e-04 
2.277 	 1.19252e-04 
2.273 	 1.16185e-04 
2.269 	 1.13238e-04 
2.265 	 1.10407e-04 
2.261 	 1.07684e-04 
2.257 	 1.05065e-04 
2.252 	 1.02543e-04 
2.248 	 1.00115e-04 
2.244 	 9.77754e-05 
2.240 	 9.55202e-05 
2.236 	 9.33453e-05 
2.232 	 9.12468e-05 
2.228 	 8.92212e-05 
2.224 	 8.72651e-05 
2.220 	 8.53753e-05 
2.216 	 8.35487e-05 
2.212 	 8.17826e-05 
2.208 	 8.00742e-05 
2.204 	 7.84211e-05 
2.200 	 7.68208e-05 
2.196 	 7.52711e-05 
2.192 	 7.37700e-05 
2.189 	 7.23153e-05 
2.185 	 7.09051e-05 
2.181 	 6.95377e-05 
2.177 	 6.82113e-05 
2.173 	 6.69243e-05 
2.169 	 6.56750e-05 
2.166 	 6.44621e-05 
2.162 	 6.32840e-05 
2.158 	 6.21396e-05 
2.154 	 6.10273e-05 
2.150 	 5.99462e-05 
2.147 	 5.88949e-05 
2.143 	 5.78724e-05 
2.139 	 5.68776e-05 
2.136 	 5.59095e-05 
2.132 	 5.49672e-05 
2.128 	 5.40498e-05 
2.124 	 5.31563e-05 
2.121 	 5.22859e-05 
2.117 	 5.14378e-05 
2.114 	 5.06113e-05 
2.110 	 4.98056e-05 
2.106 	 4.90200e-05 
2.103 	 4.82539e-05 
2.099 	 4.75065e-05 
2.096 	 4.67773e-05 
2.092 	 4.60657e-05 
2.089 	 4.53711e-05 
2.085 	 4.46930e-05 
2.081 	 4.40308e-05 
2.078 	 4.33840e-05 
2.074 	 4.27521e-05 
2.071 	 4.21348e-05 
2.068 	 4.15314e-05 
2.064 	 4.09417e-05 
2.061 	 4.03651e-05 
2.057 	 3.98014e-05 
2.054 	 3.92500e-05 
2.050 	 3.87107e-05 
2.047 	 3.81831e-05 
2.044 	 3.76669e-05 
2.040 	 3.71617e-05 
2.037 	 3.66671e-05 
2.033 	 3.61830e-05 
2.030 	 3.57090e-05 
2.027 	 3.52447e-05 
2.023 	 3.47901e-05 
2.020 	 3.43446e-05 
2.017 	 3.39083e-05 
2.014 	 3.34806e-05 
2.010 	 3.30615e-05 
2.007 	 3.26507e-05 
2.004 	 3.22480e-05 
2.000 	 3.18531e-05 
1.997 	 3.14659e-05 
1.994 	 3.10861e-05 
1.991 	 3.07136e-05 
1.988 	 3.03482e-05 
1.984 	 2.99896e-05 
1.981 	 2.96378e-05 
1.978 	 2.92926e-05 
1.975 	 2.89537e-05 
1.972 	 2.86211e-05 
1.969 	 2.82946e-05 
1.965 	 2.79739e-05 
1.962 	 2.76591e-05 
1.959 	 2.73499e-05 
1.956 	 2.70462e-05 
1.953 	 2.67479e-05 
1.950 	 2.64548e-05 
1.947 	 2.61669e-05 
1.944 	 2.58839e-05 
1.941 	 2.56057e-05 
1.938 	 2.53324e-05 
1.935 	 2.50636e-05 
1.932 	 2.47994e-05 
1.929 	 2.45396e-05 
1.926 	 2.42842e-05 
1.923 	 2.40329e-05 
1.920 	 2.37858e-05 
1.917 	 2.35428e-05 
1.914 	 2.33037e-05 
1.911 	 2.30685e-05 
1.908 	 2.28371e-05 
