Energy [eV] Ext Cross [um^2] Abs Cross [um^2] Sca Cross [um^2] 
2.756 	 2.36966e-03 	 1.99325e-03 	 3.76408e-04 
2.749 	 2.54113e-03 	 2.12611e-03 	 4.15022e-04 
2.743 	 2.73044e-03 	 2.27255e-03 	 4.57894e-04 
2.737 	 2.93992e-03 	 2.43432e-03 	 5.05607e-04 
2.731 	 3.17238e-03 	 2.61355e-03 	 5.58830e-04 
2.725 	 3.43116e-03 	 2.81284e-03 	 6.18318e-04 
2.719 	 3.72010e-03 	 3.03515e-03 	 6.84954e-04 
2.713 	 4.04359e-03 	 3.28381e-03 	 7.59773e-04 
2.707 	 4.40641e-03 	 3.56241e-03 	 8.43997e-04 
2.701 	 4.81354e-03 	 3.87447e-03 	 9.39063e-04 
2.695 	 5.26955e-03 	 4.22290e-03 	 1.04665e-03 
2.689 	 5.77783e-03 	 4.60913e-03 	 1.16870e-03 
2.684 	 6.34002e-03 	 5.03249e-03 	 1.30753e-03 
2.678 	 6.95647e-03 	 5.49064e-03 	 1.46584e-03 
2.672 	 7.62909e-03 	 5.98227e-03 	 1.64682e-03 
2.666 	 8.36572e-03 	 6.51147e-03 	 1.85425e-03 
2.660 	 9.18285e-03 	 7.09035e-03 	 2.09249e-03 
2.655 	 1.01039e-02 	 7.73738e-03 	 2.36656e-03 
2.649 	 1.11551e-02 	 8.47301e-03 	 2.68211e-03 
2.643 	 1.23614e-02 	 9.31609e-03 	 3.04529e-03 
2.638 	 1.37447e-02 	 1.02822e-02 	 3.46254e-03 
2.632 	 1.53226e-02 	 1.13826e-02 	 3.93999e-03 
2.627 	 1.71059e-02 	 1.26233e-02 	 4.48255e-03 
2.621 	 1.90937e-02 	 1.40014e-02 	 5.09229e-03 
2.615 	 2.12671e-02 	 1.55008e-02 	 5.76629e-03 
2.610 	 2.35796e-02 	 1.70859e-02 	 6.49369e-03 
2.604 	 2.59479e-02 	 1.86954e-02 	 7.25251e-03 
2.599 	 2.82455e-02 	 2.02383e-02 	 8.00722e-03 
2.593 	 3.03061e-02 	 2.15973e-02 	 8.70882e-03 
2.588 	 3.19414e-02 	 2.26420e-02 	 9.29949e-03 
2.583 	 3.29765e-02 	 2.32538e-02 	 9.72268e-03 
2.577 	 3.32926e-02 	 2.33563e-02 	 9.93630e-03 
2.572 	 3.28612e-02 	 2.29371e-02 	 9.92405e-03 
2.566 	 3.17509e-02 	 2.20517e-02 	 9.69919e-03 
2.561 	 3.01054e-02 	 2.08060e-02 	 9.29937e-03 
2.556 	 2.81032e-02 	 1.93280e-02 	 8.77522e-03 
2.550 	 2.59185e-02 	 1.77400e-02 	 8.17854e-03 
2.545 	 2.36952e-02 	 1.61414e-02 	 7.55380e-03 
2.540 	 2.15369e-02 	 1.46025e-02 	 6.93441e-03 
2.535 	 1.95087e-02 	 1.31662e-02 	 6.34255e-03 
2.530 	 1.76451e-02 	 1.18540e-02 	 5.79108e-03 
2.524 	 1.59584e-02 	 1.06725e-02 	 5.28593e-03 
2.519 	 1.44471e-02 	 9.61865e-03 	 4.82845e-03 
2.514 	 1.31013e-02 	 8.68417e-03 	 4.41713e-03 
2.509 	 1.19071e-02 	 7.85819e-03 	 4.04888e-03 
2.504 	 1.08490e-02 	 7.12908e-03 	 3.71991e-03 
2.499 	 9.91167e-03 	 6.48545e-03 	 3.42622e-03 
2.494 	 9.08061e-03 	 5.91670e-03 	 3.16391e-03 
2.489 	 8.34261e-03 	 5.41328e-03 	 2.92933e-03 
2.484 	 7.68593e-03 	 4.96674e-03 	 2.71919e-03 
2.479 	 7.10024e-03 	 4.56968e-03 	 2.53056e-03 
2.474 	 6.57654e-03 	 4.21571e-03 	 2.36083e-03 
2.469 	 6.10701e-03 	 3.89928e-03 	 2.20773e-03 
2.464 	 5.68490e-03 	 3.61562e-03 	 2.06927e-03 
2.459 	 5.30437e-03 	 3.36063e-03 	 1.94374e-03 
2.454 	 4.96041e-03 	 3.13078e-03 	 1.82963e-03 
2.449 	 4.64868e-03 	 2.92303e-03 	 1.72565e-03 
2.444 	 4.36542e-03 	 2.73477e-03 	 1.63065e-03 
2.440 	 4.10739e-03 	 2.56373e-03 	 1.54365e-03 
2.435 	 3.87175e-03 	 2.40796e-03 	 1.46380e-03 
2.430 	 3.65607e-03 	 2.26574e-03 	 1.39033e-03 
2.425 	 3.45819e-03 	 2.13561e-03 	 1.32258e-03 
2.420 	 3.27625e-03 	 2.01626e-03 	 1.25999e-03 
2.416 	 3.10860e-03 	 1.90657e-03 	 1.20203e-03 
2.411 	 2.95381e-03 	 1.80555e-03 	 1.14826e-03 
2.406 	 2.81061e-03 	 1.71233e-03 	 1.09828e-03 
2.402 	 2.67789e-03 	 1.62615e-03 	 1.05174e-03 
2.397 	 2.55464e-03 	 1.54632e-03 	 1.00833e-03 
2.392 	 2.44001e-03 	 1.47225e-03 	 9.67757e-04 
2.388 	 2.33319e-03 	 1.40340e-03 	 9.29787e-04 
2.383 	 2.23351e-03 	 1.33931e-03 	 8.94194e-04 
2.378 	 2.14033e-03 	 1.27955e-03 	 8.60778e-04 
2.374 	 2.05311e-03 	 1.22375e-03 	 8.29362e-04 
2.369 	 1.97135e-03 	 1.17156e-03 	 7.99784e-04 
2.365 	 1.89459e-03 	 1.12269e-03 	 7.71901e-04 
2.360 	 1.82244e-03 	 1.07686e-03 	 7.45581e-04 
2.356 	 1.75453e-03 	 1.03383e-03 	 7.20705e-04 
2.351 	 1.69054e-03 	 9.93375e-04 	 6.97166e-04 
2.347 	 1.63016e-03 	 9.55296e-04 	 6.74867e-04 
2.342 	 1.57313e-03 	 9.19413e-04 	 6.53720e-04 
2.338 	 1.51921e-03 	 8.85563e-04 	 6.33643e-04 
2.333 	 1.46816e-03 	 8.53594e-04 	 6.14562e-04 
2.329 	 1.41978e-03 	 8.23373e-04 	 5.96411e-04 
2.325 	 1.37390e-03 	 7.94774e-04 	 5.79127e-04 
2.320 	 1.33034e-03 	 7.67684e-04 	 5.62653e-04 
2.316 	 1.28894e-03 	 7.41999e-04 	 5.46938e-04 
2.312 	 1.24956e-03 	 7.17625e-04 	 5.31934e-04 
2.307 	 1.21207e-03 	 6.94474e-04 	 5.17596e-04 
2.303 	 1.17635e-03 	 6.72465e-04 	 5.03883e-04 
2.299 	 1.14228e-03 	 6.51524e-04 	 4.90758e-04 
2.294 	 1.10977e-03 	 6.31584e-04 	 4.78186e-04 
2.290 	 1.07872e-03 	 6.12582e-04 	 4.66135e-04 
2.286 	 1.04903e-03 	 5.94459e-04 	 4.54574e-04 
2.282 	 1.02064e-03 	 5.77162e-04 	 4.43477e-04 
2.277 	 9.93459e-04 	 5.60642e-04 	 4.32817e-04 
2.273 	 9.67424e-04 	 5.44853e-04 	 4.22571e-04 
2.269 	 9.42470e-04 	 5.29753e-04 	 4.12716e-04 
2.265 	 9.18536e-04 	 5.15303e-04 	 4.03232e-04 
2.261 	 8.95566e-04 	 5.01466e-04 	 3.94100e-04 
2.257 	 8.73509e-04 	 4.88208e-04 	 3.85301e-04 
2.252 	 8.52316e-04 	 4.75498e-04 	 3.76818e-04 
2.248 	 8.31941e-04 	 4.63305e-04 	 3.68635e-04 
2.244 	 8.12341e-04 	 4.51603e-04 	 3.60739e-04 
2.240 	 7.93478e-04 	 4.40364e-04 	 3.53114e-04 
2.236 	 7.75313e-04 	 4.29566e-04 	 3.45747e-04 
2.232 	 7.57812e-04 	 4.19184e-04 	 3.38628e-04 
2.228 	 7.40941e-04 	 4.09198e-04 	 3.31743e-04 
2.224 	 7.24670e-04 	 3.99588e-04 	 3.25082e-04 
2.220 	 7.08970e-04 	 3.90336e-04 	 3.18635e-04 
2.216 	 6.93814e-04 	 3.81422e-04 	 3.12392e-04 
2.212 	 6.79176e-04 	 3.72832e-04 	 3.06344e-04 
2.208 	 6.65031e-04 	 3.64549e-04 	 3.00482e-04 
2.204 	 6.51359e-04 	 3.56559e-04 	 2.94800e-04 
2.200 	 6.38136e-04 	 3.48849e-04 	 2.89287e-04 
2.196 	 6.25344e-04 	 3.41405e-04 	 2.83939e-04 
2.192 	 6.12963e-04 	 3.34216e-04 	 2.78748e-04 
2.189 	 6.00976e-04 	 3.27270e-04 	 2.73706e-04 
2.185 	 5.89365e-04 	 3.20556e-04 	 2.68809e-04 
2.181 	 5.78115e-04 	 3.14064e-04 	 2.64051e-04 
2.177 	 5.67210e-04 	 3.07784e-04 	 2.59426e-04 
2.173 	 5.56635e-04 	 3.01707e-04 	 2.54928e-04 
2.169 	 5.46378e-04 	 2.95825e-04 	 2.50553e-04 
2.166 	 5.36426e-04 	 2.90129e-04 	 2.46296e-04 
2.162 	 5.26765e-04 	 2.84612e-04 	 2.42153e-04 
2.158 	 5.17385e-04 	 2.79265e-04 	 2.38119e-04 
2.154 	 5.08274e-04 	 2.74083e-04 	 2.34191e-04 
2.150 	 4.99422e-04 	 2.69058e-04 	 2.30364e-04 
2.147 	 4.90818e-04 	 2.64184e-04 	 2.26634e-04 
2.143 	 4.82454e-04 	 2.59455e-04 	 2.22999e-04 
2.139 	 4.74320e-04 	 2.54866e-04 	 2.19455e-04 
2.136 	 4.66408e-04 	 2.50410e-04 	 2.15998e-04 
2.132 	 4.58709e-04 	 2.46083e-04 	 2.12626e-04 
2.128 	 4.51216e-04 	 2.41880e-04 	 2.09335e-04 
2.124 	 4.43920e-04 	 2.37797e-04 	 2.06124e-04 
2.121 	 4.36816e-04 	 2.33828e-04 	 2.02989e-04 
2.117 	 4.29896e-04 	 2.29969e-04 	 1.99927e-04 
2.114 	 4.23154e-04 	 2.26217e-04 	 1.96937e-04 
2.110 	 4.16583e-04 	 2.22567e-04 	 1.94016e-04 
2.106 	 4.10178e-04 	 2.19017e-04 	 1.91161e-04 
2.103 	 4.03932e-04 	 2.15561e-04 	 1.88371e-04 
2.099 	 3.97841e-04 	 2.12198e-04 	 1.85643e-04 
2.096 	 3.91899e-04 	 2.08923e-04 	 1.82976e-04 
2.092 	 3.86102e-04 	 2.05734e-04 	 1.80368e-04 
2.089 	 3.80444e-04 	 2.02627e-04 	 1.77816e-04 
2.085 	 3.74920e-04 	 1.99600e-04 	 1.75320e-04 
2.081 	 3.69528e-04 	 1.96651e-04 	 1.72877e-04 
2.078 	 3.64261e-04 	 1.93776e-04 	 1.70486e-04 
2.074 	 3.59117e-04 	 1.90972e-04 	 1.68145e-04 
2.071 	 3.54091e-04 	 1.88239e-04 	 1.65852e-04 
2.068 	 3.49180e-04 	 1.85573e-04 	 1.63608e-04 
2.064 	 3.44380e-04 	 1.82972e-04 	 1.61409e-04 
2.061 	 3.39688e-04 	 1.80434e-04 	 1.59254e-04 
2.057 	 3.35101e-04 	 1.77957e-04 	 1.57144e-04 
2.054 	 3.30614e-04 	 1.75539e-04 	 1.55075e-04 
2.050 	 3.26226e-04 	 1.73179e-04 	 1.53047e-04 
2.047 	 3.21933e-04 	 1.70874e-04 	 1.51059e-04 
2.044 	 3.17733e-04 	 1.68622e-04 	 1.49110e-04 
2.040 	 3.13622e-04 	 1.66423e-04 	 1.47199e-04 
2.037 	 3.09599e-04 	 1.64275e-04 	 1.45324e-04 
2.033 	 3.05660e-04 	 1.62175e-04 	 1.43485e-04 
2.030 	 3.01804e-04 	 1.60123e-04 	 1.41681e-04 
2.027 	 2.98027e-04 	 1.58117e-04 	 1.39910e-04 
2.023 	 2.94328e-04 	 1.56156e-04 	 1.38172e-04 
2.020 	 2.90705e-04 	 1.54238e-04 	 1.36467e-04 
2.017 	 2.87155e-04 	 1.52363e-04 	 1.34792e-04 
2.014 	 2.83676e-04 	 1.50528e-04 	 1.33149e-04 
2.010 	 2.80267e-04 	 1.48733e-04 	 1.31534e-04 
2.007 	 2.76926e-04 	 1.46977e-04 	 1.29949e-04 
2.004 	 2.73649e-04 	 1.45258e-04 	 1.28392e-04 
2.000 	 2.70437e-04 	 1.43575e-04 	 1.26862e-04 
1.997 	 2.67287e-04 	 1.41928e-04 	 1.25359e-04 
1.994 	 2.64198e-04 	 1.40316e-04 	 1.23883e-04 
1.991 	 2.61168e-04 	 1.38737e-04 	 1.22431e-04 
1.988 	 2.58196e-04 	 1.37190e-04 	 1.21005e-04 
1.984 	 2.55279e-04 	 1.35676e-04 	 1.19603e-04 
1.981 	 2.52417e-04 	 1.34192e-04 	 1.18225e-04 
1.978 	 2.49609e-04 	 1.32739e-04 	 1.16870e-04 
1.975 	 2.46852e-04 	 1.31314e-04 	 1.15538e-04 
1.972 	 2.44146e-04 	 1.29919e-04 	 1.14228e-04 
1.969 	 2.41490e-04 	 1.28551e-04 	 1.12939e-04 
1.965 	 2.38882e-04 	 1.27210e-04 	 1.11672e-04 
1.962 	 2.36321e-04 	 1.25896e-04 	 1.10425e-04 
1.959 	 2.33805e-04 	 1.24607e-04 	 1.09198e-04 
1.956 	 2.31335e-04 	 1.23343e-04 	 1.07991e-04 
1.953 	 2.28908e-04 	 1.22104e-04 	 1.06804e-04 
1.950 	 2.26524e-04 	 1.20889e-04 	 1.05635e-04 
1.947 	 2.24181e-04 	 1.19696e-04 	 1.04485e-04 
1.944 	 2.21879e-04 	 1.18527e-04 	 1.03352e-04 
1.941 	 2.19617e-04 	 1.17379e-04 	 1.02238e-04 
1.938 	 2.17393e-04 	 1.16252e-04 	 1.01140e-04 
1.935 	 2.15207e-04 	 1.15147e-04 	 1.00060e-04 
1.932 	 2.13058e-04 	 1.14062e-04 	 9.89959e-05 
1.929 	 2.10945e-04 	 1.12997e-04 	 9.79481e-05 
1.926 	 2.08868e-04 	 1.11952e-04 	 9.69162e-05 
1.923 	 2.06825e-04 	 1.10925e-04 	 9.58997e-05 
1.920 	 2.04815e-04 	 1.09917e-04 	 9.48985e-05 
1.917 	 2.02839e-04 	 1.08927e-04 	 9.39121e-05 
1.914 	 2.00895e-04 	 1.07955e-04 	 9.29404e-05 
1.911 	 1.98983e-04 	 1.07000e-04 	 9.19829e-05 
1.908 	 1.97102e-04 	 1.06062e-04 	 9.10394e-05 
