Energy [eV] Abs Cross [um^2] 
3.100 	 1.29578e-06 
3.094 	 1.32536e-06 
3.088 	 1.35589e-06 
3.083 	 1.38740e-06 
3.077 	 1.41996e-06 
3.071 	 1.45360e-06 
3.065 	 1.48840e-06 
3.060 	 1.52439e-06 
3.054 	 1.56162e-06 
3.048 	 1.60013e-06 
3.043 	 1.64000e-06 
3.037 	 1.68129e-06 
3.031 	 1.72404e-06 
3.026 	 1.76831e-06 
3.020 	 1.81411e-06 
3.015 	 1.86152e-06 
3.009 	 1.91068e-06 
3.004 	 1.96180e-06 
2.998 	 2.01502e-06 
2.993 	 2.07049e-06 
2.987 	 2.12831e-06 
2.982 	 2.18854e-06 
2.977 	 2.25128e-06 
2.971 	 2.31658e-06 
2.966 	 2.38446e-06 
2.961 	 2.45484e-06 
2.955 	 2.52757e-06 
2.950 	 2.60239e-06 
2.945 	 2.67936e-06 
2.939 	 2.75974e-06 
2.934 	 2.84479e-06 
2.929 	 2.93548e-06 
2.924 	 3.03239e-06 
2.919 	 3.13567e-06 
2.913 	 3.24488e-06 
2.908 	 3.35908e-06 
2.903 	 3.47728e-06 
2.898 	 3.59884e-06 
2.893 	 3.72377e-06 
2.888 	 3.85302e-06 
2.883 	 3.98890e-06 
2.878 	 4.13527e-06 
2.873 	 4.29316e-06 
2.868 	 4.46056e-06 
2.863 	 4.63631e-06 
2.858 	 4.82007e-06 
2.853 	 5.01215e-06 
2.848 	 5.21329e-06 
2.843 	 5.42446e-06 
2.838 	 5.64811e-06 
2.833 	 5.88775e-06 
2.828 	 6.14621e-06 
2.823 	 6.42554e-06 
2.819 	 6.72690e-06 
2.814 	 7.05046e-06 
2.809 	 7.39534e-06 
2.804 	 7.76144e-06 
2.799 	 8.15134e-06 
2.795 	 8.56811e-06 
2.790 	 9.01510e-06 
2.785 	 9.49593e-06 
2.780 	 1.00146e-05 
2.776 	 1.05754e-05 
2.771 	 1.11832e-05 
2.766 	 1.18434e-05 
2.762 	 1.25621e-05 
2.757 	 1.33458e-05 
2.752 	 1.42022e-05 
2.748 	 1.51398e-05 
2.743 	 1.61686e-05 
2.739 	 1.72997e-05 
2.734 	 1.85464e-05 
2.730 	 1.99242e-05 
2.725 	 2.14514e-05 
2.721 	 2.31493e-05 
2.716 	 2.50427e-05 
2.712 	 2.71606e-05 
2.707 	 2.95375e-05 
2.703 	 3.22137e-05 
2.698 	 3.52366e-05 
2.694 	 3.86619e-05 
2.689 	 4.25548e-05 
2.685 	 4.69914e-05 
2.681 	 5.20598e-05 
2.676 	 5.78604e-05 
2.672 	 6.45054e-05 
2.668 	 7.21154e-05 
2.663 	 8.08110e-05 
2.659 	 9.06980e-05 
2.655 	 1.01842e-04 
2.650 	 1.14226e-04 
2.646 	 1.27696e-04 
2.642 	 1.41884e-04 
2.638 	 1.56135e-04 
2.634 	 1.69479e-04 
2.629 	 1.80685e-04 
2.625 	 1.88457e-04 
2.621 	 1.91753e-04 
2.617 	 1.90106e-04 
2.613 	 1.83785e-04 
2.608 	 1.73699e-04 
2.604 	 1.61096e-04 
2.600 	 1.47240e-04 
2.596 	 1.33174e-04 
2.592 	 1.19632e-04 
2.588 	 1.07057e-04 
2.584 	 9.56565e-05 
2.580 	 8.54844e-05 
2.576 	 7.64987e-05 
2.572 	 6.86073e-05 
2.568 	 6.16970e-05 
2.564 	 5.56509e-05 
2.560 	 5.03579e-05 
2.556 	 4.57168e-05 
2.552 	 4.16383e-05 
2.548 	 3.80446e-05 
2.544 	 3.48688e-05 
2.540 	 3.20536e-05 
2.536 	 2.95500e-05 
2.532 	 2.73165e-05 
2.528 	 2.53177e-05 
2.524 	 2.35233e-05 
2.521 	 2.19077e-05 
2.517 	 2.04488e-05 
2.513 	 1.91276e-05 
2.509 	 1.79281e-05 
2.505 	 1.68360e-05 
2.501 	 1.58394e-05 
2.498 	 1.49276e-05 
2.494 	 1.40915e-05 
2.490 	 1.33231e-05 
2.486 	 1.26155e-05 
2.482 	 1.19625e-05 
2.479 	 1.13588e-05 
2.475 	 1.07995e-05 
2.471 	 1.02805e-05 
2.468 	 9.79808e-06 
2.464 	 9.34887e-06 
2.460 	 8.92994e-06 
2.457 	 8.53864e-06 
2.453 	 8.17264e-06 
2.449 	 7.82981e-06 
2.446 	 7.50825e-06 
2.442 	 7.20626e-06 
2.438 	 6.92230e-06 
2.435 	 6.65496e-06 
2.431 	 6.40297e-06 
2.428 	 6.16520e-06 
2.424 	 5.94059e-06 
2.420 	 5.72819e-06 
2.417 	 5.52714e-06 
2.413 	 5.33665e-06 
2.410 	 5.15599e-06 
2.406 	 4.98449e-06 
2.403 	 4.82156e-06 
2.399 	 4.66663e-06 
2.396 	 4.51918e-06 
2.392 	 4.37874e-06 
2.389 	 4.24487e-06 
2.385 	 4.11717e-06 
2.382 	 3.99526e-06 
2.378 	 3.87881e-06 
2.375 	 3.76748e-06 
2.372 	 3.66098e-06 
2.368 	 3.55903e-06 
2.365 	 3.46139e-06 
2.361 	 3.36780e-06 
2.358 	 3.27805e-06 
2.355 	 3.19192e-06 
2.351 	 3.10923e-06 
2.348 	 3.02979e-06 
2.345 	 2.95344e-06 
2.341 	 2.88001e-06 
2.338 	 2.80937e-06 
2.335 	 2.74136e-06 
2.331 	 2.67587e-06 
2.328 	 2.61276e-06 
2.325 	 2.55192e-06 
2.321 	 2.49325e-06 
2.318 	 2.43664e-06 
2.315 	 2.38200e-06 
2.312 	 2.32923e-06 
2.308 	 2.27825e-06 
2.305 	 2.22898e-06 
2.302 	 2.18135e-06 
2.299 	 2.13527e-06 
2.295 	 2.09069e-06 
2.292 	 2.04754e-06 
2.289 	 2.00575e-06 
2.286 	 1.96527e-06 
2.283 	 1.92604e-06 
2.280 	 1.88802e-06 
2.276 	 1.85115e-06 
2.273 	 1.81539e-06 
2.270 	 1.78069e-06 
2.267 	 1.74701e-06 
2.264 	 1.71432e-06 
2.261 	 1.68256e-06 
2.258 	 1.65172e-06 
2.255 	 1.62175e-06 
