 5.0000E-03 8.2666E-01 2.8822E-03 2.8748E-03 7.4122E-06 -9.6884E-04 4.0217E-01 8.8559E-07   214
 5.0000E-03 7.5840E-01 3.9525E-03 3.9413E-03 1.1194E-05 -8.0459E-04 4.0217E-01 1.3370E-06   214
 5.0000E-03 4.1541E-01 1.6663E-01 1.6652E-01 1.0881E-04  5.8623E-04 4.0218E-01 1.2956E-05   214
 5.0000E-03 7.5151E-01 4.0842E-03 4.0725E-03 1.1708E-05 -7.8453E-04 4.0217E-01 1.3983E-06   214
 5.0000E-03 7.4474E-01 4.2079E-03 4.1956E-03 1.2244E-05 -7.6792E-04 4.0217E-01 1.4623E-06   214
 5.0000E-03 7.3809E-01 4.3290E-03 4.3162E-03 1.2807E-05 -7.5652E-04 4.0217E-01 1.5295E-06   214
 5.0000E-03 7.3156E-01 4.4679E-03 4.4546E-03 1.3399E-05 -7.5064E-04 4.0217E-01 1.6002E-06   214
 5.0000E-03 7.2514E-01 4.6505E-03 4.6365E-03 1.4023E-05 -7.4479E-04 4.0217E-01 1.6746E-06   214
 5.0000E-03 7.1884E-01 4.9180E-03 4.9033E-03 1.4674E-05 -7.3409E-04 4.0217E-01 1.7523E-06   214
 5.0000E-03 7.1264E-01 5.2487E-03 5.2334E-03 1.5347E-05 -7.2103E-04 4.0217E-01 1.8327E-06   214
 5.0000E-03 7.0655E-01 5.5810E-03 5.5649E-03 1.6043E-05 -7.0961E-04 4.0217E-01 1.9157E-06   214
 5.0000E-03 7.0056E-01 5.9204E-03 5.9037E-03 1.6771E-05 -6.9789E-04 4.0217E-01 2.0026E-06   214
 5.0000E-03 8.1848E-01 2.9848E-03 2.9771E-03 7.7704E-06 -9.5262E-04 4.0217E-01 9.2836E-07   214
 5.0000E-03 6.9467E-01 6.3270E-03 6.3095E-03 1.7531E-05 -6.8326E-04 4.0217E-01 2.0933E-06   214
 5.0000E-03 6.8888E-01 6.7917E-03 6.7735E-03 1.8315E-05 -6.6682E-04 4.0217E-01 2.1868E-06   214
 5.0000E-03 6.8319E-01 7.2564E-03 7.2373E-03 1.9119E-05 -6.5015E-04 4.0217E-01 2.2828E-06   214
 5.0000E-03 6.7759E-01 7.6513E-03 7.6314E-03 1.9954E-05 -6.3485E-04 4.0217E-01 2.3823E-06   214
 5.0000E-03 6.7208E-01 8.0088E-03 7.9880E-03 2.0836E-05 -6.2125E-04 4.0217E-01 2.4876E-06   214
 5.0000E-03 6.6666E-01 8.3939E-03 8.3722E-03 2.1769E-05 -6.0755E-04 4.0217E-01 2.5989E-06   214
 5.0000E-03 6.6133E-01 8.8256E-03 8.8028E-03 2.2752E-05 -5.9302E-04 4.0217E-01 2.7162E-06   214
 5.0000E-03 6.5608E-01 9.3664E-03 9.3427E-03 2.3786E-05 -5.7785E-04 4.0217E-01 2.8395E-06   214
 5.0000E-03 6.5091E-01 1.0026E-02 1.0001E-02 2.4876E-05 -5.6207E-04 4.0217E-01 2.9696E-06   214
 5.0000E-03 6.4583E-01 1.0802E-02 1.0776E-02 2.6019E-05 -5.4565E-04 4.0217E-01 3.1059E-06   214
 5.0000E-03 8.1045E-01 3.1046E-03 3.0964E-03 8.1432E-06 -9.3506E-04 4.0217E-01 9.7286E-07   214
 5.0000E-03 6.4082E-01 1.1677E-02 1.1650E-02 2.7215E-05 -5.2857E-04 4.0217E-01 3.2486E-06   214
 5.0000E-03 6.3589E-01 1.2617E-02 1.2588E-02 2.8464E-05 -5.1072E-04 4.0217E-01 3.3976E-06   214
 5.0000E-03 6.3104E-01 1.3598E-02 1.3569E-02 2.9778E-05 -4.9211E-04 4.0217E-01 3.5542E-06   214
 5.0000E-03 6.2626E-01 1.4650E-02 1.4619E-02 3.1172E-05 -4.7299E-04 4.0217E-01 3.7205E-06   214
 5.0000E-03 6.2155E-01 1.5821E-02 1.5788E-02 3.2658E-05 -4.5366E-04 4.0217E-01 3.8977E-06   214
 5.0000E-03 6.1691E-01 1.7151E-02 1.7117E-02 3.4239E-05 -4.3425E-04 4.0217E-01 4.0862E-06   214
 5.0000E-03 6.1234E-01 1.8604E-02 1.8569E-02 3.5964E-05 -4.1342E-04 4.0217E-01 4.2919E-06   214
 5.0000E-03 6.0784E-01 2.0282E-02 2.0244E-02 3.7804E-05 -3.9228E-04 4.0217E-01 4.5112E-06   214
 5.0000E-03 6.0340E-01 2.2215E-02 2.2175E-02 3.9765E-05 -3.7081E-04 4.0217E-01 4.7450E-06   214
 5.0000E-03 5.9903E-01 2.4416E-02 2.4374E-02 4.1846E-05 -3.4913E-04 4.0217E-01 4.9931E-06   214
 5.0000E-03 8.0258E-01 3.2459E-03 3.2374E-03 8.5306E-06 -9.1827E-04 4.0217E-01 1.0191E-06   214
 5.0000E-03 5.9472E-01 2.6900E-02 2.6856E-02 4.4059E-05 -3.2728E-04 4.0217E-01 5.2570E-06   214
 5.0000E-03 5.9047E-01 2.9681E-02 2.9635E-02 4.6414E-05 -3.0532E-04 4.0217E-01 5.5377E-06   214
 5.0000E-03 5.8628E-01 3.2788E-02 3.2739E-02 4.8926E-05 -2.8322E-04 4.0217E-01 5.8371E-06   214
 5.0000E-03 5.8215E-01 3.6265E-02 3.6213E-02 5.1610E-05 -2.6103E-04 4.0217E-01 6.1570E-06   214
 5.0000E-03 5.7808E-01 4.0158E-02 4.0104E-02 5.4383E-05 -2.3991E-04 4.0217E-01 6.4875E-06   214
 5.0000E-03 5.7407E-01 4.4555E-02 4.4498E-02 5.7315E-05 -2.1873E-04 4.0217E-01 6.8370E-06   214
 5.0000E-03 5.7011E-01 4.9521E-02 4.9460E-02 6.0416E-05 -1.9741E-04 4.0217E-01 7.2066E-06   214
 5.0000E-03 5.6621E-01 5.5093E-02 5.5030E-02 6.3677E-05 -1.7598E-04 4.0217E-01 7.5952E-06   214
 5.0000E-03 5.6235E-01 6.1356E-02 6.1289E-02 6.7111E-05 -1.5428E-04 4.0217E-01 8.0045E-06   214
 5.0000E-03 5.5855E-01 6.8331E-02 6.8260E-02 7.0696E-05 -1.3242E-04 4.0217E-01 8.4316E-06   214
 5.0000E-03 7.9487E-01 3.4134E-03 3.4045E-03 8.9313E-06 -9.0149E-04 4.0217E-01 1.0670E-06   214
 5.0000E-03 5.5480E-01 7.6085E-02 7.6010E-02 7.4427E-05 -1.1031E-04 4.0217E-01 8.8763E-06   214
 5.0000E-03 5.5111E-01 8.4640E-02 8.4562E-02 7.8276E-05 -8.8016E-05 4.0217E-01 9.3349E-06   214
 5.0000E-03 5.4746E-01 9.4180E-02 9.4097E-02 8.2364E-05 -6.4898E-05 4.0217E-01 9.8219E-06   214
 5.0000E-03 5.4385E-01 1.0499E-01 1.0490E-01 8.6754E-05 -4.0515E-05 4.0217E-01 1.0345E-05   214
 5.0000E-03 5.4030E-01 1.1688E-01 1.1679E-01 9.1074E-05 -1.5986E-05 4.0217E-01 1.0859E-05   214
 5.0000E-03 5.3679E-01 1.2983E-01 1.2973E-01 9.5237E-05  8.8381E-06 4.0217E-01 1.1355E-05   214
 5.0000E-03 5.3333E-01 1.4364E-01 1.4354E-01 9.9096E-05  3.3932E-05 4.0217E-01 1.1815E-05   214
 5.0000E-03 5.2991E-01 1.5810E-01 1.5800E-01 1.0251E-04  5.9415E-05 4.0217E-01 1.2221E-05   214
 5.0000E-03 5.2653E-01 1.7288E-01 1.7278E-01 1.0532E-04  8.5335E-05 4.0217E-01 1.2555E-05   214
 5.0000E-03 5.2320E-01 1.8750E-01 1.8739E-01 1.0736E-04  1.1164E-04 4.0217E-01 1.2798E-05   214
 5.0000E-03 7.8730E-01 3.5683E-03 3.5589E-03 9.3439E-06 -8.8284E-04 4.0217E-01 1.1162E-06   214
 5.0000E-03 5.1991E-01 2.0111E-01 2.0100E-01 1.0751E-04  1.3966E-04 4.0217E-01 1.2815E-05   214
 5.0000E-03 5.1666E-01 2.1129E-01 2.1118E-01 1.0461E-04  1.6993E-04 4.0217E-01 1.2468E-05   214
 5.0000E-03 5.1345E-01 2.1795E-01 2.1785E-01 1.0076E-04  1.9990E-04 4.0217E-01 1.2009E-05   214
 5.0000E-03 5.1028E-01 2.2129E-01 2.2119E-01 9.6305E-05  2.2958E-04 4.0217E-01 1.1477E-05   214
 5.0000E-03 5.0715E-01 2.2172E-01 2.2163E-01 9.1549E-05  2.5902E-04 4.0217E-01 1.0910E-05   214
 5.0000E-03 5.0406E-01 2.1976E-01 2.1967E-01 8.6752E-05  2.8826E-04 4.0217E-01 1.0337E-05   214
 5.0000E-03 5.0101E-01 2.1595E-01 2.1587E-01 8.2108E-05  3.1736E-04 4.0217E-01 9.7834E-06   214
 5.0000E-03 4.9799E-01 2.1076E-01 2.1068E-01 7.7739E-05  3.4647E-04 4.0217E-01 9.2622E-06   214
 5.0000E-03 4.9500E-01 2.0496E-01 2.0488E-01 7.4232E-05  3.7261E-04 4.0217E-01 8.8438E-06   214
 5.0000E-03 4.9206E-01 1.9979E-01 1.9971E-01 7.2215E-05  3.9169E-04 4.0217E-01 8.6032E-06   214
 5.0000E-03 7.7987E-01 3.6635E-03 3.6537E-03 9.7734E-06 -8.6356E-04 4.0217E-01 1.1675E-06   214
 5.0000E-03 4.8915E-01 1.9489E-01 1.9482E-01 7.0697E-05  4.0926E-04 4.0217E-01 8.4220E-06   214
 5.0000E-03 4.8627E-01 1.9032E-01 1.9025E-01 6.9625E-05  4.2527E-04 4.0217E-01 8.2940E-06   214
 5.0000E-03 4.8343E-01 1.8610E-01 1.8603E-01 6.8953E-05  4.3963E-04 4.0217E-01 8.2138E-06   214
 5.0000E-03 4.8062E-01 1.8222E-01 1.8215E-01 6.8639E-05  4.5237E-04 4.0217E-01 8.1761E-06   214
 5.0000E-03 4.7784E-01 1.7868E-01 1.7861E-01 6.8648E-05  4.6343E-04 4.0217E-01 8.1770E-06   214
 5.0000E-03 4.7509E-01 1.7545E-01 1.7538E-01 6.8953E-05  4.7276E-04 4.0217E-01 8.2131E-06   214
 5.0000E-03 4.7238E-01 1.7251E-01 1.7244E-01 6.9527E-05  4.8029E-04 4.0217E-01 8.2813E-06   214
 5.0000E-03 4.6969E-01 1.7058E-01 1.7051E-01 7.0440E-05  4.8639E-04 4.0217E-01 8.3899E-06   214
 5.0000E-03 4.6704E-01 1.6926E-01 1.6919E-01 7.1541E-05  4.9175E-04 4.0217E-01 8.5209E-06   214
 5.0000E-03 4.6441E-01 1.6816E-01 1.6809E-01 7.2773E-05  4.9638E-04 4.0217E-01 8.6676E-06   214
 5.0000E-03 7.7258E-01 3.7455E-03 3.7353E-03 1.0225E-05 -8.4520E-04 4.0217E-01 1.2214E-06   214
 5.0000E-03 4.6182E-01 1.6728E-01 1.6721E-01 7.4125E-05  5.0025E-04 4.0217E-01 8.8285E-06   214
 5.0000E-03 4.5925E-01 1.6660E-01 1.6653E-01 7.5603E-05  5.0337E-04 4.0217E-01 9.0044E-06   214
 5.0000E-03 4.5672E-01 1.6611E-01 1.6603E-01 7.7194E-05  5.0570E-04 4.0217E-01 9.1938E-06   214
 5.0000E-03 4.5421E-01 1.6578E-01 1.6570E-01 7.8910E-05  5.0725E-04 4.0217E-01 9.3981E-06   214
 5.0000E-03 4.5173E-01 1.6561E-01 1.6553E-01 8.0744E-05  5.0800E-04 4.0217E-01 9.6166E-06   214
 5.0000E-03 4.4927E-01 1.6513E-01 1.6505E-01 8.2312E-05  5.1156E-04 4.0217E-01 9.8032E-06   214
 5.0000E-03 4.4684E-01 1.6453E-01 1.6444E-01 8.3732E-05  5.1685E-04 4.0217E-01 9.9722E-06   214
 5.0000E-03 4.4444E-01 1.6401E-01 1.6392E-01 8.5181E-05  5.2227E-04 4.0217E-01 1.0145E-05   214
 5.0000E-03 4.4206E-01 1.6357E-01 1.6348E-01 8.6663E-05  5.2782E-04 4.0217E-01 1.0321E-05   214
 5.0000E-03 4.3971E-01 1.6321E-01 1.6312E-01 8.8174E-05  5.3348E-04 4.0217E-01 1.0501E-05   214
 5.0000E-03 7.6543E-01 3.8375E-03 3.8268E-03 1.0699E-05 -8.2582E-04 4.0217E-01 1.2779E-06   214
 5.0000E-03 4.3738E-01 1.6292E-01 1.6283E-01 8.9717E-05  5.3928E-04 4.0217E-01 1.0684E-05   214
 5.0000E-03 4.3508E-01 1.6271E-01 1.6261E-01 9.1287E-05  5.4519E-04 4.0217E-01 1.0871E-05   214
 5.0000E-03 4.3280E-01 1.6256E-01 1.6247E-01 9.2889E-05  5.5123E-04 4.0217E-01 1.1062E-05   214
 5.0000E-03 4.3055E-01 1.6248E-01 1.6239E-01 9.4518E-05  5.5737E-04 4.0217E-01 1.1256E-05   214
 5.0000E-03 4.2832E-01 1.6284E-01 1.6275E-01 9.6405E-05  5.6170E-04 4.0217E-01 1.1480E-05   214
 5.0000E-03 4.2611E-01 1.6328E-01 1.6319E-01 9.8345E-05  5.6597E-04 4.0217E-01 1.1711E-05   214
 5.0000E-03 4.2393E-01 1.6380E-01 1.6370E-01 1.0033E-04  5.7015E-04 4.0218E-01 1.1947E-05   214
 5.0000E-03 4.2176E-01 1.6440E-01 1.6430E-01 1.0238E-04  5.7429E-04 4.0218E-01 1.2191E-05   214
 5.0000E-03 4.1962E-01 1.6507E-01 1.6497E-01 1.0447E-04  5.7834E-04 4.0218E-01 1.2440E-05   214
 5.0000E-03 4.1750E-01 1.6581E-01 1.6571E-01 1.0662E-04  5.8233E-04 4.0218E-01 1.2695E-05   214
