Energy [eV] Ext Cross [um^2] Abs Cross [um^2] Sca Cross [um^2] 
2.756 	 1.34247e-05 	 1.34119e-05 	 1.27664e-08 
2.749 	 1.45923e-05 	 1.45779e-05 	 1.43763e-08 
2.743 	 1.59112e-05 	 1.58949e-05 	 1.62224e-08 
2.737 	 1.74065e-05 	 1.73882e-05 	 1.83490e-08 
2.731 	 1.91095e-05 	 1.90887e-05 	 2.08097e-08 
2.725 	 2.10585e-05 	 2.10348e-05 	 2.36694e-08 
2.719 	 2.33007e-05 	 2.32737e-05 	 2.70089e-08 
2.713 	 2.58942e-05 	 2.58633e-05 	 3.09285e-08 
2.707 	 2.89107e-05 	 2.88752e-05 	 3.55539e-08 
2.701 	 3.24392e-05 	 3.23981e-05 	 4.10436e-08 
2.695 	 3.65894e-05 	 3.65418e-05 	 4.75961e-08 
2.689 	 4.14971e-05 	 4.14417e-05 	 5.54602e-08 
2.684 	 4.73295e-05 	 4.72645e-05 	 6.49479e-08 
2.678 	 5.42903e-05 	 5.42139e-05 	 7.64473e-08 
2.672 	 6.26225e-05 	 6.25321e-05 	 9.04314e-08 
2.666 	 7.26022e-05 	 7.24947e-05 	 1.07457e-07 
2.660 	 8.45119e-05 	 8.43838e-05 	 1.28127e-07 
2.655 	 9.85792e-05 	 9.84262e-05 	 1.52998e-07 
2.649 	 1.14853e-04 	 1.14670e-04 	 1.82376e-07 
2.643 	 1.32990e-04 	 1.32774e-04 	 2.15937e-07 
2.638 	 1.51968e-04 	 1.51716e-04 	 2.52177e-07 
2.632 	 1.69831e-04 	 1.69543e-04 	 2.87866e-07 
2.627 	 1.83771e-04 	 1.83453e-04 	 3.18025e-07 
2.621 	 1.90882e-04 	 1.90545e-04 	 3.37093e-07 
2.615 	 1.89446e-04 	 1.89105e-04 	 3.41251e-07 
2.610 	 1.79886e-04 	 1.79555e-04 	 3.30364e-07 
2.604 	 1.64503e-04 	 1.64195e-04 	 3.07887e-07 
2.599 	 1.46272e-04 	 1.45993e-04 	 2.78885e-07 
2.593 	 1.27705e-04 	 1.27458e-04 	 2.47939e-07 
2.588 	 1.10384e-04 	 1.10166e-04 	 2.18146e-07 
2.583 	 9.50446e-05 	 9.48535e-05 	 1.91122e-07 
2.577 	 8.18648e-05 	 8.16974e-05 	 1.67441e-07 
2.572 	 7.07241e-05 	 7.05770e-05 	 1.47082e-07 
2.566 	 6.13779e-05 	 6.12482e-05 	 1.29743e-07 
2.561 	 5.35531e-05 	 5.34381e-05 	 1.15024e-07 
2.556 	 4.69934e-05 	 4.68909e-05 	 1.02526e-07 
2.550 	 4.14755e-05 	 4.13836e-05 	 9.18842e-08 
2.545 	 3.68125e-05 	 3.67297e-05 	 8.27873e-08 
2.540 	 3.28511e-05 	 3.27762e-05 	 7.49734e-08 
2.535 	 2.94671e-05 	 2.93989e-05 	 6.82269e-08 
2.530 	 2.65599e-05 	 2.64976e-05 	 6.23708e-08 
2.524 	 2.40485e-05 	 2.39912e-05 	 5.72609e-08 
2.519 	 2.18671e-05 	 2.18144e-05 	 5.27791e-08 
2.514 	 1.99628e-05 	 1.99140e-05 	 4.88286e-08 
2.509 	 1.82920e-05 	 1.82467e-05 	 4.53299e-08 
2.504 	 1.68192e-05 	 1.67770e-05 	 4.22172e-08 
2.499 	 1.55151e-05 	 1.54756e-05 	 3.94360e-08 
2.494 	 1.43554e-05 	 1.43185e-05 	 3.69407e-08 
2.489 	 1.33202e-05 	 1.32855e-05 	 3.46933e-08 
2.484 	 1.23924e-05 	 1.23597e-05 	 3.26617e-08 
2.479 	 1.15580e-05 	 1.15272e-05 	 3.08189e-08 
2.474 	 1.08051e-05 	 1.07759e-05 	 2.91419e-08 
2.469 	 1.01235e-05 	 1.00959e-05 	 2.76110e-08 
2.464 	 9.50456e-06 	 9.47835e-06 	 2.62093e-08 
2.459 	 8.94095e-06 	 8.91603e-06 	 2.49224e-08 
2.454 	 8.42631e-06 	 8.40257e-06 	 2.37377e-08 
2.449 	 7.95519e-06 	 7.93255e-06 	 2.26445e-08 
2.444 	 7.52286e-06 	 7.50123e-06 	 2.16333e-08 
2.440 	 7.12521e-06 	 7.10451e-06 	 2.06959e-08 
2.435 	 6.75865e-06 	 6.73882e-06 	 1.98249e-08 
2.430 	 6.42004e-06 	 6.40103e-06 	 1.90142e-08 
2.425 	 6.10662e-06 	 6.08836e-06 	 1.82580e-08 
2.420 	 5.81597e-06 	 5.79842e-06 	 1.75513e-08 
2.416 	 5.54593e-06 	 5.52904e-06 	 1.68898e-08 
2.411 	 5.29462e-06 	 5.27835e-06 	 1.62696e-08 
2.406 	 5.06034e-06 	 5.04465e-06 	 1.56871e-08 
2.402 	 4.84160e-06 	 4.82646e-06 	 1.51391e-08 
2.397 	 4.63704e-06 	 4.62242e-06 	 1.46230e-08 
2.392 	 4.44548e-06 	 4.43134e-06 	 1.41361e-08 
2.388 	 4.26583e-06 	 4.25215e-06 	 1.36761e-08 
2.383 	 4.09712e-06 	 4.08388e-06 	 1.32411e-08 
2.378 	 3.93848e-06 	 3.92565e-06 	 1.28292e-08 
2.374 	 3.78913e-06 	 3.77670e-06 	 1.24386e-08 
2.369 	 3.64836e-06 	 3.63629e-06 	 1.20678e-08 
2.365 	 3.51551e-06 	 3.50380e-06 	 1.17155e-08 
2.360 	 3.39001e-06 	 3.37863e-06 	 1.13803e-08 
2.356 	 3.27131e-06 	 3.26025e-06 	 1.10612e-08 
2.351 	 3.15893e-06 	 3.14818e-06 	 1.07570e-08 
2.347 	 3.05244e-06 	 3.04197e-06 	 1.04668e-08 
2.342 	 2.95142e-06 	 2.94123e-06 	 1.01896e-08 
2.338 	 2.85551e-06 	 2.84559e-06 	 9.92470e-09 
2.333 	 2.76437e-06 	 2.75470e-06 	 9.67129e-09 
2.329 	 2.67769e-06 	 2.66826e-06 	 9.42868e-09 
2.325 	 2.59518e-06 	 2.58598e-06 	 9.19622e-09 
2.320 	 2.51658e-06 	 2.50760e-06 	 8.97333e-09 
2.316 	 2.44164e-06 	 2.43288e-06 	 8.75944e-09 
2.312 	 2.37013e-06 	 2.36158e-06 	 8.55405e-09 
2.307 	 2.30186e-06 	 2.29350e-06 	 8.35668e-09 
2.303 	 2.23662e-06 	 2.22845e-06 	 8.16689e-09 
2.299 	 2.17423e-06 	 2.16625e-06 	 7.98426e-09 
2.294 	 2.11454e-06 	 2.10673e-06 	 7.80842e-09 
2.290 	 2.05739e-06 	 2.04975e-06 	 7.63900e-09 
2.286 	 2.00262e-06 	 1.99515e-06 	 7.47568e-09 
2.282 	 1.95012e-06 	 1.94280e-06 	 7.31814e-09 
2.277 	 1.89975e-06 	 1.89259e-06 	 7.16610e-09 
2.273 	 1.85141e-06 	 1.84439e-06 	 7.01928e-09 
2.269 	 1.80498e-06 	 1.79810e-06 	 6.87743e-09 
2.265 	 1.76037e-06 	 1.75363e-06 	 6.74031e-09 
2.261 	 1.71748e-06 	 1.71087e-06 	 6.60770e-09 
2.257 	 1.67622e-06 	 1.66974e-06 	 6.47939e-09 
2.252 	 1.63651e-06 	 1.63016e-06 	 6.35518e-09 
2.248 	 1.59828e-06 	 1.59205e-06 	 6.23489e-09 
2.244 	 1.56145e-06 	 1.55534e-06 	 6.11834e-09 
2.240 	 1.52596e-06 	 1.51995e-06 	 6.00536e-09 
2.236 	 1.49173e-06 	 1.48584e-06 	 5.89580e-09 
2.232 	 1.45872e-06 	 1.45293e-06 	 5.78951e-09 
2.228 	 1.42685e-06 	 1.42117e-06 	 5.68635e-09 
2.224 	 1.39609e-06 	 1.39050e-06 	 5.58618e-09 
2.220 	 1.36637e-06 	 1.36088e-06 	 5.48890e-09 
2.216 	 1.33765e-06 	 1.33226e-06 	 5.39436e-09 
2.212 	 1.30989e-06 	 1.30459e-06 	 5.30248e-09 
2.208 	 1.28304e-06 	 1.27782e-06 	 5.21313e-09 
2.204 	 1.25706e-06 	 1.25193e-06 	 5.12622e-09 
2.200 	 1.23192e-06 	 1.22687e-06 	 5.04165e-09 
2.196 	 1.20757e-06 	 1.20261e-06 	 4.95934e-09 
2.192 	 1.18400e-06 	 1.17912e-06 	 4.87919e-09 
2.189 	 1.16115e-06 	 1.15635e-06 	 4.80113e-09 
2.185 	 1.13901e-06 	 1.13429e-06 	 4.72508e-09 
2.181 	 1.11755e-06 	 1.11290e-06 	 4.65096e-09 
2.177 	 1.09673e-06 	 1.09215e-06 	 4.57871e-09 
2.173 	 1.07654e-06 	 1.07203e-06 	 4.50826e-09 
2.169 	 1.05694e-06 	 1.05250e-06 	 4.43954e-09 
2.166 	 1.03791e-06 	 1.03354e-06 	 4.37249e-09 
2.162 	 1.01944e-06 	 1.01513e-06 	 4.30706e-09 
2.158 	 1.00149e-06 	 9.97250e-07 	 4.24318e-09 
2.154 	 9.84058e-07 	 9.79877e-07 	 4.18081e-09 
2.150 	 9.67112e-07 	 9.62993e-07 	 4.11990e-09 
2.147 	 9.50639e-07 	 9.46578e-07 	 4.06039e-09 
2.143 	 9.34619e-07 	 9.30617e-07 	 4.00224e-09 
2.139 	 9.19037e-07 	 9.15092e-07 	 3.94541e-09 
2.136 	 9.03877e-07 	 8.99987e-07 	 3.88984e-09 
2.132 	 8.89123e-07 	 8.85287e-07 	 3.83551e-09 
2.128 	 8.74761e-07 	 8.70978e-07 	 3.78238e-09 
2.124 	 8.60777e-07 	 8.57047e-07 	 3.73039e-09 
2.121 	 8.47158e-07 	 8.43478e-07 	 3.67953e-09 
2.117 	 8.33891e-07 	 8.30261e-07 	 3.62976e-09 
2.114 	 8.20964e-07 	 8.17383e-07 	 3.58103e-09 
2.110 	 8.08365e-07 	 8.04832e-07 	 3.53333e-09 
2.106 	 7.96084e-07 	 7.92598e-07 	 3.48661e-09 
2.103 	 7.84109e-07 	 7.80669e-07 	 3.44086e-09 
2.099 	 7.72431e-07 	 7.69035e-07 	 3.39604e-09 
2.096 	 7.61040e-07 	 7.57687e-07 	 3.35212e-09 
2.092 	 7.49925e-07 	 7.46616e-07 	 3.30908e-09 
2.089 	 7.39079e-07 	 7.35812e-07 	 3.26690e-09 
2.085 	 7.28492e-07 	 7.25267e-07 	 3.22555e-09 
2.081 	 7.18157e-07 	 7.14972e-07 	 3.18500e-09 
2.078 	 7.08065e-07 	 7.04920e-07 	 3.14523e-09 
2.074 	 6.98209e-07 	 6.95102e-07 	 3.10623e-09 
2.071 	 6.88580e-07 	 6.85512e-07 	 3.06797e-09 
2.068 	 6.79173e-07 	 6.76143e-07 	 3.03044e-09 
2.064 	 6.69981e-07 	 6.66987e-07 	 2.99360e-09 
2.061 	 6.60996e-07 	 6.58039e-07 	 2.95745e-09 
2.057 	 6.52214e-07 	 6.49292e-07 	 2.92196e-09 
2.054 	 6.43627e-07 	 6.40740e-07 	 2.88712e-09 
2.050 	 6.35230e-07 	 6.32377e-07 	 2.85291e-09 
2.047 	 6.27017e-07 	 6.24198e-07 	 2.81932e-09 
2.044 	 6.18983e-07 	 6.16197e-07 	 2.78633e-09 
2.040 	 6.11123e-07 	 6.08369e-07 	 2.75392e-09 
2.037 	 6.03432e-07 	 6.00710e-07 	 2.72208e-09 
2.033 	 5.95905e-07 	 5.93214e-07 	 2.69079e-09 
2.030 	 5.88537e-07 	 5.85876e-07 	 2.66005e-09 
2.027 	 5.81323e-07 	 5.78693e-07 	 2.62983e-09 
2.023 	 5.74260e-07 	 5.71660e-07 	 2.60013e-09 
2.020 	 5.67344e-07 	 5.64773e-07 	 2.57093e-09 
2.017 	 5.60569e-07 	 5.58027e-07 	 2.54223e-09 
2.014 	 5.53933e-07 	 5.51419e-07 	 2.51400e-09 
2.010 	 5.47431e-07 	 5.44944e-07 	 2.48624e-09 
2.007 	 5.41059e-07 	 5.38600e-07 	 2.45893e-09 
2.004 	 5.34815e-07 	 5.32383e-07 	 2.43208e-09 
2.000 	 5.28695e-07 	 5.26290e-07 	 2.40565e-09 
1.997 	 5.22696e-07 	 5.20316e-07 	 2.37966e-09 
1.994 	 5.16814e-07 	 5.14460e-07 	 2.35408e-09 
1.991 	 5.11046e-07 	 5.08717e-07 	 2.32891e-09 
1.988 	 5.05391e-07 	 5.03086e-07 	 2.30413e-09 
1.984 	 4.99843e-07 	 4.97564e-07 	 2.27975e-09 
1.981 	 4.94402e-07 	 4.92147e-07 	 2.25574e-09 
1.978 	 4.89065e-07 	 4.86833e-07 	 2.23211e-09 
1.975 	 4.83828e-07 	 4.81619e-07 	 2.20884e-09 
1.972 	 4.78689e-07 	 4.76503e-07 	 2.18593e-09 
1.969 	 4.73647e-07 	 4.71483e-07 	 2.16336e-09 
1.965 	 4.68698e-07 	 4.66557e-07 	 2.14114e-09 
1.962 	 4.63840e-07 	 4.61720e-07 	 2.11925e-09 
1.959 	 4.59071e-07 	 4.56973e-07 	 2.09769e-09 
1.956 	 4.54388e-07 	 4.52312e-07 	 2.07645e-09 
1.953 	 4.49791e-07 	 4.47735e-07 	 2.05552e-09 
1.950 	 4.45276e-07 	 4.43241e-07 	 2.03490e-09 
1.947 	 4.40841e-07 	 4.38826e-07 	 2.01458e-09 
1.944 	 4.36485e-07 	 4.34490e-07 	 1.99455e-09 
1.941 	 4.32206e-07 	 4.30231e-07 	 1.97481e-09 
1.938 	 4.28001e-07 	 4.26046e-07 	 1.95536e-09 
1.935 	 4.23870e-07 	 4.21934e-07 	 1.93618e-09 
1.932 	 4.19810e-07 	 4.17893e-07 	 1.91727e-09 
1.929 	 4.15820e-07 	 4.13921e-07 	 1.89863e-09 
1.926 	 4.11898e-07 	 4.10018e-07 	 1.88025e-09 
1.923 	 4.08043e-07 	 4.06181e-07 	 1.86212e-09 
1.920 	 4.04253e-07 	 4.02409e-07 	 1.84425e-09 
1.917 	 4.00527e-07 	 3.98701e-07 	 1.82662e-09 
1.914 	 3.96864e-07 	 3.95055e-07 	 1.80924e-09 
1.911 	 3.93262e-07 	 3.91469e-07 	 1.79209e-09 
1.908 	 3.89719e-07 	 3.87944e-07 	 1.77517e-09 
