 5.0000E-03 8.2666E-01 2.5089E-02 2.4836E-02 2.5325E-04 -4.3242E-04 4.0218E-01 3.0222E-05   214
 5.0000E-03 7.5840E-01 4.3655E-02 4.3163E-02 4.9242E-04 -2.4544E-04 4.0218E-01 5.8740E-05   214
 5.0000E-03 4.1541E-01 5.6739E-01 5.6617E-01 1.2257E-03  2.7788E-03 4.0218E-01 1.4511E-04   214
 5.0000E-03 7.5151E-01 4.6606E-02 4.6074E-02 5.3255E-04 -2.2445E-04 4.0218E-01 6.3525E-05   214
 5.0000E-03 7.4474E-01 4.9957E-02 4.9381E-02 5.7664E-04 -2.0328E-04 4.0218E-01 6.8781E-05   214
 5.0000E-03 7.3809E-01 5.3676E-02 5.3052E-02 6.2512E-04 -1.8202E-04 4.0218E-01 7.4560E-05   214
 5.0000E-03 7.3156E-01 5.7803E-02 5.7125E-02 6.7858E-04 -1.6076E-04 4.0218E-01 8.0933E-05   214
 5.0000E-03 7.2514E-01 6.2415E-02 6.1678E-02 7.3771E-04 -1.3944E-04 4.0218E-01 8.7981E-05   214
 5.0000E-03 7.1884E-01 6.7558E-02 6.6756E-02 8.0309E-04 -1.1812E-04 4.0218E-01 9.5774E-05   214
 5.0000E-03 7.1264E-01 7.3282E-02 7.2407E-02 8.7567E-04 -9.6825E-05 4.0218E-01 1.0443E-04   214
 5.0000E-03 7.0655E-01 7.9535E-02 7.8580E-02 9.5640E-04 -7.5681E-05 4.0218E-01 1.1405E-04   214
 5.0000E-03 7.0056E-01 8.6413E-02 8.5367E-02 1.0473E-03 -5.4518E-05 4.0218E-01 1.2489E-04   214
 5.0000E-03 8.1848E-01 2.6761E-02 2.6489E-02 2.7205E-04 -4.1116E-04 4.0218E-01 3.2464E-05   214
 5.0000E-03 6.9467E-01 9.4459E-02 9.3310E-02 1.1503E-03 -3.3214E-05 4.0218E-01 1.3716E-04   214
 5.0000E-03 6.8888E-01 1.0396E-01 1.0270E-01 1.2668E-03 -1.1779E-05 4.0218E-01 1.5104E-04   214
 5.0000E-03 6.8319E-01 1.1514E-01 1.1374E-01 1.3994E-03  9.7470E-06 4.0218E-01 1.6684E-04   214
 5.0000E-03 6.7759E-01 1.2848E-01 1.2693E-01 1.5511E-03  3.1309E-05 4.0218E-01 1.8492E-04   214
 5.0000E-03 6.7208E-01 1.4444E-01 1.4272E-01 1.7253E-03  5.2830E-05 4.0218E-01 2.0568E-04   214
 5.0000E-03 6.6666E-01 1.6353E-01 1.6161E-01 1.9261E-03  7.4251E-05 4.0218E-01 2.2961E-04   214
 5.0000E-03 6.6133E-01 1.8647E-01 1.8431E-01 2.1587E-03  9.5506E-05 4.0218E-01 2.5732E-04   214
 5.0000E-03 6.5608E-01 2.1588E-01 2.1345E-01 2.4279E-03  1.1667E-04 4.0218E-01 2.8940E-04   214
 5.0000E-03 6.5091E-01 2.5289E-01 2.5015E-01 2.7431E-03  1.3777E-04 4.0218E-01 3.2695E-04   214
 5.0000E-03 6.4583E-01 2.9841E-01 2.9530E-01 3.1145E-03  1.5866E-04 4.0218E-01 3.7120E-04   214
 5.0000E-03 8.1045E-01 2.8434E-02 2.8142E-02 2.9233E-04 -3.9033E-04 4.0218E-01 3.4882E-05   214
 5.0000E-03 6.4082E-01 3.5484E-01 3.5129E-01 3.5562E-03  1.7937E-04 4.0218E-01 4.2382E-04   214
 5.0000E-03 6.3589E-01 4.2495E-01 4.2087E-01 4.0832E-03  1.9983E-04 4.0218E-01 4.8661E-04   214
 5.0000E-03 6.3104E-01 5.1233E-01 5.0762E-01 4.7143E-03  2.1999E-04 4.0218E-01 5.6179E-04   214
 5.0000E-03 6.2626E-01 6.2175E-01 6.1629E-01 5.4731E-03  2.3983E-04 4.0218E-01 6.5218E-04   214
 5.0000E-03 6.2155E-01 7.5872E-01 7.5234E-01 6.3839E-03  2.5933E-04 4.0218E-01 7.6070E-04   214
 5.0000E-03 6.1691E-01 9.2932E-01 9.2185E-01 7.4707E-03  2.7846E-04 4.0218E-01 8.9015E-04   214
 5.0000E-03 6.1234E-01 1.1473E+00 1.1384E+00 8.8646E-03  2.9748E-04 4.0218E-01 1.0562E-03   214
 5.0000E-03 6.0784E-01 1.4163E+00 1.4058E+00 1.0509E-02  3.1602E-04 4.0218E-01 1.2521E-03   214
 5.0000E-03 6.0340E-01 1.7373E+00 1.7249E+00 1.2369E-02  3.3430E-04 4.0218E-01 1.4737E-03   214
 5.0000E-03 5.9903E-01 2.0955E+00 2.0812E+00 1.4311E-02  3.5268E-04 4.0218E-01 1.7050E-03   214
 5.0000E-03 8.0258E-01 3.0261E-02 2.9947E-02 3.1426E-04 -3.6960E-04 4.0218E-01 3.7497E-05   214
 5.0000E-03 5.9472E-01 2.4548E+00 2.4388E+00 1.6075E-02  3.7189E-04 4.0217E-01 1.9150E-03   214
 5.0000E-03 5.9047E-01 2.7541E+00 2.7368E+00 1.7288E-02  3.9304E-04 4.0217E-01 2.0595E-03   214
 5.0000E-03 5.8628E-01 2.9271E+00 2.9095E+00 1.7612E-02  4.1787E-04 4.0217E-01 2.0980E-03   214
 5.0000E-03 5.8215E-01 2.9375E+00 2.9206E+00 1.6940E-02  4.4889E-04 4.0217E-01 2.0178E-03   214
 5.0000E-03 5.7808E-01 2.7948E+00 2.7794E+00 1.5405E-02  4.8965E-04 4.0217E-01 1.8348E-03   214
 5.0000E-03 5.7407E-01 2.5656E+00 2.5521E+00 1.3501E-02  5.4347E-04 4.0217E-01 1.6078E-03   214
 5.0000E-03 5.7011E-01 2.3032E+00 2.2916E+00 1.1559E-02  6.1311E-04 4.0217E-01 1.3762E-03   214
 5.0000E-03 5.6621E-01 2.0454E+00 2.0356E+00 9.7840E-03  6.9899E-04 4.0217E-01 1.1646E-03   214
 5.0000E-03 5.6235E-01 1.8102E+00 1.8020E+00 8.2485E-03  7.9909E-04 4.0217E-01 9.8152E-04   214
 5.0000E-03 5.5855E-01 1.6057E+00 1.5988E+00 6.9695E-03  9.0749E-04 4.0217E-01 8.2907E-04   214
 5.0000E-03 7.9487E-01 3.2204E-02 3.1866E-02 3.3795E-04 -3.4900E-04 4.0218E-01 4.0322E-05   214
 5.0000E-03 5.5480E-01 1.4313E+00 1.4254E+00 5.9180E-03  1.0175E-03 4.0217E-01 7.0376E-04   214
 5.0000E-03 5.5111E-01 1.2842E+00 1.2791E+00 5.0604E-03  1.1225E-03 4.0217E-01 6.0159E-04   214
 5.0000E-03 5.4746E-01 1.1566E+00 1.1522E+00 4.3506E-03  1.2213E-03 4.0218E-01 5.1706E-04   214
 5.0000E-03 5.4385E-01 1.0435E+00 1.0397E+00 3.7498E-03  1.3134E-03 4.0218E-01 4.4553E-04   214
 5.0000E-03 5.4030E-01 9.4891E-01 9.4566E-01 3.2515E-03  1.3928E-03 4.0218E-01 3.8626E-04   214
 5.0000E-03 5.3679E-01 8.6925E-01 8.6641E-01 2.8355E-03  1.4610E-03 4.0218E-01 3.3678E-04   214
 5.0000E-03 5.3333E-01 8.0201E-01 7.9952E-01 2.4878E-03  1.5202E-03 4.0218E-01 2.9543E-04   214
 5.0000E-03 5.2991E-01 7.4473E-01 7.4254E-01 2.1949E-03  1.5727E-03 4.0218E-01 2.6061E-04   214
 5.0000E-03 5.2653E-01 6.9559E-01 6.9364E-01 1.9467E-03  1.6207E-03 4.0218E-01 2.3112E-04   214
 5.0000E-03 5.2320E-01 6.5322E-01 6.5149E-01 1.7358E-03  1.6654E-03 4.0218E-01 2.0605E-04   214
 5.0000E-03 7.8730E-01 3.4215E-02 3.3851E-02 3.6366E-04 -3.2841E-04 4.0218E-01 4.3388E-05   214
 5.0000E-03 5.1991E-01 6.1771E-01 6.1617E-01 1.5434E-03  1.7060E-03 4.0218E-01 1.8320E-04   214
 5.0000E-03 5.1666E-01 5.9008E-01 5.8872E-01 1.3659E-03  1.7418E-03 4.0218E-01 1.6213E-04   214
 5.0000E-03 5.1345E-01 5.6673E-01 5.6551E-01 1.2223E-03  1.7776E-03 4.0218E-01 1.4507E-04   214
 5.0000E-03 5.1028E-01 5.4675E-01 5.4565E-01 1.1043E-03  1.8137E-03 4.0218E-01 1.3105E-04   214
 5.0000E-03 5.0715E-01 5.2944E-01 5.2844E-01 1.0062E-03  1.8501E-03 4.0218E-01 1.1940E-04   214
 5.0000E-03 5.0406E-01 5.1429E-01 5.1336E-01 9.2380E-04  1.8870E-03 4.0218E-01 1.0962E-04   214
 5.0000E-03 5.0101E-01 5.0088E-01 5.0003E-01 8.5393E-04  1.9243E-03 4.0218E-01 1.0132E-04   214
 5.0000E-03 4.9799E-01 4.8888E-01 4.8808E-01 7.9405E-04  1.9623E-03 4.0218E-01 9.4205E-05   214
 5.0000E-03 4.9500E-01 4.8014E-01 4.7939E-01 7.5023E-04  1.9983E-03 4.0218E-01 8.8999E-05   214
 5.0000E-03 4.9206E-01 4.7667E-01 4.7594E-01 7.2872E-04  2.0290E-03 4.0218E-01 8.6440E-05   214
 5.0000E-03 7.7987E-01 3.6310E-02 3.5919E-02 3.9171E-04 -3.0780E-04 4.0218E-01 4.6732E-05   214
 5.0000E-03 4.8915E-01 4.7434E-01 4.7363E-01 7.1331E-04  2.0590E-03 4.0218E-01 8.4608E-05   214
 5.0000E-03 4.8627E-01 4.7314E-01 4.7244E-01 7.0337E-04  2.0879E-03 4.0218E-01 8.3423E-05   214
 5.0000E-03 4.8343E-01 4.7303E-01 4.7233E-01 6.9841E-04  2.1157E-03 4.0218E-01 8.2829E-05   214
 5.0000E-03 4.8062E-01 4.7397E-01 4.7327E-01 6.9803E-04  2.1423E-03 4.0218E-01 8.2779E-05   214
 5.0000E-03 4.7784E-01 4.7595E-01 4.7525E-01 7.0199E-04  2.1675E-03 4.0218E-01 8.3244E-05   214
 5.0000E-03 4.7509E-01 4.7894E-01 4.7823E-01 7.1014E-04  2.1913E-03 4.0218E-01 8.4205E-05   214
 5.0000E-03 4.7238E-01 4.8292E-01 4.8220E-01 7.2235E-04  2.2135E-03 4.0218E-01 8.5648E-05   214
 5.0000E-03 4.6969E-01 4.8691E-01 4.8618E-01 7.3712E-04  2.2355E-03 4.0218E-01 8.7395E-05   214
 5.0000E-03 4.6704E-01 4.9078E-01 4.9003E-01 7.5313E-04  2.2576E-03 4.0218E-01 8.9288E-05   214
 5.0000E-03 4.6441E-01 4.9494E-01 4.9417E-01 7.7089E-04  2.2794E-03 4.0218E-01 9.1388E-05   214
 5.0000E-03 7.7258E-01 3.8577E-02 3.8155E-02 4.2235E-04 -2.8714E-04 4.0218E-01 5.0386E-05   214
 5.0000E-03 4.6182E-01 4.9936E-01 4.9857E-01 7.9029E-04  2.3006E-03 4.0218E-01 9.3683E-05   214
 5.0000E-03 4.5925E-01 5.0410E-01 5.0329E-01 8.1154E-04  2.3214E-03 4.0218E-01 9.6196E-05   214
 5.0000E-03 4.5672E-01 5.0912E-01 5.0829E-01 8.3451E-04  2.3416E-03 4.0218E-01 9.8914E-05   214
 5.0000E-03 4.5421E-01 5.1448E-01 5.1362E-01 8.5946E-04  2.3613E-03 4.0218E-01 1.0187E-04   214
 5.0000E-03 4.5173E-01 5.2017E-01 5.1928E-01 8.8636E-04  2.3804E-03 4.0218E-01 1.0505E-04   214
 5.0000E-03 4.4927E-01 5.2433E-01 5.2342E-01 9.0825E-04  2.4023E-03 4.0218E-01 1.0764E-04   214
 5.0000E-03 4.4684E-01 5.2749E-01 5.2656E-01 9.2699E-04  2.4259E-03 4.0218E-01 1.0985E-04   214
 5.0000E-03 4.4444E-01 5.3050E-01 5.2956E-01 9.4573E-04  2.4498E-03 4.0218E-01 1.1206E-04   214
 5.0000E-03 4.4206E-01 5.3339E-01 5.3242E-01 9.6455E-04  2.4742E-03 4.0218E-01 1.1429E-04   214
 5.0000E-03 4.3971E-01 5.3614E-01 5.3516E-01 9.8336E-04  2.4988E-03 4.0218E-01 1.1651E-04   214
 5.0000E-03 7.6543E-01 4.1029E-02 4.0574E-02 4.5577E-04 -2.6636E-04 4.0218E-01 5.4370E-05   214
 5.0000E-03 4.3738E-01 5.3878E-01 5.3778E-01 1.0022E-03  2.5239E-03 4.0218E-01 1.1874E-04   214
 5.0000E-03 4.3508E-01 5.4131E-01 5.4029E-01 1.0211E-03  2.5492E-03 4.0218E-01 1.2096E-04   214
 5.0000E-03 4.3280E-01 5.4374E-01 5.4270E-01 1.0400E-03  2.5749E-03 4.0218E-01 1.2320E-04   214
 5.0000E-03 4.3055E-01 5.4607E-01 5.4501E-01 1.0589E-03  2.6009E-03 4.0218E-01 1.2543E-04   214
 5.0000E-03 4.2832E-01 5.4913E-01 5.4805E-01 1.0815E-03  2.6258E-03 4.0218E-01 1.2809E-04   214
 5.0000E-03 4.2611E-01 5.5219E-01 5.5109E-01 1.1045E-03  2.6509E-03 4.0218E-01 1.3081E-04   214
 5.0000E-03 4.2393E-01 5.5524E-01 5.5411E-01 1.1278E-03  2.6761E-03 4.0218E-01 1.3356E-04   214
 5.0000E-03 4.2176E-01 5.5829E-01 5.5714E-01 1.1517E-03  2.7016E-03 4.0218E-01 1.3638E-04   214
 5.0000E-03 4.1962E-01 5.6133E-01 5.6016E-01 1.1760E-03  2.7272E-03 4.0218E-01 1.3924E-04   214
 5.0000E-03 4.1750E-01 5.6437E-01 5.6317E-01 1.2007E-03  2.7529E-03 4.0218E-01 1.4216E-04   214
