 5.0000E-03 8.2666E-01 5.8215E-01 5.7277E-01 9.3872E-03  2.6286E-04 4.0217E-01 1.1186E-03   214
 5.0000E-03 7.5840E-01 3.4511E+00 3.3877E+00 6.3459E-02  3.8605E-04 4.0217E-01 7.5609E-03   214
 5.0000E-03 4.1541E-01 4.5270E-01 4.4947E-01 3.2379E-03  6.8624E-03 4.0221E-01 3.7924E-04   214
 5.0000E-03 7.5151E-01 4.3344E+00 4.2521E+00 8.2337E-02  3.8493E-04 4.0217E-01 9.8105E-03   214
 5.0000E-03 7.4474E-01 5.4717E+00 5.3640E+00 1.0779E-01  3.7648E-04 4.0216E-01 1.2844E-02   214
 5.0000E-03 7.3809E-01 6.6827E+00 6.5473E+00 1.3552E-01  3.6034E-04 4.0216E-01 1.6150E-02   214
 5.0000E-03 7.3156E-01 7.3900E+00 7.2379E+00 1.5228E-01  3.3861E-04 4.0216E-01 1.8150E-02   214
 5.0000E-03 7.2514E-01 7.2225E+00 7.0722E+00 1.5041E-01  3.1290E-04 4.0216E-01 1.7929E-02   214
 5.0000E-03 7.1884E-01 6.4353E+00 6.2992E+00 1.3625E-01  2.8187E-04 4.0216E-01 1.6243E-02   214
 5.0000E-03 7.1264E-01 5.3628E+00 5.2468E+00 1.1616E-01  2.4476E-04 4.0215E-01 1.3849E-02   214
 5.0000E-03 7.0655E-01 4.2782E+00 4.1835E+00 9.4771E-02  2.0812E-04 4.0215E-01 1.1301E-02   214
 5.0000E-03 7.0056E-01 3.3542E+00 3.2786E+00 7.5656E-02  1.8873E-04 4.0215E-01 9.0227E-03   214
 5.0000E-03 8.1848E-01 6.8743E-01 6.7627E-01 1.1177E-02  2.8506E-04 4.0217E-01 1.3318E-03   214
 5.0000E-03 6.9467E-01 2.6464E+00 2.5862E+00 6.0220E-02  2.1714E-04 4.0215E-01 7.1814E-03   214
 5.0000E-03 6.8888E-01 2.1337E+00 2.0851E+00 4.8577E-02  3.3135E-04 4.0215E-01 5.7909E-03   214
 5.0000E-03 6.8319E-01 1.7622E+00 1.7223E+00 3.9967E-02  5.6917E-04 4.0214E-01 4.7609E-03   214
 5.0000E-03 6.7759E-01 1.4844E+00 1.4509E+00 3.3508E-02  9.5581E-04 4.0214E-01 3.9865E-03   214
 5.0000E-03 6.7208E-01 1.2686E+00 1.2401E+00 2.8509E-02  1.4540E-03 4.0214E-01 3.3863E-03   214
 5.0000E-03 6.6666E-01 1.0979E+00 1.0734E+00 2.4538E-02  1.9589E-03 4.0214E-01 2.9098E-03   214
 5.0000E-03 6.6133E-01 9.6187E-01 9.4055E-01 2.1333E-02  2.4041E-03 4.0214E-01 2.5261E-03   214
 5.0000E-03 6.5608E-01 8.5813E-01 8.3946E-01 1.8687E-02  2.7499E-03 4.0214E-01 2.2103E-03   214
 5.0000E-03 6.5091E-01 7.7730E-01 7.6081E-01 1.6499E-02  2.9711E-03 4.0214E-01 1.9501E-03   214
 5.0000E-03 6.4583E-01 7.1215E-01 6.9748E-01 1.4685E-02  3.0864E-03 4.0215E-01 1.7352E-03   214
 5.0000E-03 8.1045E-01 8.1358E-01 8.0019E-01 1.3405E-02  3.0558E-04 4.0217E-01 1.5971E-03   214
 5.0000E-03 6.4082E-01 6.5972E-01 6.4657E-01 1.3162E-02  3.1354E-03 4.0215E-01 1.5550E-03   214
 5.0000E-03 6.3589E-01 6.1845E-01 6.0657E-01 1.1889E-02  3.1510E-03 4.0215E-01 1.4046E-03   214
 5.0000E-03 6.3104E-01 5.8640E-01 5.7558E-01 1.0837E-02  3.1506E-03 4.0216E-01 1.2805E-03   214
 5.0000E-03 6.2626E-01 5.6083E-01 5.5085E-01 9.9802E-03  3.1408E-03 4.0217E-01 1.1794E-03   214
 5.0000E-03 6.2155E-01 5.3802E-01 5.2874E-01 9.2829E-03  3.1259E-03 4.0218E-01 1.0972E-03   214
 5.0000E-03 6.1691E-01 5.1459E-01 5.0590E-01 8.6934E-03  3.1119E-03 4.0219E-01 1.0277E-03   214
 5.0000E-03 6.1234E-01 4.8503E-01 4.7690E-01 8.1327E-03  3.1052E-03 4.0220E-01 9.6154E-04   214
 5.0000E-03 6.0784E-01 4.5469E-01 4.4710E-01 7.6013E-03  3.1095E-03 4.0221E-01 8.9881E-04   214
 5.0000E-03 6.0340E-01 4.2553E-01 4.1845E-01 7.0894E-03  3.1253E-03 4.0221E-01 8.3832E-04   214
 5.0000E-03 5.9903E-01 3.9915E-01 3.9255E-01 6.6054E-03  3.1501E-03 4.0222E-01 7.8108E-04   214
 5.0000E-03 8.0258E-01 9.6807E-01 9.5187E-01 1.6216E-02  3.2473E-04 4.0217E-01 1.9321E-03   214
 5.0000E-03 5.9472E-01 3.7596E-01 3.6981E-01 6.1556E-03  3.1816E-03 4.0222E-01 7.2787E-04   214
 5.0000E-03 5.9047E-01 3.5583E-01 3.5009E-01 5.7432E-03  3.2182E-03 4.0222E-01 6.7905E-04   214
 5.0000E-03 5.8628E-01 3.3844E-01 3.3308E-01 5.3680E-03  3.2591E-03 4.0222E-01 6.3463E-04   214
 5.0000E-03 5.8215E-01 3.2341E-01 3.1839E-01 5.0285E-03  3.3039E-03 4.0222E-01 5.9443E-04   214
 5.0000E-03 5.7808E-01 3.1251E-01 3.0777E-01 4.7385E-03  3.3515E-03 4.0221E-01 5.6009E-04   214
 5.0000E-03 5.7407E-01 3.0340E-01 2.9893E-01 4.4760E-03  3.4017E-03 4.0221E-01 5.2899E-04   214
 5.0000E-03 5.7011E-01 2.9572E-01 2.9149E-01 4.2374E-03  3.4544E-03 4.0221E-01 5.0072E-04   214
 5.0000E-03 5.6621E-01 2.8920E-01 2.8518E-01 4.0206E-03  3.5090E-03 4.0221E-01 4.7503E-04   214
 5.0000E-03 5.6235E-01 2.8357E-01 2.7975E-01 3.8221E-03  3.5655E-03 4.0221E-01 4.5151E-04   214
 5.0000E-03 5.5855E-01 2.7870E-01 2.7507E-01 3.6408E-03  3.6234E-03 4.0221E-01 4.3003E-04   214
 5.0000E-03 7.9487E-01 1.1642E+00 1.1443E+00 1.9899E-02  3.4182E-04 4.0217E-01 2.3708E-03   214
 5.0000E-03 5.5480E-01 2.7443E-01 2.7096E-01 3.4743E-03  3.6825E-03 4.0221E-01 4.1030E-04   214
 5.0000E-03 5.5111E-01 2.7065E-01 2.6733E-01 3.3214E-03  3.7424E-03 4.0221E-01 3.9217E-04   214
 5.0000E-03 5.4746E-01 2.6643E-01 2.6325E-01 3.1751E-03  3.8038E-03 4.0221E-01 3.7484E-04   214
 5.0000E-03 5.4385E-01 2.6155E-01 2.5852E-01 3.0314E-03  3.8671E-03 4.0220E-01 3.5781E-04   214
 5.0000E-03 5.4030E-01 2.5781E-01 2.5492E-01 2.8996E-03  3.9305E-03 4.0220E-01 3.4220E-04   214
 5.0000E-03 5.3679E-01 2.5498E-01 2.5220E-01 2.7777E-03  3.9945E-03 4.0220E-01 3.2776E-04   214
 5.0000E-03 5.3333E-01 2.5289E-01 2.5023E-01 2.6648E-03  4.0589E-03 4.0220E-01 3.1438E-04   214
 5.0000E-03 5.2991E-01 2.5139E-01 2.4884E-01 2.5596E-03  4.1239E-03 4.0220E-01 3.0192E-04   214
 5.0000E-03 5.2653E-01 2.5037E-01 2.4791E-01 2.4613E-03  4.1895E-03 4.0220E-01 2.9028E-04   214
 5.0000E-03 5.2320E-01 2.4972E-01 2.4736E-01 2.3694E-03  4.2556E-03 4.0220E-01 2.7939E-04   214
 5.0000E-03 7.8730E-01 1.4256E+00 1.4009E+00 2.4769E-02  3.5615E-04 4.0217E-01 2.9510E-03   214
 5.0000E-03 5.1991E-01 2.5143E-01 2.4916E-01 2.2787E-03  4.3218E-03 4.0220E-01 2.6865E-04   214
 5.0000E-03 5.1666E-01 2.5720E-01 2.5501E-01 2.1891E-03  4.3875E-03 4.0220E-01 2.5805E-04   214
 5.0000E-03 5.1345E-01 2.6288E-01 2.6077E-01 2.1095E-03  4.4536E-03 4.0220E-01 2.4863E-04   214
 5.0000E-03 5.1028E-01 2.6850E-01 2.6646E-01 2.0384E-03  4.5200E-03 4.0220E-01 2.4021E-04   214
 5.0000E-03 5.0715E-01 2.7407E-01 2.7210E-01 1.9745E-03  4.5870E-03 4.0220E-01 2.3263E-04   214
 5.0000E-03 5.0406E-01 2.7961E-01 2.7770E-01 1.9167E-03  4.6543E-03 4.0220E-01 2.2579E-04   214
 5.0000E-03 5.0101E-01 2.8514E-01 2.8328E-01 1.8642E-03  4.7222E-03 4.0220E-01 2.1957E-04   214
 5.0000E-03 4.9799E-01 2.9068E-01 2.8886E-01 1.8162E-03  4.7908E-03 4.0220E-01 2.1387E-04   214
 5.0000E-03 4.9500E-01 2.9649E-01 2.9471E-01 1.7824E-03  4.8583E-03 4.0220E-01 2.0987E-04   214
 5.0000E-03 4.9206E-01 3.0273E-01 3.0096E-01 1.7748E-03  4.9219E-03 4.0220E-01 2.0894E-04   214
 5.0000E-03 7.7987E-01 1.7693E+00 1.7382E+00 3.1084E-02  3.6726E-04 4.0217E-01 3.7034E-03   214
 5.0000E-03 4.8915E-01 3.0898E-01 3.0721E-01 1.7738E-03  4.9851E-03 4.0220E-01 2.0878E-04   214
 5.0000E-03 4.8627E-01 3.1533E-01 3.1355E-01 1.7793E-03  5.0479E-03 4.0220E-01 2.0939E-04   214
 5.0000E-03 4.8343E-01 3.2181E-01 3.2002E-01 1.7912E-03  5.1098E-03 4.0220E-01 2.1077E-04   214
 5.0000E-03 4.8062E-01 3.2852E-01 3.2671E-01 1.8098E-03  5.1711E-03 4.0220E-01 2.1292E-04   214
 5.0000E-03 4.7784E-01 3.3549E-01 3.3366E-01 1.8349E-03  5.2316E-03 4.0220E-01 2.1585E-04   214
 5.0000E-03 4.7509E-01 3.4278E-01 3.4091E-01 1.8670E-03  5.2913E-03 4.0220E-01 2.1958E-04   214
 5.0000E-03 4.7238E-01 3.5039E-01 3.4849E-01 1.9059E-03  5.3497E-03 4.0220E-01 2.2413E-04   214
 5.0000E-03 4.6969E-01 3.5689E-01 3.5494E-01 1.9488E-03  5.4086E-03 4.0220E-01 2.2913E-04   214
 5.0000E-03 4.6704E-01 3.6259E-01 3.6060E-01 1.9935E-03  5.4677E-03 4.0220E-01 2.3435E-04   214
 5.0000E-03 4.6441E-01 3.6822E-01 3.6618E-01 2.0414E-03  5.5269E-03 4.0220E-01 2.3995E-04   214
 5.0000E-03 7.7258E-01 2.2093E+00 2.1701E+00 3.9209E-02  3.7589E-04 4.0217E-01 4.6714E-03   214
 5.0000E-03 4.6182E-01 3.7374E-01 3.7165E-01 2.0924E-03  5.5858E-03 4.0220E-01 2.4590E-04   214
 5.0000E-03 4.5925E-01 3.7921E-01 3.7706E-01 2.1469E-03  5.6448E-03 4.0220E-01 2.5226E-04   214
 5.0000E-03 4.5672E-01 3.8459E-01 3.8239E-01 2.2045E-03  5.7035E-03 4.0220E-01 2.5900E-04   214
 5.0000E-03 4.5421E-01 3.8993E-01 3.8767E-01 2.2660E-03  5.7622E-03 4.0220E-01 2.6618E-04   214
 5.0000E-03 4.5173E-01 3.9522E-01 3.9289E-01 2.3311E-03  5.8208E-03 4.0220E-01 2.7378E-04   214
 5.0000E-03 4.4927E-01 4.0027E-01 3.9788E-01 2.3880E-03  5.8816E-03 4.0220E-01 2.8042E-04   214
 5.0000E-03 4.4684E-01 4.0504E-01 4.0260E-01 2.4396E-03  5.9439E-03 4.0220E-01 2.8644E-04   214
 5.0000E-03 4.4444E-01 4.0963E-01 4.0714E-01 2.4914E-03  6.0066E-03 4.0220E-01 2.9247E-04   214
 5.0000E-03 4.4206E-01 4.1405E-01 4.1151E-01 2.5436E-03  6.0699E-03 4.0220E-01 2.9854E-04   214
 5.0000E-03 4.3971E-01 4.1828E-01 4.1569E-01 2.5958E-03  6.1337E-03 4.0220E-01 3.0462E-04   214
 5.0000E-03 7.6543E-01 2.7612E+00 2.7116E+00 4.9669E-02  3.8243E-04 4.0217E-01 5.9178E-03   214
 5.0000E-03 4.3738E-01 4.2236E-01 4.1971E-01 2.6483E-03  6.1982E-03 4.0220E-01 3.1073E-04   214
 5.0000E-03 4.3508E-01 4.2625E-01 4.2355E-01 2.7009E-03  6.2630E-03 4.0220E-01 3.1684E-04   214
 5.0000E-03 4.3280E-01 4.2999E-01 4.2724E-01 2.7537E-03  6.3285E-03 4.0221E-01 3.2298E-04   214
 5.0000E-03 4.3055E-01 4.3356E-01 4.3076E-01 2.8065E-03  6.3943E-03 4.0221E-01 3.2913E-04   214
 5.0000E-03 4.2832E-01 4.3674E-01 4.3388E-01 2.8656E-03  6.4599E-03 4.0221E-01 3.3600E-04   214
 5.0000E-03 4.2611E-01 4.3977E-01 4.3685E-01 2.9256E-03  6.5260E-03 4.0221E-01 3.4297E-04   214
 5.0000E-03 4.2393E-01 4.4264E-01 4.3966E-01 2.9862E-03  6.5923E-03 4.0221E-01 3.5002E-04   214
 5.0000E-03 4.2176E-01 4.4538E-01 4.4234E-01 3.0481E-03  6.6594E-03 4.0221E-01 3.5720E-04   214
 5.0000E-03 4.1962E-01 4.4797E-01 4.4486E-01 3.1105E-03  6.7267E-03 4.0221E-01 3.6446E-04   214
 5.0000E-03 4.1750E-01 4.5041E-01 4.4724E-01 3.1739E-03  6.7945E-03 4.0221E-01 3.7182E-04   214
