Energy [eV] Abs Cross [um^2] 
2.756 	 7.22343e-04 
2.749 	 7.77940e-04 
2.743 	 8.39960e-04 
2.737 	 9.09339e-04 
2.731 	 9.87218e-04 
2.725 	 1.07499e-03 
2.719 	 1.17432e-03 
2.713 	 1.28714e-03 
2.707 	 1.41575e-03 
2.701 	 1.56277e-03 
2.695 	 1.73113e-03 
2.689 	 1.92412e-03 
2.684 	 2.14545e-03 
2.678 	 2.39975e-03 
2.672 	 2.69322e-03 
2.666 	 3.03426e-03 
2.660 	 3.43341e-03 
2.655 	 3.90259e-03 
2.649 	 4.45383e-03 
2.643 	 5.09740e-03 
2.638 	 5.83853e-03 
2.632 	 6.67194e-03 
2.627 	 7.57357e-03 
2.621 	 8.49113e-03 
2.615 	 9.33831e-03 
2.610 	 1.00017e-02 
2.604 	 1.03677e-02 
2.599 	 1.03645e-02 
2.593 	 9.99429e-03 
2.588 	 9.33203e-03 
2.583 	 8.49137e-03 
2.577 	 7.58356e-03 
2.572 	 6.69206e-03 
2.566 	 5.86694e-03 
2.561 	 5.13104e-03 
2.556 	 4.48938e-03 
2.550 	 3.93712e-03 
2.545 	 3.46494e-03 
2.540 	 3.06216e-03 
2.535 	 2.71846e-03 
2.530 	 2.42452e-03 
2.524 	 2.17231e-03 
2.519 	 1.95506e-03 
2.514 	 1.76711e-03 
2.509 	 1.60379e-03 
2.504 	 1.46122e-03 
2.499 	 1.33622e-03 
2.494 	 1.22613e-03 
2.489 	 1.12878e-03 
2.484 	 1.04234e-03 
2.479 	 9.65298e-04 
2.474 	 8.96370e-04 
2.469 	 8.34488e-04 
2.464 	 7.78744e-04 
2.459 	 7.28369e-04 
2.454 	 6.82708e-04 
2.449 	 6.41202e-04 
2.444 	 6.03370e-04 
2.440 	 5.68797e-04 
2.435 	 5.37125e-04 
2.430 	 5.08041e-04 
2.425 	 4.81275e-04 
2.420 	 4.56589e-04 
2.416 	 4.33775e-04 
2.411 	 4.12650e-04 
2.406 	 3.93052e-04 
2.402 	 3.74840e-04 
2.397 	 3.57885e-04 
2.392 	 3.42076e-04 
2.388 	 3.27312e-04 
2.383 	 3.13502e-04 
2.378 	 3.00568e-04 
2.374 	 2.88436e-04 
2.369 	 2.77043e-04 
2.365 	 2.66328e-04 
2.360 	 2.56240e-04 
2.356 	 2.46731e-04 
2.351 	 2.37756e-04 
2.347 	 2.29277e-04 
2.342 	 2.21258e-04 
2.338 	 2.13666e-04 
2.333 	 2.06472e-04 
2.329 	 1.99649e-04 
2.325 	 1.93171e-04 
2.320 	 1.87015e-04 
2.316 	 1.81161e-04 
2.312 	 1.75588e-04 
2.307 	 1.70280e-04 
2.303 	 1.65219e-04 
2.299 	 1.60391e-04 
2.294 	 1.55781e-04 
2.290 	 1.51376e-04 
2.286 	 1.47164e-04 
2.282 	 1.43134e-04 
2.277 	 1.39276e-04 
2.273 	 1.35580e-04 
2.269 	 1.32036e-04 
2.265 	 1.28638e-04 
2.261 	 1.25376e-04 
2.257 	 1.22244e-04 
2.252 	 1.19235e-04 
2.248 	 1.16343e-04 
2.244 	 1.13561e-04 
2.240 	 1.10884e-04 
2.236 	 1.08307e-04 
2.232 	 1.05825e-04 
2.228 	 1.03433e-04 
2.224 	 1.01126e-04 
2.220 	 9.89017e-05 
2.216 	 9.67550e-05 
2.212 	 9.46825e-05 
2.208 	 9.26808e-05 
2.204 	 9.07468e-05 
2.200 	 8.88774e-05 
2.196 	 8.70698e-05 
2.192 	 8.53212e-05 
2.189 	 8.36292e-05 
2.185 	 8.19913e-05 
2.181 	 8.04051e-05 
2.177 	 7.88687e-05 
2.173 	 7.73798e-05 
2.169 	 7.59365e-05 
2.166 	 7.45370e-05 
2.162 	 7.31795e-05 
2.158 	 7.18624e-05 
2.154 	 7.05840e-05 
2.150 	 6.93429e-05 
2.147 	 6.81375e-05 
2.143 	 6.69666e-05 
2.139 	 6.58288e-05 
2.136 	 6.47228e-05 
2.132 	 6.36475e-05 
2.128 	 6.26019e-05 
2.124 	 6.15847e-05 
2.121 	 6.05949e-05 
2.117 	 5.96317e-05 
2.114 	 5.86940e-05 
2.110 	 5.77809e-05 
2.106 	 5.68916e-05 
2.103 	 5.60253e-05 
2.099 	 5.51811e-05 
2.096 	 5.43584e-05 
2.092 	 5.35563e-05 
2.089 	 5.27743e-05 
2.085 	 5.20116e-05 
2.081 	 5.12677e-05 
2.078 	 5.05418e-05 
2.074 	 4.98334e-05 
2.071 	 4.91420e-05 
2.068 	 4.84670e-05 
2.064 	 4.78080e-05 
2.061 	 4.71643e-05 
2.057 	 4.65355e-05 
2.054 	 4.59213e-05 
2.050 	 4.53210e-05 
2.047 	 4.47344e-05 
2.044 	 4.41610e-05 
2.040 	 4.36004e-05 
2.037 	 4.30522e-05 
2.033 	 4.25161e-05 
2.030 	 4.19917e-05 
2.027 	 4.14786e-05 
2.023 	 4.09767e-05 
2.020 	 4.04854e-05 
2.017 	 4.00046e-05 
2.014 	 3.95339e-05 
2.010 	 3.90731e-05 
2.007 	 3.86218e-05 
2.004 	 3.81798e-05 
2.000 	 3.77469e-05 
1.997 	 3.73228e-05 
1.994 	 3.69073e-05 
1.991 	 3.65001e-05 
1.988 	 3.61011e-05 
1.984 	 3.57100e-05 
1.981 	 3.53266e-05 
1.978 	 3.49508e-05 
1.975 	 3.45823e-05 
1.972 	 3.42209e-05 
1.969 	 3.38665e-05 
1.965 	 3.35189e-05 
1.962 	 3.31779e-05 
1.959 	 3.28433e-05 
1.956 	 3.25151e-05 
1.953 	 3.21929e-05 
1.950 	 3.18768e-05 
1.947 	 3.15664e-05 
1.944 	 3.12618e-05 
1.941 	 3.09627e-05 
1.938 	 3.06690e-05 
1.935 	 3.03806e-05 
1.932 	 3.00973e-05 
1.929 	 2.98191e-05 
1.926 	 2.95458e-05 
1.923 	 2.92774e-05 
1.920 	 2.90136e-05 
1.917 	 2.87544e-05 
1.914 	 2.84997e-05 
1.911 	 2.82494e-05 
1.908 	 2.80034e-05 
