Energy [eV] Abs Cross [um^2] 
2.756 	 8.20393e-03 
2.749 	 8.56242e-03 
2.743 	 8.95529e-03 
2.737 	 9.38760e-03 
2.731 	 9.86592e-03 
2.725 	 1.03985e-02 
2.719 	 1.09950e-02 
2.713 	 1.16661e-02 
2.707 	 1.24236e-02 
2.701 	 1.32792e-02 
2.695 	 1.42446e-02 
2.689 	 1.53308e-02 
2.684 	 1.65482e-02 
2.678 	 1.79020e-02 
2.672 	 1.93805e-02 
2.666 	 2.09355e-02 
2.660 	 2.24626e-02 
2.655 	 2.37973e-02 
2.649 	 2.47464e-02 
2.643 	 2.51583e-02 
2.638 	 2.49976e-02 
2.632 	 2.43650e-02 
2.627 	 2.34445e-02 
2.621 	 2.24250e-02 
2.615 	 2.14467e-02 
2.610 	 2.05898e-02 
2.604 	 1.98863e-02 
2.599 	 1.93385e-02 
2.593 	 1.89335e-02 
2.588 	 1.86525e-02 
2.583 	 1.84757e-02 
2.577 	 1.83846e-02 
2.572 	 1.83630e-02 
2.566 	 1.83967e-02 
2.561 	 1.84737e-02 
2.556 	 1.85838e-02 
2.550 	 1.87183e-02 
2.545 	 1.88695e-02 
2.540 	 1.90309e-02 
2.535 	 1.91965e-02 
2.530 	 1.93612e-02 
2.524 	 1.95202e-02 
2.519 	 1.96693e-02 
2.514 	 1.98048e-02 
2.509 	 1.99234e-02 
2.504 	 2.00220e-02 
2.499 	 2.00982e-02 
2.494 	 2.01498e-02 
2.489 	 2.01749e-02 
2.484 	 2.01723e-02 
2.479 	 2.01410e-02 
2.474 	 2.00804e-02 
2.469 	 1.99904e-02 
2.464 	 1.98713e-02 
2.459 	 1.97235e-02 
2.454 	 1.95480e-02 
2.449 	 1.93459e-02 
2.444 	 1.91188e-02 
2.440 	 1.88682e-02 
2.435 	 1.85961e-02 
2.430 	 1.83045e-02 
2.425 	 1.79952e-02 
2.420 	 1.76706e-02 
2.416 	 1.73326e-02 
2.411 	 1.69835e-02 
2.406 	 1.66252e-02 
2.402 	 1.62597e-02 
2.397 	 1.58889e-02 
2.392 	 1.55146e-02 
2.388 	 1.51384e-02 
2.383 	 1.47618e-02 
2.378 	 1.43862e-02 
2.374 	 1.40128e-02 
2.369 	 1.36428e-02 
2.365 	 1.32770e-02 
2.360 	 1.29164e-02 
2.356 	 1.25617e-02 
2.351 	 1.22135e-02 
2.347 	 1.18723e-02 
2.342 	 1.15385e-02 
2.338 	 1.12125e-02 
2.333 	 1.08945e-02 
2.329 	 1.05848e-02 
2.325 	 1.02834e-02 
2.320 	 9.99039e-03 
2.316 	 9.70585e-03 
2.312 	 9.42972e-03 
2.307 	 9.16194e-03 
2.303 	 8.90241e-03 
2.299 	 8.65103e-03 
2.294 	 8.40763e-03 
2.290 	 8.17208e-03 
2.286 	 7.94419e-03 
2.282 	 7.72378e-03 
2.277 	 7.51066e-03 
2.273 	 7.30463e-03 
2.269 	 7.10551e-03 
2.265 	 6.91308e-03 
2.261 	 6.72714e-03 
2.257 	 6.54749e-03 
2.252 	 6.37393e-03 
2.248 	 6.20625e-03 
2.244 	 6.04426e-03 
2.240 	 5.88775e-03 
2.236 	 5.73653e-03 
2.232 	 5.59041e-03 
2.228 	 5.44922e-03 
2.224 	 5.31276e-03 
2.220 	 5.18086e-03 
2.216 	 5.05336e-03 
2.212 	 4.93009e-03 
2.208 	 4.81090e-03 
2.204 	 4.69563e-03 
2.200 	 4.58413e-03 
2.196 	 4.47627e-03 
2.192 	 4.37192e-03 
2.189 	 4.27093e-03 
2.185 	 4.17319e-03 
2.181 	 4.07857e-03 
2.177 	 3.98696e-03 
2.173 	 3.89824e-03 
2.169 	 3.81231e-03 
2.166 	 3.72906e-03 
2.162 	 3.64839e-03 
2.158 	 3.57021e-03 
2.154 	 3.49443e-03 
2.150 	 3.42095e-03 
2.147 	 3.34970e-03 
2.143 	 3.28058e-03 
2.139 	 3.21353e-03 
2.136 	 3.14847e-03 
2.132 	 3.08532e-03 
2.128 	 3.02403e-03 
2.124 	 2.96451e-03 
2.121 	 2.90672e-03 
2.117 	 2.85058e-03 
2.114 	 2.79605e-03 
2.110 	 2.74305e-03 
2.106 	 2.69155e-03 
2.103 	 2.64149e-03 
2.099 	 2.59282e-03 
2.096 	 2.54548e-03 
2.092 	 2.49945e-03 
2.089 	 2.45466e-03 
2.085 	 2.41109e-03 
2.081 	 2.36868e-03 
2.078 	 2.32740e-03 
2.074 	 2.28722e-03 
2.071 	 2.24809e-03 
2.068 	 2.20999e-03 
2.064 	 2.17287e-03 
2.061 	 2.13671e-03 
2.057 	 2.10147e-03 
2.054 	 2.06713e-03 
2.050 	 2.03366e-03 
2.047 	 2.00103e-03 
2.044 	 1.96921e-03 
2.040 	 1.93818e-03 
2.037 	 1.90792e-03 
2.033 	 1.87840e-03 
2.030 	 1.84959e-03 
2.027 	 1.82148e-03 
2.023 	 1.79405e-03 
2.020 	 1.76727e-03 
2.017 	 1.74112e-03 
2.014 	 1.71559e-03 
2.010 	 1.69066e-03 
2.007 	 1.66630e-03 
2.004 	 1.64251e-03 
2.000 	 1.61927e-03 
1.997 	 1.59655e-03 
1.994 	 1.57435e-03 
1.991 	 1.55266e-03 
1.988 	 1.53144e-03 
1.984 	 1.51071e-03 
1.981 	 1.49043e-03 
1.978 	 1.47060e-03 
1.975 	 1.45120e-03 
1.972 	 1.43223e-03 
1.969 	 1.41367e-03 
1.965 	 1.39551e-03 
1.962 	 1.37774e-03 
1.959 	 1.36035e-03 
1.956 	 1.34332e-03 
1.953 	 1.32666e-03 
1.950 	 1.31034e-03 
1.947 	 1.29436e-03 
1.944 	 1.27872e-03 
1.941 	 1.26340e-03 
1.938 	 1.24838e-03 
1.935 	 1.23368e-03 
1.932 	 1.21927e-03 
1.929 	 1.20515e-03 
1.926 	 1.19132e-03 
1.923 	 1.17776e-03 
1.920 	 1.16447e-03 
1.917 	 1.15144e-03 
1.914 	 1.13866e-03 
1.911 	 1.12614e-03 
1.908 	 1.11386e-03 
