Energy [eV] Abs Cross [um^2] 
2.756 	 3.39542e-03 
2.749 	 3.56610e-03 
2.743 	 3.74929e-03 
2.737 	 3.94587e-03 
2.731 	 4.15698e-03 
2.725 	 4.38410e-03 
2.719 	 4.62882e-03 
2.713 	 4.89291e-03 
2.707 	 5.17832e-03 
2.701 	 5.48719e-03 
2.695 	 5.82188e-03 
2.689 	 6.18497e-03 
2.684 	 6.57930e-03 
2.678 	 7.00800e-03 
2.672 	 7.47444e-03 
2.666 	 7.98232e-03 
2.660 	 8.53562e-03 
2.655 	 9.13858e-03 
2.649 	 9.79562e-03 
2.643 	 1.05113e-02 
2.638 	 1.12901e-02 
2.632 	 1.21362e-02 
2.627 	 1.30533e-02 
2.621 	 1.40439e-02 
2.615 	 1.51089e-02 
2.610 	 1.62469e-02 
2.604 	 1.74531e-02 
2.599 	 1.87183e-02 
2.593 	 2.00278e-02 
2.588 	 2.13599e-02 
2.583 	 2.26857e-02 
2.577 	 2.39686e-02 
2.572 	 2.51652e-02 
2.566 	 2.62274e-02 
2.561 	 2.71062e-02 
2.556 	 2.77562e-02 
2.550 	 2.81414e-02 
2.545 	 2.82395e-02 
2.540 	 2.80456e-02 
2.535 	 2.75724e-02 
2.530 	 2.68486e-02 
2.524 	 2.59147e-02 
2.519 	 2.48179e-02 
2.514 	 2.36068e-02 
2.509 	 2.23273e-02 
2.504 	 2.10195e-02 
2.499 	 1.97164e-02 
2.494 	 1.84435e-02 
2.489 	 1.72192e-02 
2.484 	 1.60556e-02 
2.479 	 1.49602e-02 
2.474 	 1.39363e-02 
2.469 	 1.29844e-02 
2.464 	 1.21031e-02 
2.459 	 1.12895e-02 
2.454 	 1.05399e-02 
2.449 	 9.85028e-03 
2.444 	 9.21621e-03 
2.440 	 8.63339e-03 
2.435 	 8.09763e-03 
2.430 	 7.60493e-03 
2.425 	 7.15155e-03 
2.420 	 6.73399e-03 
2.416 	 6.34907e-03 
2.411 	 5.99386e-03 
2.406 	 5.66571e-03 
2.402 	 5.36218e-03 
2.397 	 5.08108e-03 
2.392 	 4.82044e-03 
2.388 	 4.57845e-03 
2.383 	 4.35349e-03 
2.378 	 4.14410e-03 
2.374 	 3.94897e-03 
2.369 	 3.76688e-03 
2.365 	 3.59677e-03 
2.360 	 3.43765e-03 
2.356 	 3.28863e-03 
2.351 	 3.14892e-03 
2.347 	 3.01777e-03 
2.342 	 2.89454e-03 
2.338 	 2.77862e-03 
2.333 	 2.66947e-03 
2.329 	 2.56658e-03 
2.325 	 2.46949e-03 
2.320 	 2.37780e-03 
2.316 	 2.29111e-03 
2.312 	 2.20908e-03 
2.307 	 2.13139e-03 
2.303 	 2.05775e-03 
2.299 	 1.98787e-03 
2.294 	 1.92152e-03 
2.290 	 1.85846e-03 
2.286 	 1.79849e-03 
2.282 	 1.74140e-03 
2.277 	 1.68702e-03 
2.273 	 1.63518e-03 
2.269 	 1.58573e-03 
2.265 	 1.53853e-03 
2.261 	 1.49344e-03 
2.257 	 1.45035e-03 
2.252 	 1.40913e-03 
2.248 	 1.36969e-03 
2.244 	 1.33191e-03 
2.240 	 1.29572e-03 
2.236 	 1.26103e-03 
2.232 	 1.22774e-03 
2.228 	 1.19580e-03 
2.224 	 1.16512e-03 
2.220 	 1.13564e-03 
2.216 	 1.10730e-03 
2.212 	 1.08005e-03 
2.208 	 1.05382e-03 
2.204 	 1.02856e-03 
2.200 	 1.00424e-03 
2.196 	 9.80802e-04 
2.192 	 9.58205e-04 
2.189 	 9.36412e-04 
2.185 	 9.15383e-04 
2.181 	 8.95084e-04 
2.177 	 8.75482e-04 
2.173 	 8.56546e-04 
2.169 	 8.38244e-04 
2.166 	 8.20550e-04 
2.162 	 8.03437e-04 
2.158 	 7.86879e-04 
2.154 	 7.70853e-04 
2.150 	 7.55337e-04 
2.147 	 7.40308e-04 
2.143 	 7.25747e-04 
2.139 	 7.11633e-04 
2.136 	 6.97951e-04 
2.132 	 6.84680e-04 
2.128 	 6.71807e-04 
2.124 	 6.59313e-04 
2.121 	 6.47186e-04 
2.117 	 6.35411e-04 
2.114 	 6.23973e-04 
2.110 	 6.12861e-04 
2.106 	 6.02062e-04 
2.103 	 5.91564e-04 
2.099 	 5.81356e-04 
2.096 	 5.71428e-04 
2.092 	 5.61769e-04 
2.089 	 5.52370e-04 
2.085 	 5.43221e-04 
2.081 	 5.34313e-04 
2.078 	 5.25639e-04 
2.074 	 5.17189e-04 
2.071 	 5.08956e-04 
2.068 	 5.00933e-04 
2.064 	 4.93113e-04 
2.061 	 4.85488e-04 
2.057 	 4.78053e-04 
2.054 	 4.70801e-04 
2.050 	 4.63726e-04 
2.047 	 4.56822e-04 
2.044 	 4.50084e-04 
2.040 	 4.43507e-04 
2.037 	 4.37085e-04 
2.033 	 4.30813e-04 
2.030 	 4.24687e-04 
2.027 	 4.18702e-04 
2.023 	 4.12854e-04 
2.020 	 4.07139e-04 
2.017 	 4.01553e-04 
2.014 	 3.96091e-04 
2.010 	 3.90750e-04 
2.007 	 3.85527e-04 
2.004 	 3.80417e-04 
2.000 	 3.75418e-04 
1.997 	 3.70527e-04 
1.994 	 3.65739e-04 
1.991 	 3.61054e-04 
1.988 	 3.56467e-04 
1.984 	 3.51975e-04 
1.981 	 3.47577e-04 
1.978 	 3.43270e-04 
1.975 	 3.39050e-04 
1.972 	 3.34917e-04 
1.969 	 3.30866e-04 
1.965 	 3.26898e-04 
1.962 	 3.23008e-04 
1.959 	 3.19194e-04 
1.956 	 3.15456e-04 
1.953 	 3.11790e-04 
1.950 	 3.08196e-04 
1.947 	 3.04670e-04 
1.944 	 3.01212e-04 
1.941 	 2.97819e-04 
1.938 	 2.94489e-04 
1.935 	 2.91222e-04 
1.932 	 2.88015e-04 
1.929 	 2.84868e-04 
1.926 	 2.81778e-04 
1.923 	 2.78744e-04 
1.920 	 2.75765e-04 
1.917 	 2.72840e-04 
1.914 	 2.69967e-04 
1.911 	 2.67145e-04 
1.908 	 2.64373e-04 
