Energy [eV] Abs Cross [um^2] 
2.756 	 1.03371e-04 
2.749 	 1.12114e-04 
2.743 	 1.21959e-04 
2.737 	 1.33084e-04 
2.731 	 1.45705e-04 
2.725 	 1.60095e-04 
2.719 	 1.76582e-04 
2.713 	 1.95571e-04 
2.707 	 2.17559e-04 
2.701 	 2.43161e-04 
2.695 	 2.73140e-04 
2.689 	 3.08433e-04 
2.684 	 3.50198e-04 
2.678 	 3.99855e-04 
2.672 	 4.59107e-04 
2.666 	 5.29940e-04 
2.660 	 6.14514e-04 
2.655 	 7.14870e-04 
2.649 	 8.32309e-04 
2.643 	 9.66212e-04 
2.638 	 1.11218e-03 
2.632 	 1.25979e-03 
2.627 	 1.39138e-03 
2.621 	 1.48424e-03 
2.615 	 1.51815e-03 
2.610 	 1.48506e-03 
2.604 	 1.39354e-03 
2.599 	 1.26392e-03 
2.593 	 1.11860e-03 
2.588 	 9.74873e-04 
2.583 	 8.42871e-04 
2.577 	 7.26884e-04 
2.572 	 6.27532e-04 
2.566 	 5.43571e-04 
2.561 	 4.73038e-04 
2.556 	 4.13855e-04 
2.550 	 3.64107e-04 
2.545 	 3.22140e-04 
2.540 	 2.86571e-04 
2.535 	 2.56268e-04 
2.530 	 2.30310e-04 
2.524 	 2.07952e-04 
2.519 	 1.88590e-04 
2.514 	 1.71735e-04 
2.509 	 1.56990e-04 
2.504 	 1.44027e-04 
2.499 	 1.32578e-04 
2.494 	 1.22424e-04 
2.489 	 1.13379e-04 
2.484 	 1.05293e-04 
2.479 	 9.80360e-05 
2.474 	 9.15009e-05 
2.469 	 8.55964e-05 
2.464 	 8.02450e-05 
2.459 	 7.53804e-05 
2.454 	 7.09460e-05 
2.449 	 6.68930e-05 
2.444 	 6.31795e-05 
2.440 	 5.97687e-05 
2.435 	 5.66291e-05 
2.430 	 5.37327e-05 
2.425 	 5.10552e-05 
2.420 	 4.85751e-05 
2.416 	 4.62737e-05 
2.411 	 4.41342e-05 
2.406 	 4.21419e-05 
2.402 	 4.02836e-05 
2.397 	 3.85475e-05 
2.392 	 3.69232e-05 
2.388 	 3.54013e-05 
2.383 	 3.39733e-05 
2.378 	 3.26317e-05 
2.374 	 3.13696e-05 
2.369 	 3.01810e-05 
2.365 	 2.90600e-05 
2.360 	 2.80018e-05 
2.356 	 2.70017e-05 
2.351 	 2.60555e-05 
2.347 	 2.51594e-05 
2.342 	 2.43099e-05 
2.338 	 2.35038e-05 
2.333 	 2.27383e-05 
2.329 	 2.20106e-05 
2.325 	 2.13183e-05 
2.320 	 2.06591e-05 
2.316 	 2.00309e-05 
2.312 	 1.94318e-05 
2.307 	 1.88601e-05 
2.303 	 1.83140e-05 
2.299 	 1.77921e-05 
2.294 	 1.72928e-05 
2.290 	 1.68150e-05 
2.286 	 1.63574e-05 
2.282 	 1.59188e-05 
2.277 	 1.54982e-05 
2.273 	 1.50947e-05 
2.269 	 1.47073e-05 
2.265 	 1.43351e-05 
2.261 	 1.39774e-05 
2.257 	 1.36335e-05 
2.252 	 1.33025e-05 
2.248 	 1.29840e-05 
2.244 	 1.26773e-05 
2.240 	 1.23817e-05 
2.236 	 1.20967e-05 
2.232 	 1.18219e-05 
2.228 	 1.15568e-05 
2.224 	 1.13008e-05 
2.220 	 1.10537e-05 
2.216 	 1.08148e-05 
2.212 	 1.05840e-05 
2.208 	 1.03608e-05 
2.204 	 1.01449e-05 
2.200 	 9.93597e-06 
2.196 	 9.73372e-06 
2.192 	 9.53786e-06 
2.189 	 9.34814e-06 
2.185 	 9.16428e-06 
2.181 	 8.98605e-06 
2.177 	 8.81322e-06 
2.173 	 8.64557e-06 
2.169 	 8.48289e-06 
2.166 	 8.32499e-06 
2.162 	 8.17168e-06 
2.158 	 8.02277e-06 
2.154 	 7.87811e-06 
2.150 	 7.73752e-06 
2.147 	 7.60086e-06 
2.143 	 7.46797e-06 
2.139 	 7.33872e-06 
2.136 	 7.21297e-06 
2.132 	 7.09060e-06 
2.128 	 6.97148e-06 
2.124 	 6.85551e-06 
2.121 	 6.74256e-06 
2.117 	 6.63253e-06 
2.114 	 6.52533e-06 
2.110 	 6.42085e-06 
2.106 	 6.31900e-06 
2.103 	 6.21970e-06 
2.099 	 6.12285e-06 
2.096 	 6.02838e-06 
2.092 	 5.93620e-06 
2.089 	 5.84624e-06 
2.085 	 5.75844e-06 
2.081 	 5.67271e-06 
2.078 	 5.58900e-06 
2.074 	 5.50724e-06 
2.071 	 5.42737e-06 
2.068 	 5.34933e-06 
2.064 	 5.27306e-06 
2.061 	 5.19851e-06 
2.057 	 5.12563e-06 
2.054 	 5.05437e-06 
2.050 	 4.98467e-06 
2.047 	 4.91650e-06 
2.044 	 4.84981e-06 
2.040 	 4.78455e-06 
2.037 	 4.72069e-06 
2.033 	 4.65818e-06 
2.030 	 4.59698e-06 
2.027 	 4.53707e-06 
2.023 	 4.47839e-06 
2.020 	 4.42091e-06 
2.017 	 4.36461e-06 
2.014 	 4.30945e-06 
2.010 	 4.25540e-06 
2.007 	 4.20243e-06 
2.004 	 4.15050e-06 
2.000 	 4.09959e-06 
1.997 	 4.04968e-06 
1.994 	 4.00074e-06 
1.991 	 3.95274e-06 
1.988 	 3.90566e-06 
1.984 	 3.85947e-06 
1.981 	 3.81416e-06 
1.978 	 3.76969e-06 
1.975 	 3.72606e-06 
1.972 	 3.68324e-06 
1.969 	 3.64120e-06 
1.965 	 3.59993e-06 
1.962 	 3.55941e-06 
1.959 	 3.51963e-06 
1.956 	 3.48055e-06 
1.953 	 3.44218e-06 
1.950 	 3.40448e-06 
1.947 	 3.36744e-06 
1.944 	 3.33104e-06 
1.941 	 3.29528e-06 
1.938 	 3.26013e-06 
1.935 	 3.22558e-06 
1.932 	 3.19162e-06 
1.929 	 3.15823e-06 
1.926 	 3.12540e-06 
1.923 	 3.09312e-06 
1.920 	 3.06138e-06 
1.917 	 3.03015e-06 
1.914 	 2.99944e-06 
1.911 	 2.96923e-06 
1.908 	 2.93951e-06 
