Energy [eV] Abs Cross [um^2] 
2.756 	 4.89368e-03 
2.749 	 5.07820e-03 
2.743 	 5.27259e-03 
2.737 	 5.47704e-03 
2.731 	 5.69204e-03 
2.725 	 5.91835e-03 
2.719 	 6.15679e-03 
2.713 	 6.40818e-03 
2.707 	 6.67335e-03 
2.701 	 6.95316e-03 
2.695 	 7.24852e-03 
2.689 	 7.56033e-03 
2.684 	 7.88954e-03 
2.678 	 8.23709e-03 
2.672 	 8.60393e-03 
2.666 	 8.99098e-03 
2.660 	 9.39921e-03 
2.655 	 9.82959e-03 
2.649 	 1.02830e-02 
2.643 	 1.07603e-02 
2.638 	 1.12621e-02 
2.632 	 1.17891e-02 
2.627 	 1.23415e-02 
2.621 	 1.29195e-02 
2.615 	 1.35227e-02 
2.610 	 1.41505e-02 
2.604 	 1.48018e-02 
2.599 	 1.54748e-02 
2.593 	 1.61670e-02 
2.588 	 1.68751e-02 
2.583 	 1.75951e-02 
2.577 	 1.83218e-02 
2.572 	 1.90490e-02 
2.566 	 1.97695e-02 
2.561 	 2.04752e-02 
2.556 	 2.11569e-02 
2.550 	 2.18047e-02 
2.545 	 2.24082e-02 
2.540 	 2.29566e-02 
2.535 	 2.34396e-02 
2.530 	 2.38473e-02 
2.524 	 2.41710e-02 
2.519 	 2.44034e-02 
2.514 	 2.45393e-02 
2.509 	 2.45756e-02 
2.504 	 2.45116e-02 
2.499 	 2.43492e-02 
2.494 	 2.40925e-02 
2.489 	 2.37477e-02 
2.484 	 2.33227e-02 
2.479 	 2.28268e-02 
2.474 	 2.22701e-02 
2.469 	 2.16630e-02 
2.464 	 2.10160e-02 
2.459 	 2.03391e-02 
2.454 	 1.96418e-02 
2.449 	 1.89327e-02 
2.444 	 1.82194e-02 
2.440 	 1.75087e-02 
2.435 	 1.68061e-02 
2.430 	 1.61162e-02 
2.425 	 1.54428e-02 
2.420 	 1.47888e-02 
2.416 	 1.41563e-02 
2.411 	 1.35467e-02 
2.406 	 1.29612e-02 
2.402 	 1.24002e-02 
2.397 	 1.18639e-02 
2.392 	 1.13521e-02 
2.388 	 1.08643e-02 
2.383 	 1.04002e-02 
2.378 	 9.95890e-03 
2.374 	 9.53966e-03 
2.369 	 9.14161e-03 
2.365 	 8.76384e-03 
2.360 	 8.40541e-03 
2.356 	 8.06540e-03 
2.351 	 7.74287e-03 
2.347 	 7.43692e-03 
2.342 	 7.14668e-03 
2.338 	 6.87129e-03 
2.333 	 6.60994e-03 
2.329 	 6.36184e-03 
2.325 	 6.12626e-03 
2.320 	 5.90247e-03 
2.316 	 5.68980e-03 
2.312 	 5.48763e-03 
2.307 	 5.29534e-03 
2.303 	 5.11237e-03 
2.299 	 4.93819e-03 
2.294 	 4.77229e-03 
2.290 	 4.61420e-03 
2.286 	 4.46348e-03 
2.282 	 4.31971e-03 
2.277 	 4.18251e-03 
2.273 	 4.05150e-03 
2.269 	 3.92636e-03 
2.265 	 3.80675e-03 
2.261 	 3.69238e-03 
2.257 	 3.58297e-03 
2.252 	 3.47825e-03 
2.248 	 3.37797e-03 
2.244 	 3.28190e-03 
2.240 	 3.18982e-03 
2.236 	 3.10151e-03 
2.232 	 3.01679e-03 
2.228 	 2.93546e-03 
2.224 	 2.85736e-03 
2.220 	 2.78233e-03 
2.216 	 2.71021e-03 
2.212 	 2.64086e-03 
2.208 	 2.57413e-03 
2.204 	 2.50992e-03 
2.200 	 2.44809e-03 
2.196 	 2.38853e-03 
2.192 	 2.33115e-03 
2.189 	 2.27582e-03 
2.185 	 2.22247e-03 
2.181 	 2.17100e-03 
2.177 	 2.12133e-03 
2.173 	 2.07337e-03 
2.169 	 2.02706e-03 
2.166 	 1.98230e-03 
2.162 	 1.93905e-03 
2.158 	 1.89723e-03 
2.154 	 1.85679e-03 
2.150 	 1.81766e-03 
2.147 	 1.77978e-03 
2.143 	 1.74312e-03 
2.139 	 1.70761e-03 
2.136 	 1.67321e-03 
2.132 	 1.63987e-03 
2.128 	 1.60756e-03 
2.124 	 1.57622e-03 
2.121 	 1.54583e-03 
2.117 	 1.51634e-03 
2.114 	 1.48773e-03 
2.110 	 1.45995e-03 
2.106 	 1.43297e-03 
2.103 	 1.40677e-03 
2.099 	 1.38132e-03 
2.096 	 1.35658e-03 
2.092 	 1.33253e-03 
2.089 	 1.30915e-03 
2.085 	 1.28642e-03 
2.081 	 1.26430e-03 
2.078 	 1.24277e-03 
2.074 	 1.22182e-03 
2.071 	 1.20143e-03 
2.068 	 1.18157e-03 
2.064 	 1.16223e-03 
2.061 	 1.14339e-03 
2.057 	 1.12503e-03 
2.054 	 1.10714e-03 
2.050 	 1.08970e-03 
2.047 	 1.07270e-03 
2.044 	 1.05611e-03 
2.040 	 1.03994e-03 
2.037 	 1.02416e-03 
2.033 	 1.00876e-03 
2.030 	 9.93734e-04 
2.027 	 9.79063e-04 
2.023 	 9.64739e-04 
2.020 	 9.50751e-04 
2.017 	 9.37089e-04 
2.014 	 9.23741e-04 
2.010 	 9.10700e-04 
2.007 	 8.97954e-04 
2.004 	 8.85496e-04 
2.000 	 8.73317e-04 
1.997 	 8.61408e-04 
1.994 	 8.49763e-04 
1.991 	 8.38372e-04 
1.988 	 8.27229e-04 
1.984 	 8.16326e-04 
1.981 	 8.05658e-04 
1.978 	 7.95217e-04 
1.975 	 7.84997e-04 
1.972 	 7.74992e-04 
1.969 	 7.65195e-04 
1.965 	 7.55602e-04 
1.962 	 7.46206e-04 
1.959 	 7.37001e-04 
1.956 	 7.27984e-04 
1.953 	 7.19148e-04 
1.950 	 7.10489e-04 
1.947 	 7.02002e-04 
1.944 	 6.93682e-04 
1.941 	 6.85525e-04 
1.938 	 6.77526e-04 
1.935 	 6.69682e-04 
1.932 	 6.61988e-04 
1.929 	 6.54441e-04 
1.926 	 6.47037e-04 
1.923 	 6.39772e-04 
1.920 	 6.32643e-04 
1.917 	 6.25646e-04 
1.914 	 6.18779e-04 
1.911 	 6.12038e-04 
1.908 	 6.05420e-04 
