 5.0000E-03 8.2666E-01 2.8821E-03 2.8746E-03 7.4127E-06 -9.6910E-04 4.0217E-01 8.8559E-07   214
 5.0000E-03 7.5840E-01 3.9525E-03 3.9413E-03 1.1194E-05 -8.0416E-04 4.0217E-01 1.3370E-06   214
 5.0000E-03 4.1541E-01 1.6663E-01 1.6652E-01 1.0881E-04  5.8644E-04 4.0218E-01 1.2956E-05   214
 5.0000E-03 7.5151E-01 4.0842E-03 4.0724E-03 1.1708E-05 -7.8473E-04 4.0217E-01 1.3983E-06   214
 5.0000E-03 7.4474E-01 4.2079E-03 4.1956E-03 1.2245E-05 -7.6699E-04 4.0217E-01 1.4623E-06   214
 5.0000E-03 7.3809E-01 4.3291E-03 4.3163E-03 1.2808E-05 -7.5644E-04 4.0217E-01 1.5295E-06   214
 5.0000E-03 7.3156E-01 4.4678E-03 4.4544E-03 1.3400E-05 -7.5052E-04 4.0217E-01 1.6002E-06   214
 5.0000E-03 7.2514E-01 4.6504E-03 4.6363E-03 1.4023E-05 -7.4492E-04 4.0217E-01 1.6746E-06   214
 5.0000E-03 7.1884E-01 4.9181E-03 4.9034E-03 1.4674E-05 -7.3429E-04 4.0217E-01 1.7523E-06   214
 5.0000E-03 7.1264E-01 5.2485E-03 5.2332E-03 1.5347E-05 -7.2050E-04 4.0217E-01 1.8327E-06   214
 5.0000E-03 7.0655E-01 5.5810E-03 5.5649E-03 1.6043E-05 -7.1007E-04 4.0217E-01 1.9157E-06   214
 5.0000E-03 7.0056E-01 5.9205E-03 5.9037E-03 1.6772E-05 -6.9832E-04 4.0217E-01 2.0026E-06   214
 5.0000E-03 8.1848E-01 2.9847E-03 2.9769E-03 7.7705E-06 -9.5238E-04 4.0217E-01 9.2836E-07   214
 5.0000E-03 6.9467E-01 6.3269E-03 6.3093E-03 1.7531E-05 -6.8308E-04 4.0217E-01 2.0933E-06   214
 5.0000E-03 6.8888E-01 6.7918E-03 6.7735E-03 1.8315E-05 -6.6644E-04 4.0217E-01 2.1868E-06   214
 5.0000E-03 6.8319E-01 7.2564E-03 7.2373E-03 1.9119E-05 -6.4947E-04 4.0217E-01 2.2828E-06   214
 5.0000E-03 6.7759E-01 7.6510E-03 7.6311E-03 1.9953E-05 -6.3483E-04 4.0217E-01 2.3823E-06   214
 5.0000E-03 6.7208E-01 8.0088E-03 7.9880E-03 2.0836E-05 -6.2112E-04 4.0217E-01 2.4876E-06   214
 5.0000E-03 6.6666E-01 8.3939E-03 8.3721E-03 2.1770E-05 -6.0736E-04 4.0217E-01 2.5989E-06   214
 5.0000E-03 6.6133E-01 8.8254E-03 8.8026E-03 2.2752E-05 -5.9320E-04 4.0217E-01 2.7161E-06   214
 5.0000E-03 6.5608E-01 9.3668E-03 9.3431E-03 2.3785E-05 -5.7722E-04 4.0217E-01 2.8395E-06   214
 5.0000E-03 6.5091E-01 1.0026E-02 1.0001E-02 2.4877E-05 -5.6245E-04 4.0217E-01 2.9697E-06   214
 5.0000E-03 6.4583E-01 1.0801E-02 1.0776E-02 2.6019E-05 -5.4584E-04 4.0217E-01 3.1058E-06   214
 5.0000E-03 8.1045E-01 3.1047E-03 3.0965E-03 8.1431E-06 -9.3499E-04 4.0217E-01 9.7285E-07   214
 5.0000E-03 6.4082E-01 1.1677E-02 1.1650E-02 2.7215E-05 -5.2840E-04 4.0217E-01 3.2486E-06   214
 5.0000E-03 6.3589E-01 1.2616E-02 1.2588E-02 2.8465E-05 -5.1066E-04 4.0217E-01 3.3975E-06   214
 5.0000E-03 6.3104E-01 1.3599E-02 1.3569E-02 2.9777E-05 -4.9260E-04 4.0217E-01 3.5542E-06   214
 5.0000E-03 6.2626E-01 1.4650E-02 1.4619E-02 3.1173E-05 -4.7290E-04 4.0217E-01 3.7205E-06   214
 5.0000E-03 6.2155E-01 1.5821E-02 1.5788E-02 3.2658E-05 -4.5343E-04 4.0217E-01 3.8977E-06   214
 5.0000E-03 6.1691E-01 1.7151E-02 1.7117E-02 3.4239E-05 -4.3442E-04 4.0217E-01 4.0862E-06   214
 5.0000E-03 6.1234E-01 1.8604E-02 1.8569E-02 3.5964E-05 -4.1361E-04 4.0217E-01 4.2919E-06   214
 5.0000E-03 6.0784E-01 2.0282E-02 2.0244E-02 3.7804E-05 -3.9168E-04 4.0217E-01 4.5112E-06   214
 5.0000E-03 6.0340E-01 2.2215E-02 2.2175E-02 3.9765E-05 -3.7081E-04 4.0217E-01 4.7450E-06   214
 5.0000E-03 5.9903E-01 2.4416E-02 2.4374E-02 4.1847E-05 -3.4885E-04 4.0217E-01 4.9931E-06   214
 5.0000E-03 8.0258E-01 3.2458E-03 3.2372E-03 8.5312E-06 -9.1827E-04 4.0217E-01 1.0191E-06   214
 5.0000E-03 5.9472E-01 2.6900E-02 2.6856E-02 4.4060E-05 -3.2735E-04 4.0217E-01 5.2569E-06   214
 5.0000E-03 5.9047E-01 2.9681E-02 2.9635E-02 4.6415E-05 -3.0475E-04 4.0217E-01 5.5376E-06   214
 5.0000E-03 5.8628E-01 3.2788E-02 3.2739E-02 4.8926E-05 -2.8370E-04 4.0217E-01 5.8371E-06   214
 5.0000E-03 5.8215E-01 3.6265E-02 3.6213E-02 5.1610E-05 -2.6069E-04 4.0217E-01 6.1568E-06   214
 5.0000E-03 5.7808E-01 4.0158E-02 4.0103E-02 5.4383E-05 -2.3968E-04 4.0217E-01 6.4875E-06   214
 5.0000E-03 5.7407E-01 4.4555E-02 4.4498E-02 5.7315E-05 -2.1941E-04 4.0217E-01 6.8370E-06   214
 5.0000E-03 5.7011E-01 4.9521E-02 4.9460E-02 6.0416E-05 -1.9769E-04 4.0217E-01 7.2065E-06   214
 5.0000E-03 5.6621E-01 5.5093E-02 5.5030E-02 6.3676E-05 -1.7541E-04 4.0217E-01 7.5951E-06   214
 5.0000E-03 5.6235E-01 6.1357E-02 6.1289E-02 6.7112E-05 -1.5399E-04 4.0217E-01 8.0044E-06   214
 5.0000E-03 5.5855E-01 6.8331E-02 6.8261E-02 7.0696E-05 -1.3272E-04 4.0217E-01 8.4316E-06   214
 5.0000E-03 7.9487E-01 3.4135E-03 3.4045E-03 8.9321E-06 -9.0127E-04 4.0217E-01 1.0669E-06   214
 5.0000E-03 5.5480E-01 7.6084E-02 7.6011E-02 7.4426E-05 -1.1032E-04 4.0217E-01 8.8764E-06   214
 5.0000E-03 5.5111E-01 8.4640E-02 8.4562E-02 7.8276E-05 -8.8977E-05 4.0217E-01 9.3348E-06   214
 5.0000E-03 5.4746E-01 9.4180E-02 9.4097E-02 8.2364E-05 -6.4980E-05 4.0217E-01 9.8219E-06   214
 5.0000E-03 5.4385E-01 1.0499E-01 1.0490E-01 8.6754E-05 -4.0185E-05 4.0217E-01 1.0345E-05   214
 5.0000E-03 5.4030E-01 1.1688E-01 1.1679E-01 9.1073E-05 -1.5580E-05 4.0217E-01 1.0859E-05   214
 5.0000E-03 5.3679E-01 1.2983E-01 1.2973E-01 9.5237E-05  9.1029E-06 4.0217E-01 1.1355E-05   214
 5.0000E-03 5.3333E-01 1.4364E-01 1.4354E-01 9.9096E-05  3.3786E-05 4.0217E-01 1.1815E-05   214
 5.0000E-03 5.2991E-01 1.5810E-01 1.5800E-01 1.0251E-04  5.9154E-05 4.0217E-01 1.2221E-05   214
 5.0000E-03 5.2653E-01 1.7288E-01 1.7278E-01 1.0532E-04  8.4873E-05 4.0217E-01 1.2555E-05   214
 5.0000E-03 5.2320E-01 1.8750E-01 1.8740E-01 1.0736E-04  1.1146E-04 4.0217E-01 1.2798E-05   214
 5.0000E-03 7.8730E-01 3.5683E-03 3.5589E-03 9.3443E-06 -8.8320E-04 4.0217E-01 1.1162E-06   214
 5.0000E-03 5.1991E-01 2.0111E-01 2.0100E-01 1.0751E-04  1.3953E-04 4.0217E-01 1.2815E-05   214
 5.0000E-03 5.1666E-01 2.1129E-01 2.1118E-01 1.0461E-04  1.7005E-04 4.0217E-01 1.2468E-05   214
 5.0000E-03 5.1345E-01 2.1795E-01 2.1785E-01 1.0076E-04  1.9991E-04 4.0217E-01 1.2009E-05   214
 5.0000E-03 5.1028E-01 2.2129E-01 2.2119E-01 9.6305E-05  2.2903E-04 4.0217E-01 1.1477E-05   214
 5.0000E-03 5.0715E-01 2.2172E-01 2.2163E-01 9.1549E-05  2.5867E-04 4.0217E-01 1.0910E-05   214
 5.0000E-03 5.0406E-01 2.1976E-01 2.1967E-01 8.6752E-05  2.8838E-04 4.0217E-01 1.0337E-05   214
 5.0000E-03 5.0101E-01 2.1595E-01 2.1587E-01 8.2109E-05  3.1746E-04 4.0217E-01 9.7834E-06   214
 5.0000E-03 4.9799E-01 2.1075E-01 2.1068E-01 7.7739E-05  3.4632E-04 4.0217E-01 9.2623E-06   214
 5.0000E-03 4.9500E-01 2.0496E-01 2.0488E-01 7.4232E-05  3.7291E-04 4.0217E-01 8.8438E-06   214
 5.0000E-03 4.9206E-01 1.9978E-01 1.9971E-01 7.2215E-05  3.9159E-04 4.0217E-01 8.6032E-06   214
 5.0000E-03 7.7987E-01 3.6635E-03 3.6537E-03 9.7737E-06 -8.6307E-04 4.0217E-01 1.1674E-06   214
 5.0000E-03 4.8915E-01 1.9489E-01 1.9482E-01 7.0697E-05  4.0932E-04 4.0217E-01 8.4221E-06   214
 5.0000E-03 4.8627E-01 1.9031E-01 1.9025E-01 6.9625E-05  4.2554E-04 4.0217E-01 8.2940E-06   214
 5.0000E-03 4.8343E-01 1.8610E-01 1.8603E-01 6.8954E-05  4.3966E-04 4.0217E-01 8.2138E-06   214
 5.0000E-03 4.8062E-01 1.8222E-01 1.8215E-01 6.8639E-05  4.5209E-04 4.0217E-01 8.1761E-06   214
 5.0000E-03 4.7784E-01 1.7868E-01 1.7861E-01 6.8648E-05  4.6360E-04 4.0217E-01 8.1770E-06   214
 5.0000E-03 4.7509E-01 1.7545E-01 1.7538E-01 6.8953E-05  4.7257E-04 4.0217E-01 8.2131E-06   214
 5.0000E-03 4.7238E-01 1.7251E-01 1.7244E-01 6.9527E-05  4.8044E-04 4.0217E-01 8.2812E-06   214
 5.0000E-03 4.6969E-01 1.7058E-01 1.7051E-01 7.0440E-05  4.8676E-04 4.0217E-01 8.3899E-06   214
 5.0000E-03 4.6704E-01 1.6926E-01 1.6919E-01 7.1540E-05  4.9177E-04 4.0217E-01 8.5208E-06   214
 5.0000E-03 4.6441E-01 1.6816E-01 1.6809E-01 7.2773E-05  4.9630E-04 4.0217E-01 8.6676E-06   214
 5.0000E-03 7.7258E-01 3.7454E-03 3.7351E-03 1.0225E-05 -8.4531E-04 4.0217E-01 1.2214E-06   214
 5.0000E-03 4.6182E-01 1.6728E-01 1.6721E-01 7.4124E-05  5.0028E-04 4.0217E-01 8.8285E-06   214
 5.0000E-03 4.5925E-01 1.6660E-01 1.6653E-01 7.5603E-05  5.0341E-04 4.0217E-01 9.0044E-06   214
 5.0000E-03 4.5672E-01 1.6610E-01 1.6603E-01 7.7193E-05  5.0552E-04 4.0217E-01 9.1939E-06   214
 5.0000E-03 4.5421E-01 1.6578E-01 1.6570E-01 7.8910E-05  5.0750E-04 4.0217E-01 9.3982E-06   214
 5.0000E-03 4.5173E-01 1.6561E-01 1.6553E-01 8.0744E-05  5.0736E-04 4.0217E-01 9.6165E-06   214
 5.0000E-03 4.4927E-01 1.6513E-01 1.6505E-01 8.2312E-05  5.1148E-04 4.0217E-01 9.8033E-06   214
 5.0000E-03 4.4684E-01 1.6452E-01 1.6444E-01 8.3732E-05  5.1687E-04 4.0217E-01 9.9723E-06   214
 5.0000E-03 4.4444E-01 1.6400E-01 1.6392E-01 8.5180E-05  5.2237E-04 4.0217E-01 1.0145E-05   214
 5.0000E-03 4.4206E-01 1.6357E-01 1.6348E-01 8.6663E-05  5.2804E-04 4.0217E-01 1.0321E-05   214
 5.0000E-03 4.3971E-01 1.6321E-01 1.6312E-01 8.8174E-05  5.3359E-04 4.0218E-01 1.0501E-05   214
 5.0000E-03 7.6543E-01 3.8376E-03 3.8268E-03 1.0699E-05 -8.2587E-04 4.0217E-01 1.2779E-06   214
 5.0000E-03 4.3738E-01 1.6292E-01 1.6283E-01 8.9717E-05  5.3902E-04 4.0218E-01 1.0684E-05   214
 5.0000E-03 4.3508E-01 1.6271E-01 1.6262E-01 9.1286E-05  5.4489E-04 4.0217E-01 1.0871E-05   214
 5.0000E-03 4.3280E-01 1.6256E-01 1.6247E-01 9.2888E-05  5.5109E-04 4.0218E-01 1.1062E-05   214
 5.0000E-03 4.3055E-01 1.6248E-01 1.6239E-01 9.4518E-05  5.5731E-04 4.0217E-01 1.1255E-05   214
 5.0000E-03 4.2832E-01 1.6284E-01 1.6275E-01 9.6404E-05  5.6211E-04 4.0217E-01 1.1480E-05   214
 5.0000E-03 4.2611E-01 1.6328E-01 1.6318E-01 9.8345E-05  5.6634E-04 4.0218E-01 1.1711E-05   214
 5.0000E-03 4.2393E-01 1.6380E-01 1.6370E-01 1.0033E-04  5.6996E-04 4.0218E-01 1.1947E-05   214
 5.0000E-03 4.2176E-01 1.6440E-01 1.6430E-01 1.0238E-04  5.7438E-04 4.0218E-01 1.2191E-05   214
 5.0000E-03 4.1962E-01 1.6507E-01 1.6497E-01 1.0447E-04  5.7806E-04 4.0218E-01 1.2440E-05   214
 5.0000E-03 4.1750E-01 1.6581E-01 1.6571E-01 1.0662E-04  5.8268E-04 4.0217E-01 1.2695E-05   214
