Energy [eV] Abs Cross [um^2] 
2.756 	 1.08982e-04 
2.749 	 1.18541e-04 
2.743 	 1.29349e-04 
2.737 	 1.41614e-04 
2.731 	 1.55594e-04 
2.725 	 1.71612e-04 
2.719 	 1.90059e-04 
2.713 	 2.11421e-04 
2.707 	 2.36300e-04 
2.701 	 2.65442e-04 
2.695 	 2.99773e-04 
2.689 	 3.40439e-04 
2.684 	 3.88848e-04 
2.678 	 4.46710e-04 
2.672 	 5.16044e-04 
2.666 	 5.99101e-04 
2.660 	 6.98118e-04 
2.655 	 8.14733e-04 
2.649 	 9.48871e-04 
2.643 	 1.09687e-03 
2.638 	 1.24908e-03 
2.632 	 1.38814e-03 
2.627 	 1.49057e-03 
2.621 	 1.53402e-03 
2.615 	 1.50787e-03 
2.610 	 1.41924e-03 
2.604 	 1.28877e-03 
2.599 	 1.14025e-03 
2.593 	 9.92441e-04 
2.588 	 8.56454e-04 
2.583 	 7.37039e-04 
2.577 	 6.34937e-04 
2.572 	 5.48859e-04 
2.566 	 4.76731e-04 
2.561 	 4.16360e-04 
2.556 	 3.65734e-04 
2.550 	 3.23120e-04 
2.545 	 2.87078e-04 
2.540 	 2.56428e-04 
2.535 	 2.30219e-04 
2.530 	 2.07679e-04 
2.524 	 1.88187e-04 
2.519 	 1.71240e-04 
2.514 	 1.56430e-04 
2.509 	 1.43425e-04 
2.504 	 1.31950e-04 
2.499 	 1.21781e-04 
2.494 	 1.12732e-04 
2.489 	 1.04647e-04 
2.484 	 9.73957e-05 
2.479 	 9.08702e-05 
2.474 	 8.49778e-05 
2.469 	 7.96403e-05 
2.464 	 7.47909e-05 
2.459 	 7.03724e-05 
2.454 	 6.63357e-05 
2.449 	 6.26384e-05 
2.444 	 5.92439e-05 
2.440 	 5.61203e-05 
2.435 	 5.32396e-05 
2.430 	 5.05775e-05 
2.425 	 4.81124e-05 
2.420 	 4.58255e-05 
2.416 	 4.37001e-05 
2.411 	 4.17212e-05 
2.406 	 3.98759e-05 
2.402 	 3.81524e-05 
2.397 	 3.65402e-05 
2.392 	 3.50299e-05 
2.388 	 3.36131e-05 
2.383 	 3.22822e-05 
2.378 	 3.10304e-05 
2.374 	 2.98516e-05 
2.369 	 2.87402e-05 
2.365 	 2.76911e-05 
2.360 	 2.66997e-05 
2.356 	 2.57619e-05 
2.351 	 2.48739e-05 
2.347 	 2.40321e-05 
2.342 	 2.32334e-05 
2.338 	 2.24749e-05 
2.333 	 2.17541e-05 
2.329 	 2.10683e-05 
2.325 	 2.04154e-05 
2.320 	 1.97932e-05 
2.316 	 1.92000e-05 
2.312 	 1.86338e-05 
2.307 	 1.80931e-05 
2.303 	 1.75764e-05 
2.299 	 1.70822e-05 
2.294 	 1.66092e-05 
2.290 	 1.61562e-05 
2.286 	 1.57221e-05 
2.282 	 1.53059e-05 
2.277 	 1.49065e-05 
2.273 	 1.45231e-05 
2.269 	 1.41548e-05 
2.265 	 1.38009e-05 
2.261 	 1.34605e-05 
2.257 	 1.31331e-05 
2.252 	 1.28179e-05 
2.248 	 1.25144e-05 
2.244 	 1.22219e-05 
2.240 	 1.19400e-05 
2.236 	 1.16682e-05 
2.232 	 1.14059e-05 
2.228 	 1.11527e-05 
2.224 	 1.09081e-05 
2.220 	 1.06719e-05 
2.216 	 1.04436e-05 
2.212 	 1.02228e-05 
2.208 	 1.00093e-05 
2.204 	 9.80263e-06 
2.200 	 9.60260e-06 
2.196 	 9.40889e-06 
2.192 	 9.22125e-06 
2.189 	 9.03941e-06 
2.185 	 8.86314e-06 
2.181 	 8.69222e-06 
2.177 	 8.52641e-06 
2.173 	 8.36553e-06 
2.169 	 8.20938e-06 
2.166 	 8.05776e-06 
2.162 	 7.91050e-06 
2.158 	 7.76744e-06 
2.154 	 7.62842e-06 
2.150 	 7.49327e-06 
2.147 	 7.36186e-06 
2.143 	 7.23405e-06 
2.139 	 7.10970e-06 
2.136 	 6.98869e-06 
2.132 	 6.87090e-06 
2.128 	 6.75622e-06 
2.124 	 6.64453e-06 
2.121 	 6.53573e-06 
2.117 	 6.42973e-06 
2.114 	 6.32641e-06 
2.110 	 6.22570e-06 
2.106 	 6.12750e-06 
2.103 	 6.03173e-06 
2.099 	 5.93831e-06 
2.096 	 5.84717e-06 
2.092 	 5.75822e-06 
2.089 	 5.67139e-06 
2.085 	 5.58662e-06 
2.081 	 5.50385e-06 
2.078 	 5.42300e-06 
2.074 	 5.34402e-06 
2.071 	 5.26685e-06 
2.068 	 5.19143e-06 
2.064 	 5.11771e-06 
2.061 	 5.04564e-06 
2.057 	 4.97517e-06 
2.054 	 4.90626e-06 
2.050 	 4.83884e-06 
2.047 	 4.77289e-06 
2.044 	 4.70836e-06 
2.040 	 4.64521e-06 
2.037 	 4.58339e-06 
2.033 	 4.52287e-06 
2.030 	 4.46362e-06 
2.027 	 4.40559e-06 
2.023 	 4.34876e-06 
2.020 	 4.29308e-06 
2.017 	 4.23853e-06 
2.014 	 4.18508e-06 
2.010 	 4.13269e-06 
2.007 	 4.08134e-06 
2.004 	 4.03100e-06 
2.000 	 3.98164e-06 
1.997 	 3.93323e-06 
1.994 	 3.88576e-06 
1.991 	 3.83920e-06 
1.988 	 3.79352e-06 
1.984 	 3.74870e-06 
1.981 	 3.70473e-06 
1.978 	 3.66157e-06 
1.975 	 3.61921e-06 
1.972 	 3.57764e-06 
1.969 	 3.53682e-06 
1.965 	 3.49674e-06 
1.962 	 3.45739e-06 
1.959 	 3.41874e-06 
1.956 	 3.38078e-06 
1.953 	 3.34349e-06 
1.950 	 3.30686e-06 
1.947 	 3.27086e-06 
1.944 	 3.23548e-06 
1.941 	 3.20072e-06 
1.938 	 3.16655e-06 
1.935 	 3.13295e-06 
1.932 	 3.09993e-06 
1.929 	 3.06745e-06 
1.926 	 3.03552e-06 
1.923 	 3.00412e-06 
1.920 	 2.97323e-06 
1.917 	 2.94285e-06 
1.914 	 2.91296e-06 
1.911 	 2.88356e-06 
1.908 	 2.85464e-06 
