 5.0000E-03 8.2666E-01 2.9396E-02 2.9137E-02 2.5847E-04 -4.2541E-04 4.0218E-01 3.0843E-05   214
 5.0000E-03 7.5840E-01 5.1331E-02 5.0829E-02 5.0212E-04 -2.3444E-04 4.0218E-01 5.9893E-05   214
 5.0000E-03 4.1541E-01 5.6534E-01 5.6413E-01 1.2169E-03  2.7941E-03 4.0218E-01 1.4407E-04   214
 5.0000E-03 7.5151E-01 5.4890E-02 5.4348E-02 5.4320E-04 -2.1393E-04 4.0218E-01 6.4791E-05   214
 5.0000E-03 7.4474E-01 5.8932E-02 5.8345E-02 5.8798E-04 -1.9356E-04 4.0218E-01 7.0129E-05   214
 5.0000E-03 7.3809E-01 6.3173E-02 6.2537E-02 6.3692E-04 -1.7323E-04 4.0218E-01 7.5962E-05   214
 5.0000E-03 7.3156E-01 6.7589E-02 6.6898E-02 6.9099E-04 -1.5244E-04 4.0218E-01 8.2408E-05   214
 5.0000E-03 7.2514E-01 7.2399E-02 7.1649E-02 7.5129E-04 -1.3112E-04 4.0218E-01 8.9596E-05   214
 5.0000E-03 7.1884E-01 7.7836E-02 7.7018E-02 8.1863E-04 -1.0950E-04 4.0218E-01 9.7622E-05   214
 5.0000E-03 7.1264E-01 8.4183E-02 8.3290E-02 8.9401E-04 -8.7751E-05 4.0218E-01 1.0661E-04   214
 5.0000E-03 7.0655E-01 9.1496E-02 9.0520E-02 9.7800E-04 -6.6136E-05 4.0218E-01 1.1662E-04   214
 5.0000E-03 7.0056E-01 9.9807E-02 9.8736E-02 1.0724E-03 -4.4581E-05 4.0218E-01 1.2786E-04   214
 5.0000E-03 8.1848E-01 3.1542E-02 3.1265E-02 2.7766E-04 -4.0434E-04 4.0218E-01 3.3131E-05   214
 5.0000E-03 6.9467E-01 1.0962E-01 1.0845E-01 1.1786E-03 -2.3006E-05 4.0218E-01 1.4053E-04   214
 5.0000E-03 6.8888E-01 1.2106E-01 1.1977E-01 1.2979E-03 -1.4374E-06 4.0218E-01 1.5474E-04   214
 5.0000E-03 6.8319E-01 1.3405E-01 1.3261E-01 1.4326E-03  2.0072E-05 4.0218E-01 1.7079E-04   214
 5.0000E-03 6.7759E-01 1.4893E-01 1.4734E-01 1.5868E-03  4.1705E-05 4.0218E-01 1.8917E-04   214
 5.0000E-03 6.7208E-01 1.6650E-01 1.6474E-01 1.7654E-03  6.3473E-05 4.0218E-01 2.1044E-04   214
 5.0000E-03 6.6666E-01 1.8790E-01 1.8593E-01 1.9728E-03  8.5197E-05 4.0218E-01 2.3516E-04   214
 5.0000E-03 6.6133E-01 2.1418E-01 2.1197E-01 2.2129E-03  1.0678E-04 4.0218E-01 2.6376E-04   214
 5.0000E-03 6.5608E-01 2.4758E-01 2.4510E-01 2.4876E-03  1.2827E-04 4.0218E-01 2.9649E-04   214
 5.0000E-03 6.5091E-01 2.8842E-01 2.8562E-01 2.8058E-03  1.4961E-04 4.0218E-01 3.3440E-04   214
 5.0000E-03 6.4583E-01 3.3772E-01 3.3455E-01 3.1812E-03  1.7070E-04 4.0218E-01 3.7913E-04   214
 5.0000E-03 8.1045E-01 3.3659E-02 3.3361E-02 2.9827E-04 -3.8350E-04 4.0218E-01 3.5589E-05   214
 5.0000E-03 6.4082E-01 3.9880E-01 3.9518E-01 3.6291E-03  1.9163E-04 4.0218E-01 4.3249E-04   214
 5.0000E-03 6.3589E-01 4.7462E-01 4.7046E-01 4.1613E-03  2.1234E-04 4.0218E-01 4.9589E-04   214
 5.0000E-03 6.3104E-01 5.6842E-01 5.6363E-01 4.7939E-03  2.3280E-04 4.0218E-01 5.7124E-04   214
 5.0000E-03 6.2626E-01 6.8466E-01 6.7912E-01 5.5474E-03  2.5308E-04 4.0217E-01 6.6100E-04   214
 5.0000E-03 6.2155E-01 8.2826E-01 8.2183E-01 6.4411E-03  2.7315E-04 4.0217E-01 7.6746E-04   214
 5.0000E-03 6.1691E-01 1.0041E+00 9.9663E-01 7.4907E-03  2.9301E-04 4.0217E-01 8.9249E-04   214
 5.0000E-03 6.1234E-01 1.2249E+00 1.2161E+00 8.8150E-03  3.1294E-04 4.0217E-01 1.0502E-03   214
 5.0000E-03 6.0784E-01 1.4906E+00 1.4803E+00 1.0341E-02  3.3264E-04 4.0217E-01 1.2320E-03   214
 5.0000E-03 6.0340E-01 1.7983E+00 1.7863E+00 1.2020E-02  3.5243E-04 4.0217E-01 1.4319E-03   214
 5.0000E-03 5.9903E-01 2.1301E+00 2.1164E+00 1.3712E-02  3.7275E-04 4.0217E-01 1.6335E-03   214
 5.0000E-03 8.0258E-01 3.5841E-02 3.5521E-02 3.2047E-04 -3.6215E-04 4.0218E-01 3.8237E-05   214
 5.0000E-03 5.9472E-01 2.4495E+00 2.4343E+00 1.5179E-02  3.9446E-04 4.0217E-01 1.8082E-03   214
 5.0000E-03 5.9047E-01 2.7016E+00 2.6855E+00 1.6107E-02  4.1885E-04 4.0217E-01 1.9186E-03   214
 5.0000E-03 5.8628E-01 2.8329E+00 2.8166E+00 1.6242E-02  4.4788E-04 4.0217E-01 1.9346E-03   214
 5.0000E-03 5.8215E-01 2.8193E+00 2.8037E+00 1.5538E-02  4.8416E-04 4.0217E-01 1.8505E-03   214
 5.0000E-03 5.7808E-01 2.6748E+00 2.6607E+00 1.4129E-02  5.3083E-04 4.0217E-01 1.6825E-03   214
 5.0000E-03 5.7407E-01 2.4581E+00 2.4457E+00 1.2427E-02  5.9075E-04 4.0217E-01 1.4796E-03   214
 5.0000E-03 5.7011E-01 2.2141E+00 2.2034E+00 1.0700E-02  6.6560E-04 4.0217E-01 1.2737E-03   214
 5.0000E-03 5.6621E-01 1.9750E+00 1.9659E+00 9.1161E-03  7.5437E-04 4.0217E-01 1.0849E-03   214
 5.0000E-03 5.6235E-01 1.7562E+00 1.7485E+00 7.7371E-03  8.5393E-04 4.0217E-01 9.2048E-04   214
 5.0000E-03 5.5855E-01 1.5649E+00 1.5583E+00 6.5796E-03  9.5809E-04 4.0217E-01 7.8253E-04   214
 5.0000E-03 7.9487E-01 3.8058E-02 3.7714E-02 3.4453E-04 -3.4041E-04 4.0218E-01 4.1106E-05   214
 5.0000E-03 5.5480E-01 1.4007E+00 1.3951E+00 5.6205E-03  1.0610E-03 4.0217E-01 6.6827E-04   214
 5.0000E-03 5.5111E-01 1.2614E+00 1.2566E+00 4.8326E-03  1.1574E-03 4.0217E-01 5.7443E-04   214
 5.0000E-03 5.4746E-01 1.1399E+00 1.1357E+00 4.1759E-03  1.2475E-03 4.0217E-01 4.9625E-04   214
 5.0000E-03 5.4385E-01 1.0316E+00 1.0280E+00 3.6165E-03  1.3313E-03 4.0217E-01 4.2967E-04   214
 5.0000E-03 5.4030E-01 9.4054E-01 9.3739E-01 3.1497E-03  1.4038E-03 4.0218E-01 3.7414E-04   214
 5.0000E-03 5.3679E-01 8.6337E-01 8.6061E-01 2.7574E-03  1.4667E-03 4.0218E-01 3.2749E-04   214
 5.0000E-03 5.3333E-01 7.9787E-01 7.9544E-01 2.4275E-03  1.5222E-03 4.0218E-01 2.8827E-04   214
 5.0000E-03 5.2991E-01 7.4179E-01 7.3964E-01 2.1481E-03  1.5722E-03 4.0218E-01 2.5506E-04   214
 5.0000E-03 5.2653E-01 6.9345E-01 6.9154E-01 1.9100E-03  1.6186E-03 4.0218E-01 2.2677E-04   214
 5.0000E-03 5.2320E-01 6.5162E-01 6.4991E-01 1.7068E-03  1.6624E-03 4.0218E-01 2.0262E-04   214
 5.0000E-03 7.8730E-01 4.0384E-02 4.0014E-02 3.7074E-04 -3.1872E-04 4.0218E-01 4.4231E-05   214
 5.0000E-03 5.1991E-01 6.1634E-01 6.1482E-01 1.5204E-03  1.7030E-03 4.0218E-01 1.8048E-04   214
 5.0000E-03 5.1666E-01 5.8866E-01 5.8731E-01 1.3476E-03  1.7397E-03 4.0218E-01 1.5995E-04   214
 5.0000E-03 5.1345E-01 5.6527E-01 5.6406E-01 1.2073E-03  1.7765E-03 4.0218E-01 1.4329E-04   214
 5.0000E-03 5.1028E-01 5.4525E-01 5.4416E-01 1.0919E-03  1.8135E-03 4.0218E-01 1.2958E-04   214
 5.0000E-03 5.0715E-01 5.2792E-01 5.2693E-01 9.9571E-04  1.8509E-03 4.0218E-01 1.1816E-04   214
 5.0000E-03 5.0406E-01 5.1276E-01 5.1184E-01 9.1481E-04  1.8887E-03 4.0218E-01 1.0855E-04   214
 5.0000E-03 5.0101E-01 4.9935E-01 4.9851E-01 8.4613E-04  1.9269E-03 4.0218E-01 1.0039E-04   214
 5.0000E-03 4.9799E-01 4.8736E-01 4.8657E-01 7.8723E-04  1.9656E-03 4.0218E-01 9.3396E-05   214
 5.0000E-03 4.9500E-01 4.7863E-01 4.7788E-01 7.4410E-04  2.0024E-03 4.0218E-01 8.8272E-05   214
 5.0000E-03 4.9206E-01 4.7513E-01 4.7441E-01 7.2294E-04  2.0338E-03 4.0218E-01 8.5754E-05   214
 5.0000E-03 7.7987E-01 4.2847E-02 4.2448E-02 3.9933E-04 -2.9729E-04 4.0218E-01 4.7638E-05   214
 5.0000E-03 4.8915E-01 4.7279E-01 4.7209E-01 7.0780E-04  2.0643E-03 4.0218E-01 8.3953E-05   214
 5.0000E-03 4.8627E-01 4.7158E-01 4.7088E-01 6.9805E-04  2.0938E-03 4.0218E-01 8.2791E-05   214
 5.0000E-03 4.8343E-01 4.7145E-01 4.7076E-01 6.9321E-04  2.1221E-03 4.0218E-01 8.2212E-05   214
 5.0000E-03 4.8062E-01 4.7237E-01 4.7168E-01 6.9290E-04  2.1492E-03 4.0218E-01 8.2170E-05   214
 5.0000E-03 4.7784E-01 4.7433E-01 4.7363E-01 6.9689E-04  2.1750E-03 4.0218E-01 8.2637E-05   214
 5.0000E-03 4.7509E-01 4.7729E-01 4.7659E-01 7.0501E-04  2.1993E-03 4.0218E-01 8.3595E-05   214
 5.0000E-03 4.7238E-01 4.8124E-01 4.8052E-01 7.1714E-04  2.2219E-03 4.0218E-01 8.5029E-05   214
 5.0000E-03 4.6969E-01 4.8521E-01 4.8448E-01 7.3181E-04  2.2444E-03 4.0218E-01 8.6764E-05   214
 5.0000E-03 4.6704E-01 4.8905E-01 4.8831E-01 7.4771E-04  2.2669E-03 4.0218E-01 8.8644E-05   214
 5.0000E-03 4.6441E-01 4.9319E-01 4.9242E-01 7.6534E-04  2.2890E-03 4.0218E-01 9.0728E-05   214
 5.0000E-03 7.7258E-01 4.5485E-02 4.5055E-02 4.3051E-04 -2.7602E-04 4.0218E-01 5.1357E-05   214
 5.0000E-03 4.6182E-01 4.9758E-01 4.9680E-01 7.8459E-04  2.3106E-03 4.0218E-01 9.3005E-05   214
 5.0000E-03 4.5925E-01 5.0229E-01 5.0149E-01 8.0566E-04  2.3317E-03 4.0218E-01 9.5498E-05   214
 5.0000E-03 4.5672E-01 5.0728E-01 5.0646E-01 8.2845E-04  2.3522E-03 4.0218E-01 9.8193E-05   214
 5.0000E-03 4.5421E-01 5.1261E-01 5.1176E-01 8.5318E-04  2.3723E-03 4.0218E-01 1.0112E-04   214
 5.0000E-03 4.5173E-01 5.1826E-01 5.1738E-01 8.7985E-04  2.3918E-03 4.0218E-01 1.0427E-04   214
 5.0000E-03 4.4927E-01 5.2240E-01 5.2150E-01 9.0157E-04  2.4140E-03 4.0218E-01 1.0684E-04   214
 5.0000E-03 4.4684E-01 5.2555E-01 5.2463E-01 9.2019E-04  2.4379E-03 4.0218E-01 1.0904E-04   214
 5.0000E-03 4.4444E-01 5.2855E-01 5.2761E-01 9.3881E-04  2.4622E-03 4.0218E-01 1.1124E-04   214
 5.0000E-03 4.4206E-01 5.3143E-01 5.3047E-01 9.5751E-04  2.4868E-03 4.0218E-01 1.1345E-04   214
 5.0000E-03 4.3971E-01 5.3418E-01 5.3320E-01 9.7621E-04  2.5117E-03 4.0218E-01 1.1566E-04   214
 5.0000E-03 7.6543E-01 4.8280E-02 4.7816E-02 4.6459E-04 -2.5505E-04 4.0218E-01 5.5420E-05   214
 5.0000E-03 4.3738E-01 5.3682E-01 5.3582E-01 9.9497E-04  2.5371E-03 4.0218E-01 1.1787E-04   214
 5.0000E-03 4.3508E-01 5.3934E-01 5.3833E-01 1.0137E-03  2.5627E-03 4.0218E-01 1.2009E-04   214
 5.0000E-03 4.3280E-01 5.4177E-01 5.4074E-01 1.0325E-03  2.5887E-03 4.0218E-01 1.2231E-04   214
 5.0000E-03 4.3055E-01 5.4410E-01 5.4305E-01 1.0514E-03  2.6149E-03 4.0218E-01 1.2453E-04   214
 5.0000E-03 4.2832E-01 5.4716E-01 5.4608E-01 1.0737E-03  2.6400E-03 4.0218E-01 1.2717E-04   214
 5.0000E-03 4.2611E-01 5.5021E-01 5.4911E-01 1.0966E-03  2.6653E-03 4.0218E-01 1.2987E-04   214
 5.0000E-03 4.2393E-01 5.5324E-01 5.5212E-01 1.1197E-03  2.6907E-03 4.0218E-01 1.3260E-04   214
 5.0000E-03 4.2176E-01 5.5628E-01 5.5514E-01 1.1435E-03  2.7164E-03 4.0218E-01 1.3540E-04   214
 5.0000E-03 4.1962E-01 5.5931E-01 5.5814E-01 1.1675E-03  2.7422E-03 4.0218E-01 1.3824E-04   214
 5.0000E-03 4.1750E-01 5.6233E-01 5.6114E-01 1.1921E-03  2.7681E-03 4.0218E-01 1.4114E-04   214
