Energy [eV] Ext Cross [um^2] Abs Cross [um^2] Sca Cross [um^2] 
3.500 	 1.86086e-02 	 2.96831e-03 	 1.56403e-02 
3.471 	 1.68855e-02 	 3.03313e-03 	 1.38524e-02 
3.442 	 1.52728e-02 	 3.09381e-03 	 1.21790e-02 
3.414 	 1.37724e-02 	 3.15126e-03 	 1.06212e-02 
3.387 	 1.23850e-02 	 3.20617e-03 	 9.17888e-03 
3.360 	 1.11107e-02 	 3.25911e-03 	 7.85158e-03 
3.333 	 9.94912e-03 	 3.31057e-03 	 6.63856e-03 
3.306 	 8.89956e-03 	 3.36095e-03 	 5.53862e-03 
3.281 	 7.96005e-03 	 3.41057e-03 	 4.54948e-03 
3.255 	 7.12842e-03 	 3.45973e-03 	 3.66869e-03 
3.230 	 6.40235e-03 	 3.50871e-03 	 2.89364e-03 
3.205 	 5.77916e-03 	 3.55778e-03 	 2.22137e-03 
3.181 	 5.25565e-03 	 3.60716e-03 	 1.64849e-03 
3.157 	 4.82869e-03 	 3.65708e-03 	 1.17161e-03 
3.133 	 4.49503e-03 	 3.70776e-03 	 7.87274e-04 
3.110 	 4.25120e-03 	 3.75940e-03 	 4.91805e-04 
3.087 	 4.09365e-03 	 3.81213e-03 	 2.81529e-04 
3.064 	 4.01895e-03 	 3.86612e-03 	 1.52837e-04 
3.042 	 4.02409e-03 	 3.92192e-03 	 1.02175e-04 
3.020 	 4.10506e-03 	 3.97906e-03 	 1.26008e-04 
2.999 	 4.25807e-03 	 4.03722e-03 	 2.20854e-04 
2.977 	 4.48474e-03 	 4.10080e-03 	 3.83937e-04 
2.956 	 4.77739e-03 	 4.16574e-03 	 6.11642e-04 
2.935 	 5.12025e-03 	 4.22143e-03 	 8.98817e-04 
2.915 	 5.54979e-03 	 4.30084e-03 	 1.24895e-03 
2.895 	 6.03944e-03 	 4.37916e-03 	 1.66028e-03 
2.875 	 6.56683e-03 	 4.45877e-03 	 2.10806e-03 
2.855 	 7.16828e-03 	 4.55238e-03 	 2.61590e-03 
2.836 	 7.80131e-03 	 4.61717e-03 	 3.18415e-03 
2.817 	 8.51446e-03 	 4.72465e-03 	 3.78980e-03 
2.798 	 9.29496e-03 	 4.85324e-03 	 4.44171e-03 
2.780 	 1.01239e-02 	 4.98330e-03 	 5.14064e-03 
2.761 	 1.10260e-02 	 5.14235e-03 	 5.88370e-03 
2.743 	 1.20196e-02 	 5.34993e-03 	 6.66967e-03 
2.725 	 1.31261e-02 	 5.62592e-03 	 7.50019e-03 
2.708 	 1.43897e-02 	 6.01198e-03 	 8.37770e-03 
2.690 	 1.58891e-02 	 6.58218e-03 	 9.30691e-03 
2.673 	 1.76969e-02 	 7.40757e-03 	 1.02894e-02 
2.656 	 1.95944e-02 	 8.29059e-03 	 1.13039e-02 
2.639 	 2.07662e-02 	 8.47324e-03 	 1.22930e-02 
2.623 	 2.11076e-02 	 7.85243e-03 	 1.32552e-02 
2.606 	 2.14764e-02 	 7.21809e-03 	 1.42583e-02 
2.590 	 2.21959e-02 	 6.86342e-03 	 1.53325e-02 
2.574 	 2.32147e-02 	 6.74299e-03 	 1.64717e-02 
2.559 	 2.44359e-02 	 6.76043e-03 	 1.76754e-02 
2.543 	 2.57685e-02 	 6.83079e-03 	 1.89377e-02 
2.528 	 2.71811e-02 	 6.94586e-03 	 2.02352e-02 
2.513 	 2.86976e-02 	 7.13326e-03 	 2.15643e-02 
2.498 	 3.03416e-02 	 7.40720e-03 	 2.29344e-02 
2.483 	 3.21412e-02 	 7.78627e-03 	 2.43549e-02 
2.468 	 3.41448e-02 	 8.30813e-03 	 2.58366e-02 
2.454 	 3.64353e-02 	 9.04067e-03 	 2.73946e-02 
2.439 	 3.91481e-02 	 1.00963e-02 	 2.90518e-02 
2.425 	 4.24732e-02 	 1.16343e-02 	 3.08389e-02 
2.411 	 4.65377e-02 	 1.37624e-02 	 3.27753e-02 
2.397 	 5.08795e-02 	 1.60960e-02 	 3.47835e-02 
2.384 	 5.38039e-02 	 1.72142e-02 	 3.65897e-02 
2.370 	 5.41253e-02 	 1.61137e-02 	 3.80116e-02 
2.357 	 5.32866e-02 	 1.39957e-02 	 3.92909e-02 
2.344 	 5.28710e-02 	 1.21881e-02 	 4.06829e-02 
2.331 	 5.32210e-02 	 1.09806e-02 	 4.22404e-02 
2.318 	 5.41768e-02 	 1.02403e-02 	 4.39366e-02 
2.305 	 5.55475e-02 	 9.80640e-03 	 4.57411e-02 
2.292 	 5.72023e-02 	 9.56835e-03 	 4.76339e-02 
2.280 	 5.90613e-02 	 9.45771e-03 	 4.96036e-02 
2.268 	 6.10767e-02 	 9.43285e-03 	 5.16438e-02 
2.255 	 6.32192e-02 	 9.46807e-03 	 5.37511e-02 
2.243 	 6.54711e-02 	 9.54711e-03 	 5.59240e-02 
2.231 	 6.78214e-02 	 9.65938e-03 	 5.81620e-02 
2.220 	 7.02636e-02 	 9.79781e-03 	 6.04658e-02 
2.208 	 7.27940e-02 	 9.95761e-03 	 6.28364e-02 
2.196 	 7.54105e-02 	 1.01355e-02 	 6.52751e-02 
2.185 	 7.81121e-02 	 1.03290e-02 	 6.77830e-02 
2.173 	 8.08985e-02 	 1.05367e-02 	 7.03618e-02 
2.162 	 8.37701e-02 	 1.07572e-02 	 7.30129e-02 
2.151 	 8.67278e-02 	 1.09897e-02 	 7.57380e-02 
2.140 	 8.97724e-02 	 1.12337e-02 	 7.85388e-02 
2.129 	 9.29053e-02 	 1.14885e-02 	 8.14168e-02 
2.118 	 9.61276e-02 	 1.17540e-02 	 8.43736e-02 
2.108 	 9.94404e-02 	 1.20298e-02 	 8.74106e-02 
2.097 	 1.02845e-01 	 1.23157e-02 	 9.05292e-02 
2.087 	 1.06342e-01 	 1.26117e-02 	 9.37305e-02 
2.076 	 1.09933e-01 	 1.29176e-02 	 9.70159e-02 
2.066 	 1.13619e-01 	 1.32333e-02 	 1.00386e-01 
2.056 	 1.17400e-01 	 1.35588e-02 	 1.03842e-01 
2.046 	 1.21277e-01 	 1.38939e-02 	 1.07383e-01 
2.036 	 1.25249e-01 	 1.42384e-02 	 1.11011e-01 
2.026 	 1.29316e-01 	 1.45924e-02 	 1.14724e-01 
2.016 	 1.33478e-01 	 1.49555e-02 	 1.18522e-01 
2.007 	 1.37732e-01 	 1.53277e-02 	 1.22404e-01 
1.997 	 1.42078e-01 	 1.57085e-02 	 1.26369e-01 
1.988 	 1.46512e-01 	 1.60977e-02 	 1.30414e-01 
1.978 	 1.51031e-01 	 1.64950e-02 	 1.34536e-01 
1.969 	 1.55632e-01 	 1.68999e-02 	 1.38732e-01 
1.960 	 1.60310e-01 	 1.73120e-02 	 1.42998e-01 
1.951 	 1.65058e-01 	 1.77305e-02 	 1.47328e-01 
1.942 	 1.69871e-01 	 1.81549e-02 	 1.51717e-01 
1.933 	 1.74742e-01 	 1.85843e-02 	 1.56158e-01 
1.924 	 1.79661e-01 	 1.90179e-02 	 1.60643e-01 
1.915 	 1.84620e-01 	 1.94547e-02 	 1.65165e-01 
1.906 	 1.89606e-01 	 1.98937e-02 	 1.69712e-01 
1.898 	 1.94608e-01 	 2.03336e-02 	 1.74274e-01 
1.889 	 1.99613e-01 	 2.07732e-02 	 1.78839e-01 
1.881 	 2.04605e-01 	 2.12111e-02 	 1.83394e-01 
1.872 	 2.09570e-01 	 2.16457e-02 	 1.87925e-01 
1.864 	 2.14491e-01 	 2.20754e-02 	 1.92416e-01 
1.855 	 2.19349e-01 	 2.24985e-02 	 1.96851e-01 
1.847 	 2.24125e-01 	 2.29131e-02 	 2.01212e-01 
1.839 	 2.28800e-01 	 2.33173e-02 	 2.05483e-01 
1.831 	 2.33353e-01 	 2.37092e-02 	 2.09644e-01 
1.823 	 2.37762e-01 	 2.40867e-02 	 2.13676e-01 
1.815 	 2.42006e-01 	 2.44477e-02 	 2.17558e-01 
1.807 	 2.46062e-01 	 2.47903e-02 	 2.21272e-01 
1.800 	 2.49908e-01 	 2.51123e-02 	 2.24796e-01 
1.792 	 2.53523e-01 	 2.54118e-02 	 2.28112e-01 
1.784 	 2.56886e-01 	 2.56867e-02 	 2.31200e-01 
1.777 	 2.59977e-01 	 2.59353e-02 	 2.34041e-01 
1.769 	 2.62776e-01 	 2.61558e-02 	 2.36620e-01 
1.762 	 2.65266e-01 	 2.63466e-02 	 2.38919e-01 
1.754 	 2.67432e-01 	 2.65063e-02 	 2.40925e-01 
1.747 	 2.69259e-01 	 2.66337e-02 	 2.42626e-01 
1.740 	 2.70738e-01 	 2.67278e-02 	 2.44010e-01 
1.733 	 2.71857e-01 	 2.67878e-02 	 2.45069e-01 
1.725 	 2.72613e-01 	 2.68133e-02 	 2.45799e-01 
1.718 	 2.73000e-01 	 2.68040e-02 	 2.46196e-01 
1.711 	 2.73018e-01 	 2.67600e-02 	 2.46258e-01 
1.704 	 2.72670e-01 	 2.66816e-02 	 2.45989e-01 
1.697 	 2.71961e-01 	 2.65693e-02 	 2.45392e-01 
1.691 	 2.70897e-01 	 2.64239e-02 	 2.44473e-01 
1.684 	 2.69490e-01 	 2.62465e-02 	 2.43243e-01 
1.677 	 2.67751e-01 	 2.60384e-02 	 2.41712e-01 
1.670 	 2.65695e-01 	 2.58010e-02 	 2.39894e-01 
1.664 	 2.63338e-01 	 2.55359e-02 	 2.37802e-01 
1.657 	 2.60698e-01 	 2.52449e-02 	 2.35454e-01 
1.651 	 2.57795e-01 	 2.49299e-02 	 2.32865e-01 
1.644 	 2.54648e-01 	 2.45927e-02 	 2.30056e-01 
1.638 	 2.51279e-01 	 2.42354e-02 	 2.27043e-01 
1.631 	 2.47707e-01 	 2.38601e-02 	 2.23847e-01 
1.625 	 2.43956e-01 	 2.34687e-02 	 2.20487e-01 
1.619 	 2.40045e-01 	 2.30634e-02 	 2.16982e-01 
1.612 	 2.35997e-01 	 2.26461e-02 	 2.13351e-01 
1.606 	 2.31831e-01 	 2.22187e-02 	 2.09612e-01 
1.600 	 2.27566e-01 	 2.17832e-02 	 2.05783e-01 
1.594 	 2.23222e-01 	 2.13411e-02 	 2.01881e-01 
1.588 	 2.18817e-01 	 2.08943e-02 	 1.97923e-01 
1.582 	 2.14367e-01 	 2.04444e-02 	 1.93923e-01 
1.576 	 2.09889e-01 	 1.99927e-02 	 1.89896e-01 
1.570 	 2.05396e-01 	 1.95406e-02 	 1.85855e-01 
1.564 	 2.00902e-01 	 1.90894e-02 	 1.81813e-01 
1.558 	 1.96420e-01 	 1.86402e-02 	 1.77780e-01 
1.553 	 1.91961e-01 	 1.81941e-02 	 1.73767e-01 
1.547 	 1.87535e-01 	 1.77520e-02 	 1.69783e-01 
1.541 	 1.83150e-01 	 1.73146e-02 	 1.65836e-01 
1.536 	 1.78815e-01 	 1.68827e-02 	 1.61933e-01 
1.530 	 1.74538e-01 	 1.64570e-02 	 1.58081e-01 
1.524 	 1.70323e-01 	 1.60379e-02 	 1.54285e-01 
1.519 	 1.66176e-01 	 1.56260e-02 	 1.50550e-01 
1.513 	 1.62101e-01 	 1.52216e-02 	 1.46880e-01 
1.508 	 1.58103e-01 	 1.48250e-02 	 1.43278e-01 
1.503 	 1.54184e-01 	 1.44365e-02 	 1.39748e-01 
1.497 	 1.50347e-01 	 1.40563e-02 	 1.36291e-01 
1.492 	 1.46594e-01 	 1.36845e-02 	 1.32909e-01 
1.487 	 1.42925e-01 	 1.33212e-02 	 1.29604e-01 
1.481 	 1.39342e-01 	 1.29665e-02 	 1.26375e-01 
1.476 	 1.35845e-01 	 1.26203e-02 	 1.23224e-01 
1.471 	 1.32434e-01 	 1.22828e-02 	 1.20151e-01 
1.466 	 1.29109e-01 	 1.19537e-02 	 1.17156e-01 
1.461 	 1.25871e-01 	 1.16332e-02 	 1.14237e-01 
1.455 	 1.22717e-01 	 1.13210e-02 	 1.11396e-01 
1.450 	 1.19647e-01 	 1.10171e-02 	 1.08629e-01 
1.445 	 1.16659e-01 	 1.07213e-02 	 1.05938e-01 
1.440 	 1.13754e-01 	 1.04335e-02 	 1.03320e-01 
1.436 	 1.10928e-01 	 1.01535e-02 	 1.00775e-01 
1.431 	 1.08181e-01 	 9.88126e-03 	 9.83001e-02 
1.426 	 1.05512e-01 	 9.61651e-03 	 9.58950e-02 
1.421 	 1.02917e-01 	 9.35912e-03 	 9.35581e-02 
1.416 	 1.00396e-01 	 9.10888e-03 	 9.12876e-02 
1.411 	 9.79476e-02 	 8.86564e-03 	 8.90820e-02 
1.407 	 9.55690e-02 	 8.62921e-03 	 8.69397e-02 
1.402 	 9.32586e-02 	 8.39939e-03 	 8.48592e-02 
1.397 	 9.10147e-02 	 8.17603e-03 	 8.28387e-02 
1.393 	 8.88356e-02 	 7.95892e-03 	 8.08767e-02 
1.388 	 8.67194e-02 	 7.74790e-03 	 7.89715e-02 
1.383 	 8.46643e-02 	 7.54279e-03 	 7.71215e-02 
1.379 	 8.26685e-02 	 7.34341e-03 	 7.53251e-02 
1.374 	 8.07304e-02 	 7.14959e-03 	 7.35808e-02 
1.370 	 7.88482e-02 	 6.96116e-03 	 7.18870e-02 
1.365 	 7.70202e-02 	 6.77795e-03 	 7.02423e-02 
1.361 	 7.52448e-02 	 6.59981e-03 	 6.86450e-02 
1.356 	 7.35203e-02 	 6.42656e-03 	 6.70937e-02 
1.352 	 7.18452e-02 	 6.25807e-03 	 6.55871e-02 
1.348 	 7.02179e-02 	 6.09417e-03 	 6.41238e-02 
1.343 	 6.86370e-02 	 5.93471e-03 	 6.27023e-02 
1.339 	 6.71009e-02 	 5.77957e-03 	 6.13214e-02 
1.335 	 6.56083e-02 	 5.62859e-03 	 5.99797e-02 
1.331 	 6.41577e-02 	 5.48164e-03 	 5.86761e-02 
1.326 	 6.27479e-02 	 5.33859e-03 	 5.74093e-02 
1.322 	 6.13774e-02 	 5.19932e-03 	 5.61781e-02 
1.318 	 6.00452e-02 	 5.06370e-03 	 5.49815e-02 
1.314 	 5.87498e-02 	 4.93162e-03 	 5.38182e-02 
1.310 	 5.74902e-02 	 4.80296e-03 	 5.26873e-02 
1.306 	 5.62652e-02 	 4.67760e-03 	 5.15876e-02 
1.302 	 5.50737e-02 	 4.55545e-03 	 5.05183e-02 
1.298 	 5.39146e-02 	 4.43639e-03 	 4.94783e-02 
1.294 	 5.27869e-02 	 4.32033e-03 	 4.84666e-02 
1.290 	 5.16896e-02 	 4.20717e-03 	 4.74824e-02 
1.286 	 5.06216e-02 	 4.09682e-03 	 4.65248e-02 
1.282 	 4.95822e-02 	 3.98918e-03 	 4.55930e-02 
1.278 	 4.85702e-02 	 3.88417e-03 	 4.46861e-02 
1.274 	 4.75850e-02 	 3.78170e-03 	 4.38033e-02 
1.270 	 4.66255e-02 	 3.68169e-03 	 4.29439e-02 
1.266 	 4.56911e-02 	 3.58406e-03 	 4.21071e-02 
1.262 	 4.47809e-02 	 3.48874e-03 	 4.12922e-02 
1.259 	 4.38942e-02 	 3.39566e-03 	 4.04985e-02 
1.255 	 4.30302e-02 	 3.30473e-03 	 3.97255e-02 
1.251 	 4.21882e-02 	 3.21591e-03 	 3.89723e-02 
1.247 	 4.13675e-02 	 3.12911e-03 	 3.82384e-02 
1.244 	 4.05675e-02 	 3.04428e-03 	 3.75233e-02 
1.240 	 3.97876e-02 	 2.96135e-03 	 3.68262e-02 
1.236 	 3.90270e-02 	 2.88027e-03 	 3.61468e-02 
1.233 	 3.82853e-02 	 2.80097e-03 	 3.54843e-02 
1.229 	 3.75618e-02 	 2.72341e-03 	 3.48384e-02 
1.225 	 3.68560e-02 	 2.64753e-03 	 3.42084e-02 
1.222 	 3.61673e-02 	 2.57328e-03 	 3.35940e-02 
1.218 	 3.54953e-02 	 2.50061e-03 	 3.29947e-02 
1.215 	 3.48394e-02 	 2.42946e-03 	 3.24099e-02 
1.211 	 3.41991e-02 	 2.35981e-03 	 3.18393e-02 
1.208 	 3.35740e-02 	 2.29159e-03 	 3.12824e-02 
1.204 	 3.29637e-02 	 2.22477e-03 	 3.07389e-02 
1.201 	 3.23676e-02 	 2.15931e-03 	 3.02083e-02 
1.197 	 3.17855e-02 	 2.09516e-03 	 2.96903e-02 
1.194 	 3.12168e-02 	 2.03229e-03 	 2.91845e-02 
1.191 	 3.06611e-02 	 1.97066e-03 	 2.86905e-02 
1.187 	 3.01182e-02 	 1.91023e-03 	 2.82080e-02 
1.184 	 2.95876e-02 	 1.85097e-03 	 2.77366e-02 
1.180 	 2.90690e-02 	 1.79284e-03 	 2.72761e-02 
1.177 	 2.85620e-02 	 1.73581e-03 	 2.68262e-02 
1.174 	 2.80663e-02 	 1.67986e-03 	 2.63864e-02 
1.171 	 2.75816e-02 	 1.62495e-03 	 2.59567e-02 
1.167 	 2.71076e-02 	 1.57104e-03 	 2.55365e-02 
1.164 	 2.66439e-02 	 1.51812e-03 	 2.51258e-02 
1.161 	 2.61904e-02 	 1.46615e-03 	 2.47242e-02 
1.158 	 2.57466e-02 	 1.41511e-03 	 2.43315e-02 
1.154 	 2.53124e-02 	 1.36497e-03 	 2.39474e-02 
1.151 	 2.48874e-02 	 1.31570e-03 	 2.35717e-02 
1.148 	 2.44715e-02 	 1.26729e-03 	 2.32042e-02 
1.145 	 2.40644e-02 	 1.21971e-03 	 2.28446e-02 
1.142 	 2.36657e-02 	 1.17294e-03 	 2.24928e-02 
1.139 	 2.32754e-02 	 1.12694e-03 	 2.21485e-02 
1.136 	 2.28932e-02 	 1.08172e-03 	 2.18115e-02 
1.133 	 2.25188e-02 	 1.03723e-03 	 2.14816e-02 
1.130 	 2.21521e-02 	 9.93468e-04 	 2.11587e-02 
1.126 	 2.17929e-02 	 9.50408e-04 	 2.08425e-02 
1.123 	 2.14409e-02 	 9.08033e-04 	 2.05329e-02 
1.120 	 2.10960e-02 	 8.66324e-04 	 2.02297e-02 
1.117 	 2.07580e-02 	 8.25265e-04 	 1.99327e-02 
1.114 	 2.04266e-02 	 7.84838e-04 	 1.96418e-02 
1.112 	 2.01019e-02 	 7.45027e-04 	 1.93568e-02 
1.109 	 1.97834e-02 	 7.05816e-04 	 1.90776e-02 
1.106 	 1.94712e-02 	 6.67189e-04 	 1.88040e-02 
1.103 	 1.91651e-02 	 6.29131e-04 	 1.85359e-02 
1.100 	 1.88648e-02 	 5.91629e-04 	 1.82732e-02 
1.097 	 1.85703e-02 	 5.54667e-04 	 1.80156e-02 
1.094 	 1.82814e-02 	 5.18232e-04 	 1.77631e-02 
1.091 	 1.79979e-02 	 4.82312e-04 	 1.75156e-02 
1.088 	 1.77198e-02 	 4.46892e-04 	 1.72729e-02 
1.086 	 1.74468e-02 	 4.11960e-04 	 1.70349e-02 
1.083 	 1.71790e-02 	 3.77505e-04 	 1.68015e-02 
1.080 	 1.69161e-02 	 3.43514e-04 	 1.65726e-02 
1.077 	 1.66580e-02 	 3.09977e-04 	 1.63480e-02 
1.074 	 1.64046e-02 	 2.76881e-04 	 1.61277e-02 
1.072 	 1.61558e-02 	 2.44216e-04 	 1.59116e-02 
1.069 	 1.59115e-02 	 2.11971e-04 	 1.56995e-02 
1.066 	 1.56716e-02 	 1.80137e-04 	 1.54914e-02 
1.064 	 1.54359e-02 	 1.48703e-04 	 1.52872e-02 
1.061 	 1.52045e-02 	 1.17660e-04 	 1.50868e-02 
1.058 	 1.49771e-02 	 8.69982e-05 	 1.48901e-02 
1.055 	 1.47536e-02 	 5.67086e-05 	 1.46969e-02 
1.053 	 1.45341e-02 	 2.67826e-05 	 1.45073e-02 
1.050 	 1.43184e-02 	 -2.78855e-06 	 1.43212e-02 
1.048 	 1.41064e-02 	 -3.20131e-05 	 1.41384e-02 
1.045 	 1.38980e-02 	 -6.08992e-05 	 1.39589e-02 
1.042 	 1.36931e-02 	 -8.94547e-05 	 1.37826e-02 
1.040 	 1.34917e-02 	 -1.17687e-04 	 1.36094e-02 
1.037 	 1.32937e-02 	 -1.45604e-04 	 1.34393e-02 
1.035 	 1.30990e-02 	 -1.73213e-04 	 1.32722e-02 
1.032 	 1.29075e-02 	 -2.00521e-04 	 1.31080e-02 
1.030 	 1.27192e-02 	 -2.27534e-04 	 1.29467e-02 
1.027 	 1.25340e-02 	 -2.54260e-04 	 1.27882e-02 
1.024 	 1.23518e-02 	 -2.80705e-04 	 1.26325e-02 
1.022 	 1.21725e-02 	 -3.06875e-04 	 1.24794e-02 
1.019 	 1.19962e-02 	 -3.32776e-04 	 1.23290e-02 
1.017 	 1.18227e-02 	 -3.58415e-04 	 1.21811e-02 
1.015 	 1.16519e-02 	 -3.83798e-04 	 1.20357e-02 
1.012 	 1.14838e-02 	 -4.08930e-04 	 1.18928e-02 
1.010 	 1.13184e-02 	 -4.33816e-04 	 1.17522e-02 
1.007 	 1.11556e-02 	 -4.58463e-04 	 1.16141e-02 
1.005 	 1.09953e-02 	 -4.82875e-04 	 1.14782e-02 
1.002 	 1.08375e-02 	 -5.07057e-04 	 1.13446e-02 
1.000 	 1.06822e-02 	 -5.31016e-04 	 1.12132e-02 
