Energy [eV] Ext Cross [um^2] Abs Cross [um^2] Sca Cross [um^2] 
3.000 	 8.29456e-05 	 8.28020e-05 	 1.43582e-07 
2.990 	 8.45123e-05 	 8.43227e-05 	 1.89630e-07 
2.980 	 8.61429e-05 	 8.58964e-05 	 2.46568e-07 
2.970 	 8.78274e-05 	 8.75129e-05 	 3.14462e-07 
2.960 	 8.95427e-05 	 8.91494e-05 	 3.93290e-07 
2.951 	 9.12368e-05 	 9.07539e-05 	 4.82889e-07 
2.941 	 9.28862e-05 	 9.23030e-05 	 5.83167e-07 
2.931 	 9.46660e-05 	 9.39710e-05 	 6.94978e-07 
2.922 	 9.66813e-05 	 9.58618e-05 	 8.19496e-07 
2.912 	 9.88575e-05 	 9.78995e-05 	 9.57971e-07 
2.903 	 1.01012e-04 	 9.99019e-05 	 1.10955e-06 
2.894 	 1.03062e-04 	 1.01791e-04 	 1.27061e-06 
2.884 	 1.05092e-04 	 1.03653e-04 	 1.43973e-06 
2.875 	 1.07419e-04 	 1.05800e-04 	 1.61942e-06 
2.866 	 1.09943e-04 	 1.08129e-04 	 1.81403e-06 
2.857 	 1.12317e-04 	 1.10291e-04 	 2.02611e-06 
2.848 	 1.14495e-04 	 1.12240e-04 	 2.25500e-06 
2.839 	 1.16652e-04 	 1.14156e-04 	 2.49610e-06 
2.830 	 1.19065e-04 	 1.16317e-04 	 2.74850e-06 
2.821 	 1.21849e-04 	 1.18835e-04 	 3.01411e-06 
2.812 	 1.24885e-04 	 1.21591e-04 	 3.29434e-06 
2.803 	 1.27896e-04 	 1.24306e-04 	 3.59019e-06 
2.794 	 1.30848e-04 	 1.26946e-04 	 3.90197e-06 
2.786 	 1.33827e-04 	 1.29597e-04 	 4.22982e-06 
2.777 	 1.36896e-04 	 1.32322e-04 	 4.57405e-06 
2.769 	 1.40092e-04 	 1.35157e-04 	 4.93513e-06 
2.760 	 1.43442e-04 	 1.38128e-04 	 5.31346e-06 
2.752 	 1.46956e-04 	 1.41246e-04 	 5.70943e-06 
2.743 	 1.50629e-04 	 1.44505e-04 	 6.12364e-06 
2.735 	 1.54443e-04 	 1.47886e-04 	 6.55690e-06 
2.726 	 1.58401e-04 	 1.51391e-04 	 7.00981e-06 
2.718 	 1.62517e-04 	 1.55034e-04 	 7.48292e-06 
2.710 	 1.66780e-04 	 1.58803e-04 	 7.97692e-06 
2.702 	 1.71138e-04 	 1.62646e-04 	 8.49263e-06 
2.694 	 1.75502e-04 	 1.66471e-04 	 9.03085e-06 
2.686 	 1.79805e-04 	 1.70213e-04 	 9.59225e-06 
2.678 	 1.84075e-04 	 1.73897e-04 	 1.01777e-05 
2.670 	 1.88411e-04 	 1.77623e-04 	 1.07881e-05 
2.662 	 1.92903e-04 	 1.81479e-04 	 1.14246e-05 
2.654 	 1.97604e-04 	 1.85516e-04 	 1.20883e-05 
2.646 	 2.02530e-04 	 1.89750e-04 	 1.27799e-05 
2.638 	 2.07682e-04 	 1.94181e-04 	 1.35008e-05 
2.630 	 2.13053e-04 	 1.98801e-04 	 1.42521e-05 
2.623 	 2.18645e-04 	 2.03610e-04 	 1.50352e-05 
2.615 	 2.24460e-04 	 2.08609e-04 	 1.58514e-05 
2.608 	 2.30506e-04 	 2.13803e-04 	 1.67022e-05 
2.600 	 2.36787e-04 	 2.19198e-04 	 1.75891e-05 
2.592 	 2.43313e-04 	 2.24799e-04 	 1.85139e-05 
2.585 	 2.50092e-04 	 2.30614e-04 	 1.94781e-05 
2.578 	 2.57135e-04 	 2.36652e-04 	 2.04835e-05 
2.570 	 2.64453e-04 	 2.42921e-04 	 2.15319e-05 
2.563 	 2.72058e-04 	 2.49432e-04 	 2.26254e-05 
2.556 	 2.79961e-04 	 2.56195e-04 	 2.37659e-05 
2.548 	 2.88174e-04 	 2.63219e-04 	 2.49555e-05 
2.541 	 2.96710e-04 	 2.70513e-04 	 2.61969e-05 
2.534 	 3.05583e-04 	 2.78090e-04 	 2.74928e-05 
2.527 	 3.14810e-04 	 2.85964e-04 	 2.88465e-05 
2.520 	 3.24416e-04 	 2.94155e-04 	 3.02612e-05 
2.513 	 3.34423e-04 	 3.02683e-04 	 3.17401e-05 
2.506 	 3.44855e-04 	 3.11569e-04 	 3.32866e-05 
2.499 	 3.55739e-04 	 3.20835e-04 	 3.49041e-05 
2.492 	 3.67100e-04 	 3.30503e-04 	 3.65965e-05 
2.485 	 3.78968e-04 	 3.40600e-04 	 3.83680e-05 
2.478 	 3.91374e-04 	 3.51151e-04 	 4.02230e-05 
2.471 	 4.04354e-04 	 3.62188e-04 	 4.21664e-05 
2.464 	 4.17946e-04 	 3.73743e-04 	 4.42034e-05 
2.458 	 4.32193e-04 	 3.85853e-04 	 4.63399e-05 
2.451 	 4.47135e-04 	 3.98553e-04 	 4.85822e-05 
2.444 	 4.62813e-04 	 4.11876e-04 	 5.09372e-05 
2.438 	 4.79255e-04 	 4.25843e-04 	 5.34124e-05 
2.431 	 4.96467e-04 	 4.40451e-04 	 5.60161e-05 
2.424 	 5.14432e-04 	 4.55675e-04 	 5.87568e-05 
2.418 	 5.33124e-04 	 4.71481e-04 	 6.16429e-05 
2.411 	 5.52555e-04 	 4.87873e-04 	 6.46822e-05 
2.405 	 5.72806e-04 	 5.04923e-04 	 6.78832e-05 
2.398 	 5.94014e-04 	 5.22758e-04 	 7.12555e-05 
2.392 	 6.16325e-04 	 5.41514e-04 	 7.48107e-05 
2.386 	 6.39870e-04 	 5.61307e-04 	 7.85626e-05 
2.379 	 6.64756e-04 	 5.82230e-04 	 8.25257e-05 
2.373 	 6.91081e-04 	 6.04365e-04 	 8.67162e-05 
2.367 	 7.18942e-04 	 6.27790e-04 	 9.11514e-05 
2.361 	 7.48442e-04 	 6.52592e-04 	 9.58500e-05 
2.354 	 7.79697e-04 	 6.78864e-04 	 1.00833e-04 
2.348 	 8.12831e-04 	 7.06709e-04 	 1.06121e-04 
2.342 	 8.47985e-04 	 7.36244e-04 	 1.11741e-04 
2.336 	 8.85315e-04 	 7.67598e-04 	 1.17718e-04 
2.330 	 9.24993e-04 	 8.00912e-04 	 1.24081e-04 
2.324 	 9.67210e-04 	 8.36346e-04 	 1.30864e-04 
2.318 	 1.01218e-03 	 8.74075e-04 	 1.38102e-04 
2.312 	 1.06013e-03 	 9.14294e-04 	 1.45834e-04 
2.306 	 1.11133e-03 	 9.57220e-04 	 1.54105e-04 
2.300 	 1.16606e-03 	 1.00309e-03 	 1.62964e-04 
2.294 	 1.22465e-03 	 1.05218e-03 	 1.72466e-04 
2.288 	 1.28746e-03 	 1.10478e-03 	 1.82671e-04 
2.282 	 1.35488e-03 	 1.16123e-03 	 1.93648e-04 
2.277 	 1.42738e-03 	 1.22191e-03 	 2.05473e-04 
2.271 	 1.50545e-03 	 1.28722e-03 	 2.18232e-04 
2.265 	 1.58966e-03 	 1.35764e-03 	 2.32021e-04 
2.259 	 1.68065e-03 	 1.43370e-03 	 2.46947e-04 
2.254 	 1.77914e-03 	 1.51600e-03 	 2.63135e-04 
2.248 	 1.88593e-03 	 1.60521e-03 	 2.80721e-04 
2.243 	 2.00197e-03 	 1.70211e-03 	 2.99865e-04 
2.237 	 2.12831e-03 	 1.80756e-03 	 3.20747e-04 
2.231 	 2.26615e-03 	 1.92258e-03 	 3.43573e-04 
2.226 	 2.41687e-03 	 2.04829e-03 	 3.68579e-04 
2.220 	 2.58207e-03 	 2.18603e-03 	 3.96038e-04 
2.215 	 2.76356e-03 	 2.33730e-03 	 4.26263e-04 
2.209 	 2.96347e-03 	 2.50385e-03 	 4.59617e-04 
2.204 	 3.18422e-03 	 2.68770e-03 	 4.96519e-04 
2.199 	 3.42866e-03 	 2.89120e-03 	 5.37457e-04 
2.193 	 3.70007e-03 	 3.11707e-03 	 5.83000e-04 
2.188 	 4.00232e-03 	 3.36850e-03 	 6.33813e-04 
2.182 	 4.33989e-03 	 3.64922e-03 	 6.90676e-04 
2.177 	 4.71808e-03 	 3.96358e-03 	 7.54501e-04 
2.172 	 5.14307e-03 	 4.31670e-03 	 8.26366e-04 
2.167 	 5.62214e-03 	 4.71460e-03 	 9.07534e-04 
2.161 	 6.16381e-03 	 5.16432e-03 	 9.99493e-04 
2.156 	 6.77808e-03 	 5.67409e-03 	 1.10399e-03 
2.151 	 7.47661e-03 	 6.25355e-03 	 1.22306e-03 
2.146 	 8.27289e-03 	 6.91380e-03 	 1.35909e-03 
2.141 	 9.18232e-03 	 7.66753e-03 	 1.51479e-03 
2.136 	 1.02222e-02 	 8.52895e-03 	 1.69321e-03 
2.131 	 1.14111e-02 	 9.51342e-03 	 1.89771e-03 
2.126 	 1.27684e-02 	 1.06367e-02 	 2.13174e-03 
2.121 	 1.43119e-02 	 1.19133e-02 	 2.39857e-03 
2.116 	 1.60545e-02 	 1.33538e-02 	 2.70070e-03 
2.111 	 1.79993e-02 	 1.49603e-02 	 3.03896e-03 
2.106 	 2.01312e-02 	 1.67201e-02 	 3.41110e-03 
2.101 	 2.24064e-02 	 1.85964e-02 	 3.80996e-03 
2.096 	 2.47414e-02 	 2.05199e-02 	 4.22146e-03 
2.091 	 2.70042e-02 	 2.23812e-02 	 4.62305e-03 
2.086 	 2.90170e-02 	 2.40330e-02 	 4.98399e-03 
2.081 	 3.05762e-02 	 2.53075e-02 	 5.26871e-03 
2.076 	 3.14936e-02 	 2.60497e-02 	 5.44389e-03 
2.072 	 3.16475e-02 	 2.61601e-02 	 5.48738e-03 
2.067 	 3.10218e-02 	 2.56267e-02 	 5.39512e-03 
2.062 	 2.97104e-02 	 2.45281e-02 	 5.18231e-03 
2.057 	 2.78859e-02 	 2.30078e-02 	 4.87811e-03 
2.053 	 2.57493e-02 	 2.12322e-02 	 4.51708e-03 
2.048 	 2.34858e-02 	 1.93544e-02 	 4.13139e-03 
2.043 	 2.12389e-02 	 1.74927e-02 	 3.74624e-03 
2.039 	 1.91045e-02 	 1.57259e-02 	 3.37867e-03 
2.034 	 1.71368e-02 	 1.40983e-02 	 3.03850e-03 
2.029 	 1.53588e-02 	 1.26286e-02 	 2.73013e-03 
2.025 	 1.37734e-02 	 1.13190e-02 	 2.45436e-03 
2.020 	 1.23712e-02 	 1.01614e-02 	 2.20984e-03 
2.016 	 1.11371e-02 	 9.14298e-03 	 1.99408e-03 
2.011 	 1.00531e-02 	 8.24893e-03 	 1.80415e-03 
2.007 	 9.10145e-03 	 7.46439e-03 	 1.63706e-03 
2.002 	 8.26532e-03 	 6.77537e-03 	 1.48994e-03 
1.998 	 7.52945e-03 	 6.16923e-03 	 1.36022e-03 
1.993 	 6.88038e-03 	 5.63480e-03 	 1.24558e-03 
1.989 	 6.30638e-03 	 5.16236e-03 	 1.14402e-03 
1.985 	 5.79731e-03 	 4.74353e-03 	 1.05379e-03 
1.980 	 5.34450e-03 	 4.37111e-03 	 9.73386e-04 
1.976 	 4.94049e-03 	 4.03896e-03 	 9.01531e-04 
1.971 	 4.57894e-03 	 3.74182e-03 	 8.37120e-04 
1.967 	 4.25441e-03 	 3.47520e-03 	 7.79209e-04 
1.963 	 3.96224e-03 	 3.23525e-03 	 7.26992e-04 
1.959 	 3.69845e-03 	 3.01868e-03 	 6.79772e-04 
1.954 	 3.45962e-03 	 2.82266e-03 	 6.36953e-04 
1.950 	 3.24279e-03 	 2.64477e-03 	 5.98021e-04 
1.946 	 3.04542e-03 	 2.48289e-03 	 5.62530e-04 
1.942 	 2.86533e-03 	 2.33523e-03 	 5.30098e-04 
1.937 	 2.70059e-03 	 2.20020e-03 	 5.00388e-04 
1.933 	 2.54955e-03 	 2.07644e-03 	 4.73110e-04 
1.929 	 2.41077e-03 	 1.96276e-03 	 4.48009e-04 
1.925 	 2.28297e-03 	 1.85811e-03 	 4.24863e-04 
1.921 	 2.16506e-03 	 1.76158e-03 	 4.03478e-04 
1.917 	 2.05604e-03 	 1.67237e-03 	 3.83679e-04 
1.913 	 1.95507e-03 	 1.58976e-03 	 3.65317e-04 
1.909 	 1.86139e-03 	 1.51313e-03 	 3.48256e-04 
1.904 	 1.77431e-03 	 1.44193e-03 	 3.32376e-04 
1.900 	 1.69323e-03 	 1.37566e-03 	 3.17572e-04 
1.896 	 1.61763e-03 	 1.31388e-03 	 3.03750e-04 
1.892 	 1.54702e-03 	 1.25620e-03 	 2.90823e-04 
1.888 	 1.48098e-03 	 1.20226e-03 	 2.78718e-04 
1.884 	 1.41912e-03 	 1.15176e-03 	 2.67364e-04 
1.881 	 1.36111e-03 	 1.10441e-03 	 2.56703e-04 
1.877 	 1.30662e-03 	 1.05995e-03 	 2.46677e-04 
1.873 	 1.25539e-03 	 1.01815e-03 	 2.37238e-04 
1.869 	 1.20715e-03 	 9.78812e-04 	 2.28340e-04 
1.865 	 1.16168e-03 	 9.41741e-04 	 2.19943e-04 
1.861 	 1.11878e-03 	 9.06768e-04 	 2.12009e-04 
1.857 	 1.07824e-03 	 8.73738e-04 	 2.04505e-04 
1.853 	 1.03991e-03 	 8.42509e-04 	 1.97401e-04 
1.849 	 1.00362e-03 	 8.12954e-04 	 1.90667e-04 
1.846 	 9.69234e-04 	 7.84955e-04 	 1.84279e-04 
1.842 	 9.36618e-04 	 7.58405e-04 	 1.78213e-04 
1.838 	 9.05653e-04 	 7.33206e-04 	 1.72447e-04 
1.834 	 8.76229e-04 	 7.09267e-04 	 1.66962e-04 
1.831 	 8.48246e-04 	 6.86506e-04 	 1.61740e-04 
1.827 	 8.21610e-04 	 6.64846e-04 	 1.56764e-04 
1.823 	 7.96237e-04 	 6.44218e-04 	 1.52019e-04 
1.819 	 7.72047e-04 	 6.24557e-04 	 1.47490e-04 
1.816 	 7.48967e-04 	 6.05803e-04 	 1.43164e-04 
1.812 	 7.26932e-04 	 5.87902e-04 	 1.39030e-04 
1.808 	 7.05878e-04 	 5.70802e-04 	 1.35076e-04 
1.805 	 6.85748e-04 	 5.54457e-04 	 1.31291e-04 
1.801 	 6.66488e-04 	 5.38821e-04 	 1.27666e-04 
1.798 	 6.48048e-04 	 5.23856e-04 	 1.24192e-04 
1.794 	 6.30383e-04 	 5.09523e-04 	 1.20861e-04 
1.790 	 6.13450e-04 	 4.95786e-04 	 1.17664e-04 
1.787 	 5.97207e-04 	 4.82613e-04 	 1.14595e-04 
1.783 	 5.81619e-04 	 4.69973e-04 	 1.11646e-04 
1.780 	 5.66649e-04 	 4.57838e-04 	 1.08812e-04 
1.776 	 5.52266e-04 	 4.46180e-04 	 1.06086e-04 
1.773 	 5.38439e-04 	 4.34976e-04 	 1.03463e-04 
1.769 	 5.25139e-04 	 4.24201e-04 	 1.00937e-04 
1.766 	 5.12339e-04 	 4.13834e-04 	 9.85047e-05 
1.762 	 5.00015e-04 	 4.03855e-04 	 9.61603e-05 
1.759 	 4.88143e-04 	 3.94243e-04 	 9.38999e-05 
1.755 	 4.76700e-04 	 3.84981e-04 	 9.17193e-05 
1.752 	 4.65668e-04 	 3.76053e-04 	 8.96149e-05 
1.749 	 4.55024e-04 	 3.67441e-04 	 8.75831e-05 
1.745 	 4.44753e-04 	 3.59132e-04 	 8.56205e-05 
1.742 	 4.34835e-04 	 3.51111e-04 	 8.37239e-05 
1.738 	 4.25255e-04 	 3.43365e-04 	 8.18905e-05 
1.735 	 4.15998e-04 	 3.35881e-04 	 8.01173e-05 
1.732 	 4.07050e-04 	 3.28648e-04 	 7.84017e-05 
1.728 	 3.98395e-04 	 3.21654e-04 	 7.67412e-05 
1.725 	 3.90022e-04 	 3.14889e-04 	 7.51334e-05 
1.722 	 3.81919e-04 	 3.08342e-04 	 7.35761e-05 
1.718 	 3.74073e-04 	 3.02006e-04 	 7.20672e-05 
1.715 	 3.66474e-04 	 2.95869e-04 	 7.06046e-05 
1.712 	 3.59111e-04 	 2.89925e-04 	 6.91864e-05 
1.709 	 3.51975e-04 	 2.84164e-04 	 6.78109e-05 
1.705 	 3.45057e-04 	 2.78580e-04 	 6.64762e-05 
1.702 	 3.38347e-04 	 2.73166e-04 	 6.51808e-05 
1.699 	 3.31837e-04 	 2.67913e-04 	 6.39232e-05 
1.696 	 3.25519e-04 	 2.62817e-04 	 6.27017e-05 
1.692 	 3.19385e-04 	 2.57870e-04 	 6.15151e-05 
1.689 	 3.13429e-04 	 2.53067e-04 	 6.03620e-05 
1.686 	 3.07643e-04 	 2.48402e-04 	 5.92411e-05 
1.683 	 3.02021e-04 	 2.43870e-04 	 5.81512e-05 
1.680 	 2.96557e-04 	 2.39466e-04 	 5.70912e-05 
1.677 	 2.91245e-04 	 2.35185e-04 	 5.60600e-05 
1.674 	 2.86079e-04 	 2.31022e-04 	 5.50564e-05 
1.670 	 2.81053e-04 	 2.26974e-04 	 5.40796e-05 
1.667 	 2.76163e-04 	 2.23035e-04 	 5.31285e-05 
1.664 	 2.71404e-04 	 2.19202e-04 	 5.22023e-05 
1.661 	 2.66771e-04 	 2.15471e-04 	 5.13000e-05 
1.658 	 2.62259e-04 	 2.11838e-04 	 5.04209e-05 
1.655 	 2.57864e-04 	 2.08300e-04 	 4.95641e-05 
1.652 	 2.53583e-04 	 2.04854e-04 	 4.87288e-05 
1.649 	 2.49411e-04 	 2.01496e-04 	 4.79144e-05 
1.646 	 2.45344e-04 	 1.98224e-04 	 4.71202e-05 
1.643 	 2.41379e-04 	 1.95033e-04 	 4.63454e-05 
1.640 	 2.37513e-04 	 1.91923e-04 	 4.55895e-05 
1.637 	 2.33741e-04 	 1.88890e-04 	 4.48518e-05 
1.634 	 2.30062e-04 	 1.85931e-04 	 4.41317e-05 
1.631 	 2.26472e-04 	 1.83043e-04 	 4.34287e-05 
1.628 	 2.22968e-04 	 1.80226e-04 	 4.27421e-05 
1.625 	 2.19547e-04 	 1.77476e-04 	 4.20716e-05 
1.622 	 2.16208e-04 	 1.74791e-04 	 4.14166e-05 
1.619 	 2.12946e-04 	 1.72169e-04 	 4.07766e-05 
1.616 	 2.09760e-04 	 1.69608e-04 	 4.01512e-05 
1.613 	 2.06647e-04 	 1.67107e-04 	 3.95399e-05 
1.610 	 2.03605e-04 	 1.64663e-04 	 3.89422e-05 
1.608 	 2.00632e-04 	 1.62274e-04 	 3.83578e-05 
1.605 	 1.97726e-04 	 1.59940e-04 	 3.77863e-05 
1.602 	 1.94884e-04 	 1.57657e-04 	 3.72273e-05 
1.599 	 1.92106e-04 	 1.55425e-04 	 3.66804e-05 
1.596 	 1.89388e-04 	 1.53243e-04 	 3.61453e-05 
1.593 	 1.86729e-04 	 1.51108e-04 	 3.56216e-05 
1.590 	 1.84128e-04 	 1.49019e-04 	 3.51090e-05 
1.588 	 1.81582e-04 	 1.46975e-04 	 3.46071e-05 
1.585 	 1.79091e-04 	 1.44975e-04 	 3.41158e-05 
1.582 	 1.76652e-04 	 1.43017e-04 	 3.36347e-05 
1.579 	 1.74264e-04 	 1.41100e-04 	 3.31634e-05 
1.576 	 1.71925e-04 	 1.39223e-04 	 3.27018e-05 
1.574 	 1.69635e-04 	 1.37385e-04 	 3.22496e-05 
1.571 	 1.67392e-04 	 1.35585e-04 	 3.18065e-05 
1.568 	 1.65194e-04 	 1.33822e-04 	 3.13722e-05 
1.565 	 1.63041e-04 	 1.32094e-04 	 3.09466e-05 
1.563 	 1.60930e-04 	 1.30401e-04 	 3.05293e-05 
1.560 	 1.58862e-04 	 1.28742e-04 	 3.01203e-05 
1.557 	 1.56835e-04 	 1.27115e-04 	 2.97192e-05 
1.555 	 1.54847e-04 	 1.25521e-04 	 2.93258e-05 
1.552 	 1.52898e-04 	 1.23958e-04 	 2.89400e-05 
1.549 	 1.50986e-04 	 1.22425e-04 	 2.85616e-05 
1.547 	 1.49112e-04 	 1.20921e-04 	 2.81903e-05 
1.544 	 1.47273e-04 	 1.19447e-04 	 2.78260e-05 
1.541 	 1.45469e-04 	 1.18000e-04 	 2.74686e-05 
1.539 	 1.43698e-04 	 1.16581e-04 	 2.71178e-05 
1.536 	 1.41961e-04 	 1.15188e-04 	 2.67734e-05 
1.533 	 1.40256e-04 	 1.13821e-04 	 2.64354e-05 
1.531 	 1.38583e-04 	 1.12479e-04 	 2.61035e-05 
1.528 	 1.36940e-04 	 1.11162e-04 	 2.57777e-05 
1.526 	 1.35327e-04 	 1.09869e-04 	 2.54577e-05 
1.523 	 1.33743e-04 	 1.08600e-04 	 2.51435e-05 
1.520 	 1.32188e-04 	 1.07353e-04 	 2.48348e-05 
1.518 	 1.30660e-04 	 1.06128e-04 	 2.45316e-05 
1.515 	 1.29159e-04 	 1.04926e-04 	 2.42337e-05 
1.513 	 1.27685e-04 	 1.03744e-04 	 2.39410e-05 
1.510 	 1.26237e-04 	 1.02583e-04 	 2.36534e-05 
1.508 	 1.24814e-04 	 1.01443e-04 	 2.33707e-05 
1.505 	 1.23415e-04 	 1.00322e-04 	 2.30930e-05 
1.503 	 1.22040e-04 	 9.92204e-05 	 2.28199e-05 
1.500 	 1.20689e-04 	 9.81376e-05 	 2.25515e-05 
