Energy [eV] Ext Cross [um^2] Abs Cross [um^2] Sca Cross [um^2] 
3.500 	 3.24280e-02 	 3.99027e-03 	 2.84377e-02 
3.471 	 2.97476e-02 	 4.13522e-03 	 2.56124e-02 
3.442 	 2.71647e-02 	 4.27072e-03 	 2.28940e-02 
3.414 	 2.46891e-02 	 4.39896e-03 	 2.02901e-02 
3.387 	 2.23312e-02 	 4.52159e-03 	 1.78096e-02 
3.360 	 2.01020e-02 	 4.63983e-03 	 1.54622e-02 
3.333 	 1.80130e-02 	 4.75462e-03 	 1.32584e-02 
3.306 	 1.60750e-02 	 4.86657e-03 	 1.12085e-02 
3.281 	 1.42966e-02 	 4.97609e-03 	 9.32054e-03 
3.255 	 1.26853e-02 	 5.08343e-03 	 7.60187e-03 
3.230 	 1.12474e-02 	 5.18882e-03 	 6.05859e-03 
3.205 	 9.98764e-03 	 5.29248e-03 	 4.69516e-03 
3.181 	 8.90857e-03 	 5.39460e-03 	 3.51397e-03 
3.157 	 8.01171e-03 	 5.49543e-03 	 2.51627e-03 
3.133 	 7.29718e-03 	 5.59528e-03 	 1.70191e-03 
3.110 	 6.76346e-03 	 5.69444e-03 	 1.06902e-03 
3.087 	 6.40774e-03 	 5.79317e-03 	 6.14577e-04 
3.064 	 6.22638e-03 	 5.89181e-03 	 3.34563e-04 
3.042 	 6.21537e-03 	 5.99131e-03 	 2.24060e-04 
3.020 	 6.36841e-03 	 6.09114e-03 	 2.77267e-04 
2.999 	 6.67873e-03 	 6.19103e-03 	 4.87700e-04 
2.977 	 7.14760e-03 	 6.29788e-03 	 8.49722e-04 
2.956 	 7.76125e-03 	 6.40595e-03 	 1.35530e-03 
2.935 	 8.49238e-03 	 6.49970e-03 	 1.99268e-03 
2.915 	 9.39764e-03 	 6.62934e-03 	 2.76829e-03 
2.895 	 1.04357e-02 	 6.75843e-03 	 3.67731e-03 
2.875 	 1.15549e-02 	 6.89091e-03 	 4.66399e-03 
2.855 	 1.28262e-02 	 7.04767e-03 	 5.77856e-03 
2.836 	 1.41875e-02 	 7.16574e-03 	 7.02180e-03 
2.817 	 1.56934e-02 	 7.35409e-03 	 8.33934e-03 
2.798 	 1.73330e-02 	 7.58307e-03 	 9.74992e-03 
2.780 	 1.90818e-02 	 7.82636e-03 	 1.12555e-02 
2.761 	 2.09781e-02 	 8.13020e-03 	 1.28479e-02 
2.743 	 2.30543e-02 	 8.53070e-03 	 1.45236e-02 
2.725 	 2.53521e-02 	 9.06592e-03 	 1.62862e-02 
2.708 	 2.79441e-02 	 9.80270e-03 	 1.81414e-02 
2.690 	 3.09454e-02 	 1.08451e-02 	 2.01003e-02 
2.673 	 3.45647e-02 	 1.23886e-02 	 2.21761e-02 
2.656 	 3.90053e-02 	 1.46272e-02 	 2.43781e-02 
2.639 	 4.39408e-02 	 1.72608e-02 	 2.66800e-02 
2.623 	 4.74906e-02 	 1.85951e-02 	 2.88955e-02 
2.606 	 4.81182e-02 	 1.72724e-02 	 3.08458e-02 
2.590 	 4.78568e-02 	 1.50513e-02 	 3.28055e-02 
2.574 	 4.84009e-02 	 1.34469e-02 	 3.49540e-02 
2.559 	 4.99031e-02 	 1.26443e-02 	 3.72588e-02 
2.543 	 5.21865e-02 	 1.24788e-02 	 3.97077e-02 
2.528 	 5.51517e-02 	 1.28384e-02 	 4.23133e-02 
2.513 	 5.88316e-02 	 1.37323e-02 	 4.50993e-02 
2.498 	 6.33821e-02 	 1.52892e-02 	 4.80929e-02 
2.483 	 6.90068e-02 	 1.77179e-02 	 5.12888e-02 
2.468 	 7.55758e-02 	 2.10542e-02 	 5.45216e-02 
2.454 	 8.15762e-02 	 2.43368e-02 	 5.72394e-02 
2.439 	 8.39271e-02 	 2.51579e-02 	 5.87692e-02 
2.425 	 8.21732e-02 	 2.26578e-02 	 5.95154e-02 
2.411 	 7.96511e-02 	 1.90907e-02 	 6.05604e-02 
2.397 	 7.84610e-02 	 1.62094e-02 	 6.22516e-02 
2.384 	 7.86908e-02 	 1.42668e-02 	 6.44239e-02 
2.370 	 7.99053e-02 	 1.30214e-02 	 6.68839e-02 
2.357 	 8.17435e-02 	 1.22295e-02 	 6.95140e-02 
2.344 	 8.39791e-02 	 1.17271e-02 	 7.22520e-02 
2.331 	 8.64785e-02 	 1.14127e-02 	 7.50658e-02 
2.318 	 8.91626e-02 	 1.12240e-02 	 7.79386e-02 
2.305 	 9.19837e-02 	 1.11222e-02 	 8.08615e-02 
2.292 	 9.49122e-02 	 1.10822e-02 	 8.38300e-02 
2.280 	 9.79294e-02 	 1.10875e-02 	 8.68419e-02 
2.268 	 1.01023e-01 	 1.11271e-02 	 8.98957e-02 
2.255 	 1.04184e-01 	 1.11933e-02 	 9.29906e-02 
2.243 	 1.07407e-01 	 1.12806e-02 	 9.61260e-02 
2.231 	 1.10687e-01 	 1.13851e-02 	 9.93014e-02 
2.220 	 1.14021e-01 	 1.15039e-02 	 1.02517e-01 
2.208 	 1.17407e-01 	 1.16347e-02 	 1.05773e-01 
2.196 	 1.20844e-01 	 1.17759e-02 	 1.09068e-01 
2.185 	 1.24328e-01 	 1.19260e-02 	 1.12402e-01 
2.173 	 1.27859e-01 	 1.20842e-02 	 1.15775e-01 
2.162 	 1.31435e-01 	 1.22495e-02 	 1.19186e-01 
2.151 	 1.35055e-01 	 1.24212e-02 	 1.22633e-01 
2.140 	 1.38715e-01 	 1.25986e-02 	 1.26117e-01 
2.129 	 1.42415e-01 	 1.27814e-02 	 1.29634e-01 
2.118 	 1.46153e-01 	 1.29689e-02 	 1.33184e-01 
2.108 	 1.49926e-01 	 1.31608e-02 	 1.36765e-01 
2.097 	 1.53731e-01 	 1.33566e-02 	 1.40374e-01 
2.087 	 1.57566e-01 	 1.35560e-02 	 1.44010e-01 
2.076 	 1.61428e-01 	 1.37586e-02 	 1.47669e-01 
2.066 	 1.65313e-01 	 1.39639e-02 	 1.51349e-01 
2.056 	 1.69217e-01 	 1.41717e-02 	 1.55045e-01 
2.046 	 1.73137e-01 	 1.43815e-02 	 1.58755e-01 
2.036 	 1.77068e-01 	 1.45929e-02 	 1.62475e-01 
2.026 	 1.81005e-01 	 1.48056e-02 	 1.66199e-01 
2.016 	 1.84943e-01 	 1.50190e-02 	 1.69924e-01 
2.007 	 1.88877e-01 	 1.52328e-02 	 1.73644e-01 
1.997 	 1.92801e-01 	 1.54464e-02 	 1.77354e-01 
1.988 	 1.96707e-01 	 1.56595e-02 	 1.81048e-01 
1.978 	 2.00590e-01 	 1.58714e-02 	 1.84719e-01 
1.969 	 2.04443e-01 	 1.60817e-02 	 1.88361e-01 
1.960 	 2.08257e-01 	 1.62898e-02 	 1.91967e-01 
1.951 	 2.12024e-01 	 1.64952e-02 	 1.95529e-01 
1.942 	 2.15738e-01 	 1.66973e-02 	 1.99041e-01 
1.933 	 2.19390e-01 	 1.68955e-02 	 2.02494e-01 
1.924 	 2.22970e-01 	 1.70890e-02 	 2.05881e-01 
1.915 	 2.26470e-01 	 1.72774e-02 	 2.09192e-01 
1.906 	 2.29881e-01 	 1.74600e-02 	 2.12421e-01 
1.898 	 2.33193e-01 	 1.76363e-02 	 2.15557e-01 
1.889 	 2.36397e-01 	 1.78054e-02 	 2.18592e-01 
1.881 	 2.39484e-01 	 1.79669e-02 	 2.21518e-01 
1.872 	 2.42445e-01 	 1.81201e-02 	 2.24325e-01 
1.864 	 2.45270e-01 	 1.82643e-02 	 2.27006e-01 
1.855 	 2.47950e-01 	 1.83989e-02 	 2.29551e-01 
1.847 	 2.50477e-01 	 1.85234e-02 	 2.31954e-01 
1.839 	 2.52842e-01 	 1.86372e-02 	 2.34205e-01 
1.831 	 2.55038e-01 	 1.87398e-02 	 2.36298e-01 
1.823 	 2.57056e-01 	 1.88305e-02 	 2.38225e-01 
1.815 	 2.58889e-01 	 1.89091e-02 	 2.39980e-01 
1.807 	 2.60532e-01 	 1.89751e-02 	 2.41557e-01 
1.800 	 2.61979e-01 	 1.90281e-02 	 2.42951e-01 
1.792 	 2.63224e-01 	 1.90678e-02 	 2.44156e-01 
1.784 	 2.64263e-01 	 1.90940e-02 	 2.45170e-01 
1.777 	 2.65094e-01 	 1.91064e-02 	 2.45988e-01 
1.769 	 2.65714e-01 	 1.91049e-02 	 2.46609e-01 
1.762 	 2.66120e-01 	 1.90894e-02 	 2.47031e-01 
1.754 	 2.66313e-01 	 1.90599e-02 	 2.47253e-01 
1.747 	 2.66293e-01 	 1.90165e-02 	 2.47276e-01 
1.740 	 2.66061e-01 	 1.89591e-02 	 2.47101e-01 
1.733 	 2.65618e-01 	 1.88881e-02 	 2.46730e-01 
1.725 	 2.64969e-01 	 1.88035e-02 	 2.46165e-01 
1.718 	 2.64116e-01 	 1.87057e-02 	 2.45411e-01 
1.711 	 2.63065e-01 	 1.85951e-02 	 2.44470e-01 
1.704 	 2.61821e-01 	 1.84720e-02 	 2.43349e-01 
1.697 	 2.60390e-01 	 1.83368e-02 	 2.42054e-01 
1.691 	 2.58779e-01 	 1.81900e-02 	 2.40589e-01 
1.684 	 2.56995e-01 	 1.80321e-02 	 2.38963e-01 
1.677 	 2.55046e-01 	 1.78637e-02 	 2.37182e-01 
1.670 	 2.52940e-01 	 1.76853e-02 	 2.35255e-01 
1.664 	 2.50686e-01 	 1.74975e-02 	 2.33188e-01 
1.657 	 2.48293e-01 	 1.73010e-02 	 2.30992e-01 
1.651 	 2.45769e-01 	 1.70963e-02 	 2.28673e-01 
1.644 	 2.43126e-01 	 1.68841e-02 	 2.26242e-01 
1.638 	 2.40370e-01 	 1.66650e-02 	 2.23705e-01 
1.631 	 2.37513e-01 	 1.64396e-02 	 2.21074e-01 
1.625 	 2.34564e-01 	 1.62086e-02 	 2.18355e-01 
1.619 	 2.31531e-01 	 1.59726e-02 	 2.15558e-01 
1.612 	 2.28424e-01 	 1.57322e-02 	 2.12691e-01 
1.606 	 2.25251e-01 	 1.54880e-02 	 2.09763e-01 
1.600 	 2.22022e-01 	 1.52406e-02 	 2.06782e-01 
1.594 	 2.18745e-01 	 1.49905e-02 	 2.03754e-01 
1.588 	 2.15427e-01 	 1.47382e-02 	 2.00689e-01 
1.582 	 2.12077e-01 	 1.44844e-02 	 1.97593e-01 
1.576 	 2.08702e-01 	 1.42293e-02 	 1.94472e-01 
1.570 	 2.05308e-01 	 1.39736e-02 	 1.91334e-01 
1.564 	 2.01903e-01 	 1.37177e-02 	 1.88185e-01 
1.558 	 1.98493e-01 	 1.34618e-02 	 1.85031e-01 
1.553 	 1.95083e-01 	 1.32066e-02 	 1.81877e-01 
1.547 	 1.91680e-01 	 1.29522e-02 	 1.78728e-01 
1.541 	 1.88288e-01 	 1.26991e-02 	 1.75589e-01 
1.536 	 1.84912e-01 	 1.24475e-02 	 1.72464e-01 
1.530 	 1.81556e-01 	 1.21977e-02 	 1.69358e-01 
1.524 	 1.78224e-01 	 1.19499e-02 	 1.66274e-01 
1.519 	 1.74920e-01 	 1.17045e-02 	 1.63216e-01 
1.513 	 1.71648e-01 	 1.14616e-02 	 1.60186e-01 
1.508 	 1.68409e-01 	 1.12213e-02 	 1.57188e-01 
1.503 	 1.65208e-01 	 1.09839e-02 	 1.54224e-01 
1.497 	 1.62045e-01 	 1.07495e-02 	 1.51296e-01 
1.492 	 1.58924e-01 	 1.05183e-02 	 1.48406e-01 
1.487 	 1.55847e-01 	 1.02903e-02 	 1.45556e-01 
1.481 	 1.52814e-01 	 1.00656e-02 	 1.42748e-01 
1.476 	 1.49827e-01 	 9.84433e-03 	 1.39982e-01 
1.471 	 1.46887e-01 	 9.62655e-03 	 1.37261e-01 
1.466 	 1.43996e-01 	 9.41230e-03 	 1.34584e-01 
1.461 	 1.41154e-01 	 9.20163e-03 	 1.31952e-01 
1.455 	 1.38361e-01 	 8.99456e-03 	 1.29367e-01 
1.450 	 1.35619e-01 	 8.79112e-03 	 1.26828e-01 
1.445 	 1.32927e-01 	 8.59131e-03 	 1.24335e-01 
1.440 	 1.30285e-01 	 8.39514e-03 	 1.21890e-01 
1.436 	 1.27694e-01 	 8.20260e-03 	 1.19491e-01 
1.431 	 1.25153e-01 	 8.01366e-03 	 1.17140e-01 
1.426 	 1.22663e-01 	 7.82833e-03 	 1.14835e-01 
1.421 	 1.20223e-01 	 7.64656e-03 	 1.12576e-01 
1.416 	 1.17832e-01 	 7.46832e-03 	 1.10364e-01 
1.411 	 1.15491e-01 	 7.29358e-03 	 1.08198e-01 
1.407 	 1.13199e-01 	 7.12230e-03 	 1.06077e-01 
1.402 	 1.10955e-01 	 6.95443e-03 	 1.04000e-01 
1.397 	 1.08759e-01 	 6.78993e-03 	 1.01969e-01 
1.393 	 1.06609e-01 	 6.62876e-03 	 9.99806e-02 
1.388 	 1.04506e-01 	 6.47085e-03 	 9.80356e-02 
1.383 	 1.02449e-01 	 6.31616e-03 	 9.61332e-02 
1.379 	 1.00437e-01 	 6.16463e-03 	 9.42725e-02 
1.374 	 9.84692e-02 	 6.01621e-03 	 9.24530e-02 
1.370 	 9.65448e-02 	 5.87083e-03 	 9.06740e-02 
1.365 	 9.46630e-02 	 5.72845e-03 	 8.89345e-02 
1.361 	 9.28231e-02 	 5.58900e-03 	 8.72341e-02 
1.356 	 9.10242e-02 	 5.45242e-03 	 8.55718e-02 
1.352 	 8.92656e-02 	 5.31866e-03 	 8.39470e-02 
1.348 	 8.75465e-02 	 5.18765e-03 	 8.23588e-02 
1.343 	 8.58659e-02 	 5.05933e-03 	 8.08066e-02 
1.339 	 8.42232e-02 	 4.93365e-03 	 7.92895e-02 
1.335 	 8.26174e-02 	 4.81054e-03 	 7.78069e-02 
1.331 	 8.10478e-02 	 4.68996e-03 	 7.63579e-02 
1.326 	 7.95136e-02 	 4.57184e-03 	 7.49418e-02 
1.322 	 7.80140e-02 	 4.45612e-03 	 7.35579e-02 
1.318 	 7.65482e-02 	 4.34275e-03 	 7.22054e-02 
1.314 	 7.51153e-02 	 4.23167e-03 	 7.08837e-02 
1.310 	 7.37148e-02 	 4.12283e-03 	 6.95919e-02 
1.306 	 7.23457e-02 	 4.01618e-03 	 6.83295e-02 
1.302 	 7.10073e-02 	 3.91166e-03 	 6.70957e-02 
1.298 	 6.96990e-02 	 3.80923e-03 	 6.58898e-02 
1.294 	 6.84199e-02 	 3.70882e-03 	 6.47111e-02 
1.290 	 6.71695e-02 	 3.61039e-03 	 6.35591e-02 
1.286 	 6.59469e-02 	 3.51390e-03 	 6.24330e-02 
1.282 	 6.47515e-02 	 3.41928e-03 	 6.13322e-02 
1.278 	 6.35827e-02 	 3.32651e-03 	 6.02562e-02 
1.274 	 6.24397e-02 	 3.23552e-03 	 5.92042e-02 
1.270 	 6.13220e-02 	 3.14628e-03 	 5.81758e-02 
1.266 	 6.02290e-02 	 3.05874e-03 	 5.71702e-02 
1.262 	 5.91599e-02 	 2.97286e-03 	 5.61870e-02 
1.259 	 5.81142e-02 	 2.88859e-03 	 5.52256e-02 
1.255 	 5.70914e-02 	 2.80591e-03 	 5.42855e-02 
1.251 	 5.60908e-02 	 2.72475e-03 	 5.33661e-02 
1.247 	 5.51120e-02 	 2.64510e-03 	 5.24669e-02 
1.244 	 5.41543e-02 	 2.56690e-03 	 5.15874e-02 
1.240 	 5.32172e-02 	 2.49013e-03 	 5.07271e-02 
1.236 	 5.23003e-02 	 2.41475e-03 	 4.98855e-02 
1.233 	 5.14030e-02 	 2.34071e-03 	 4.90622e-02 
1.229 	 5.05247e-02 	 2.26800e-03 	 4.82567e-02 
1.225 	 4.96652e-02 	 2.19656e-03 	 4.74686e-02 
1.222 	 4.88238e-02 	 2.12638e-03 	 4.66974e-02 
1.218 	 4.80001e-02 	 2.05742e-03 	 4.59427e-02 
1.215 	 4.71937e-02 	 1.98965e-03 	 4.52041e-02 
1.211 	 4.64042e-02 	 1.92304e-03 	 4.44811e-02 
1.208 	 4.56311e-02 	 1.85756e-03 	 4.37735e-02 
1.204 	 4.48740e-02 	 1.79317e-03 	 4.30808e-02 
1.201 	 4.41325e-02 	 1.72987e-03 	 4.24027e-02 
1.197 	 4.34063e-02 	 1.66761e-03 	 4.17387e-02 
1.194 	 4.26949e-02 	 1.60637e-03 	 4.10886e-02 
1.191 	 4.19980e-02 	 1.54612e-03 	 4.04519e-02 
1.187 	 4.13153e-02 	 1.48685e-03 	 3.98284e-02 
1.184 	 4.06463e-02 	 1.42852e-03 	 3.92178e-02 
1.180 	 3.99908e-02 	 1.37111e-03 	 3.86197e-02 
1.177 	 3.93484e-02 	 1.31461e-03 	 3.80338e-02 
1.174 	 3.87188e-02 	 1.25898e-03 	 3.74598e-02 
1.171 	 3.81017e-02 	 1.20421e-03 	 3.68975e-02 
1.167 	 3.74968e-02 	 1.15027e-03 	 3.63465e-02 
1.164 	 3.69037e-02 	 1.09715e-03 	 3.58066e-02 
1.161 	 3.63223e-02 	 1.04482e-03 	 3.52774e-02 
1.158 	 3.57521e-02 	 9.93271e-04 	 3.47588e-02 
1.154 	 3.51930e-02 	 9.42475e-04 	 3.42506e-02 
1.151 	 3.46447e-02 	 8.92416e-04 	 3.37523e-02 
1.148 	 3.41069e-02 	 8.43078e-04 	 3.32639e-02 
1.145 	 3.35794e-02 	 7.94442e-04 	 3.27850e-02 
1.142 	 3.30619e-02 	 7.46492e-04 	 3.23154e-02 
1.139 	 3.25542e-02 	 6.99211e-04 	 3.18550e-02 
1.136 	 3.20561e-02 	 6.52583e-04 	 3.14035e-02 
1.133 	 3.15673e-02 	 6.06592e-04 	 3.09607e-02 
1.130 	 3.10876e-02 	 5.61223e-04 	 3.05264e-02 
1.126 	 3.06168e-02 	 5.16462e-04 	 3.01003e-02 
1.123 	 3.01547e-02 	 4.72293e-04 	 2.96824e-02 
1.120 	 2.97011e-02 	 4.28704e-04 	 2.92724e-02 
1.117 	 2.92558e-02 	 3.85680e-04 	 2.88701e-02 
1.114 	 2.88186e-02 	 3.43208e-04 	 2.84754e-02 
1.112 	 2.83893e-02 	 3.01276e-04 	 2.80880e-02 
1.109 	 2.79677e-02 	 2.59870e-04 	 2.77079e-02 
1.106 	 2.75537e-02 	 2.18979e-04 	 2.73347e-02 
1.103 	 2.71471e-02 	 1.78590e-04 	 2.69685e-02 
1.100 	 2.67477e-02 	 1.38692e-04 	 2.66090e-02 
1.097 	 2.63553e-02 	 9.92736e-05 	 2.62561e-02 
1.094 	 2.59699e-02 	 6.03239e-05 	 2.59096e-02 
1.091 	 2.55912e-02 	 2.18321e-05 	 2.55694e-02 
1.088 	 2.52191e-02 	 -1.62122e-05 	 2.52353e-02 
1.086 	 2.48534e-02 	 -5.38195e-05 	 2.49072e-02 
1.083 	 2.44940e-02 	 -9.09995e-05 	 2.45850e-02 
1.080 	 2.41408e-02 	 -1.27762e-04 	 2.42685e-02 
1.077 	 2.37936e-02 	 -1.64116e-04 	 2.39577e-02 
1.074 	 2.34523e-02 	 -2.00072e-04 	 2.36523e-02 
1.072 	 2.31167e-02 	 -2.35638e-04 	 2.33523e-02 
1.069 	 2.27868e-02 	 -2.70823e-04 	 2.30576e-02 
1.066 	 2.24624e-02 	 -3.05635e-04 	 2.27680e-02 
1.064 	 2.21434e-02 	 -3.40083e-04 	 2.24835e-02 
1.061 	 2.18297e-02 	 -3.74175e-04 	 2.22038e-02 
1.058 	 2.15211e-02 	 -4.07918e-04 	 2.19290e-02 
1.055 	 2.12176e-02 	 -4.41321e-04 	 2.16589e-02 
1.053 	 2.09190e-02 	 -4.74392e-04 	 2.13934e-02 
1.050 	 2.06253e-02 	 -5.07136e-04 	 2.11324e-02 
1.048 	 2.03363e-02 	 -5.39562e-04 	 2.08759e-02 
1.045 	 2.00520e-02 	 -5.71676e-04 	 2.06237e-02 
1.042 	 1.97722e-02 	 -6.03485e-04 	 2.03757e-02 
1.040 	 1.94968e-02 	 -6.34996e-04 	 2.01318e-02 
1.037 	 1.92258e-02 	 -6.66215e-04 	 1.98920e-02 
1.035 	 1.89590e-02 	 -6.97149e-04 	 1.96562e-02 
1.032 	 1.86965e-02 	 -7.27803e-04 	 1.94243e-02 
1.030 	 1.84380e-02 	 -7.58184e-04 	 1.91962e-02 
1.027 	 1.81835e-02 	 -7.88297e-04 	 1.89718e-02 
1.024 	 1.79329e-02 	 -8.18149e-04 	 1.87511e-02 
1.022 	 1.76862e-02 	 -8.47744e-04 	 1.85339e-02 
1.019 	 1.74432e-02 	 -8.77088e-04 	 1.83203e-02 
1.017 	 1.72039e-02 	 -9.06187e-04 	 1.81101e-02 
1.015 	 1.69683e-02 	 -9.35046e-04 	 1.79033e-02 
1.012 	 1.67361e-02 	 -9.63670e-04 	 1.76998e-02 
1.010 	 1.65075e-02 	 -9.92063e-04 	 1.74995e-02 
1.007 	 1.62822e-02 	 -1.02023e-03 	 1.73024e-02 
1.005 	 1.60603e-02 	 -1.04818e-03 	 1.71085e-02 
1.002 	 1.58416e-02 	 -1.07591e-03 	 1.69175e-02 
1.000 	 1.56261e-02 	 -1.10343e-03 	 1.67296e-02 
