Energy [eV] Ext Cross [um^2] Abs Cross [um^2] Sca Cross [um^2] 
2.500 	 4.47932e-04 	 3.52360e-04 	 9.55727e-05 
2.474 	 4.68019e-04 	 3.62701e-04 	 1.05318e-04 
2.448 	 4.88861e-04 	 3.73465e-04 	 1.15396e-04 
2.423 	 5.10492e-04 	 3.84698e-04 	 1.25794e-04 
2.398 	 5.32887e-04 	 3.96383e-04 	 1.36504e-04 
2.374 	 5.56184e-04 	 4.08677e-04 	 1.47507e-04 
2.351 	 5.79670e-04 	 4.20876e-04 	 1.58794e-04 
2.327 	 6.03702e-04 	 4.33280e-04 	 1.70422e-04 
2.305 	 6.29111e-04 	 4.46738e-04 	 1.82373e-04 
2.282 	 6.56107e-04 	 4.61505e-04 	 1.94603e-04 
2.261 	 6.83680e-04 	 4.76657e-04 	 2.07024e-04 
2.239 	 7.09813e-04 	 4.90091e-04 	 2.19722e-04 
2.218 	 7.36412e-04 	 5.03551e-04 	 2.32861e-04 
2.197 	 7.64668e-04 	 5.18281e-04 	 2.46387e-04 
2.177 	 7.94402e-04 	 5.34136e-04 	 2.60265e-04 
2.157 	 8.25496e-04 	 5.51004e-04 	 2.74492e-04 
2.138 	 8.57810e-04 	 5.68753e-04 	 2.89056e-04 
2.119 	 8.91182e-04 	 5.87251e-04 	 3.03931e-04 
2.100 	 9.26030e-04 	 6.07122e-04 	 3.18907e-04 
2.081 	 9.61188e-04 	 6.27456e-04 	 3.33732e-04 
2.063 	 9.95886e-04 	 6.46751e-04 	 3.49135e-04 
2.045 	 1.03207e-03 	 6.66578e-04 	 3.65490e-04 
2.028 	 1.07042e-03 	 6.87894e-04 	 3.82522e-04 
2.010 	 1.11096e-03 	 7.10849e-04 	 4.00106e-04 
1.993 	 1.15391e-03 	 7.35702e-04 	 4.18210e-04 
1.977 	 1.19980e-03 	 7.63110e-04 	 4.36694e-04 
1.960 	 1.24903e-03 	 7.94072e-04 	 4.54962e-04 
1.944 	 1.29974e-03 	 8.27974e-04 	 4.71768e-04 
1.928 	 1.34727e-03 	 8.59672e-04 	 4.87599e-04 
1.913 	 1.39361e-03 	 8.88156e-04 	 5.05456e-04 
1.897 	 1.44416e-03 	 9.18498e-04 	 5.25664e-04 
1.882 	 1.50062e-03 	 9.53417e-04 	 5.47199e-04 
1.867 	 1.56385e-03 	 9.94265e-04 	 5.69582e-04 
1.853 	 1.63570e-03 	 1.04298e-03 	 5.92717e-04 
1.838 	 1.71857e-03 	 1.10193e-03 	 6.16645e-04 
1.824 	 1.81055e-03 	 1.16914e-03 	 6.41412e-04 
1.810 	 1.89389e-03 	 1.22697e-03 	 6.66916e-04 
1.796 	 1.94896e-03 	 1.25598e-03 	 6.92981e-04 
1.783 	 1.99197e-03 	 1.27218e-03 	 7.19784e-04 
1.769 	 2.04460e-03 	 1.29698e-03 	 7.47622e-04 
1.756 	 2.11140e-03 	 1.33476e-03 	 7.76639e-04 
1.743 	 2.19098e-03 	 1.38407e-03 	 8.06914e-04 
1.730 	 2.28249e-03 	 1.44396e-03 	 8.38529e-04 
1.718 	 2.38669e-03 	 1.51511e-03 	 8.71579e-04 
1.705 	 2.50608e-03 	 1.59991e-03 	 9.06166e-04 
1.693 	 2.64521e-03 	 1.70284e-03 	 9.42372e-04 
1.681 	 2.81112e-03 	 1.83094e-03 	 9.80182e-04 
1.669 	 3.01269e-03 	 1.99340e-03 	 1.01929e-03 
1.657 	 3.25437e-03 	 2.19566e-03 	 1.05871e-03 
1.646 	 3.51395e-03 	 2.41756e-03 	 1.09639e-03 
1.634 	 3.71398e-03 	 2.58332e-03 	 1.13066e-03 
1.623 	 3.77784e-03 	 2.61357e-03 	 1.16426e-03 
1.612 	 3.74903e-03 	 2.54610e-03 	 1.20293e-03 
1.601 	 3.72498e-03 	 2.47641e-03 	 1.24858e-03 
1.590 	 3.74819e-03 	 2.44832e-03 	 1.29986e-03 
1.580 	 3.81851e-03 	 2.46310e-03 	 1.35541e-03 
1.569 	 3.92593e-03 	 2.51132e-03 	 1.41460e-03 
1.559 	 4.06211e-03 	 2.58478e-03 	 1.47734e-03 
1.549 	 4.22193e-03 	 2.67816e-03 	 1.54377e-03 
1.539 	 4.40268e-03 	 2.78848e-03 	 1.61420e-03 
1.529 	 4.60332e-03 	 2.91431e-03 	 1.68901e-03 
1.519 	 4.82393e-03 	 3.05525e-03 	 1.76867e-03 
1.509 	 5.06538e-03 	 3.21168e-03 	 1.85370e-03 
1.499 	 5.32923e-03 	 3.38454e-03 	 1.94469e-03 
1.490 	 5.61760e-03 	 3.57527e-03 	 2.04233e-03 
1.481 	 5.93325e-03 	 3.78583e-03 	 2.14742e-03 
1.471 	 6.27956e-03 	 4.01871e-03 	 2.26085e-03 
1.462 	 6.66071e-03 	 4.27701e-03 	 2.38370e-03 
1.453 	 7.08174e-03 	 4.56456e-03 	 2.51718e-03 
1.444 	 7.54884e-03 	 4.88608e-03 	 2.66276e-03 
1.436 	 8.06955e-03 	 5.24741e-03 	 2.82214e-03 
1.427 	 8.65317e-03 	 5.65580e-03 	 2.99737e-03 
1.418 	 9.31121e-03 	 6.12034e-03 	 3.19087e-03 
1.410 	 1.00580e-02 	 6.65248e-03 	 3.40557e-03 
1.402 	 1.09118e-02 	 7.26679e-03 	 3.64498e-03 
1.393 	 1.18953e-02 	 7.98193e-03 	 3.91333e-03 
1.385 	 1.30377e-02 	 8.82199e-03 	 4.21573e-03 
1.377 	 1.43766e-02 	 9.81833e-03 	 4.55828e-03 
1.369 	 1.59601e-02 	 1.10119e-02 	 4.94820e-03 
1.361 	 1.78499e-02 	 1.24561e-02 	 5.39377e-03 
1.353 	 2.01244e-02 	 1.42205e-02 	 5.90387e-03 
1.346 	 2.28800e-02 	 1.63932e-02 	 6.48678e-03 
1.338 	 2.62277e-02 	 1.90806e-02 	 7.14709e-03 
1.330 	 3.02766e-02 	 2.23973e-02 	 7.87925e-03 
1.323 	 3.50869e-02 	 2.64316e-02 	 8.65523e-03 
1.316 	 4.05683e-02 	 3.11638e-02 	 9.40445e-03 
1.308 	 4.63077e-02 	 3.63166e-02 	 9.99113e-03 
1.301 	 5.13966e-02 	 4.11826e-02 	 1.02140e-02 
1.294 	 5.45169e-02 	 4.46408e-02 	 9.87612e-03 
1.287 	 5.45744e-02 	 4.56426e-02 	 8.93178e-03 
1.280 	 5.15424e-02 	 4.39620e-02 	 7.58041e-03 
1.273 	 4.65439e-02 	 4.03838e-02 	 6.16007e-03 
1.266 	 4.10273e-02 	 3.60843e-02 	 4.94295e-03 
1.259 	 3.60120e-02 	 3.19683e-02 	 4.04374e-03 
1.253 	 3.19412e-02 	 2.84826e-02 	 3.45863e-03 
1.246 	 2.88789e-02 	 2.57446e-02 	 3.13430e-03 
1.240 	 2.67225e-02 	 2.37111e-02 	 3.01137e-03 
1.233 	 2.53272e-02 	 2.22860e-02 	 3.04117e-03 
1.227 	 2.45598e-02 	 2.13710e-02 	 3.18876e-03 
1.220 	 2.43148e-02 	 2.08838e-02 	 3.43103e-03 
1.214 	 2.45160e-02 	 2.07621e-02 	 3.75394e-03 
1.208 	 2.51126e-02 	 2.09624e-02 	 4.15021e-03 
1.202 	 2.60747e-02 	 2.14572e-02 	 4.61755e-03 
1.196 	 2.73899e-02 	 2.22323e-02 	 5.15764e-03 
1.190 	 2.90605e-02 	 2.32850e-02 	 5.77545e-03 
1.184 	 3.11019e-02 	 2.46230e-02 	 6.47888e-03 
1.178 	 3.35420e-02 	 2.62633e-02 	 7.27875e-03 
1.172 	 3.64210e-02 	 2.82321e-02 	 8.18886e-03 
1.166 	 3.97915e-02 	 3.05653e-02 	 9.22620e-03 
1.160 	 4.37197e-02 	 3.33085e-02 	 1.04113e-02 
1.155 	 4.82858e-02 	 3.65175e-02 	 1.17683e-02 
1.149 	 5.35844e-02 	 4.02587e-02 	 1.33257e-02 
1.144 	 5.97239e-02 	 4.46085e-02 	 1.51154e-02 
1.138 	 6.68239e-02 	 4.96508e-02 	 1.71731e-02 
1.133 	 7.50079e-02 	 5.54727e-02 	 1.95352e-02 
1.127 	 8.43905e-02 	 6.21541e-02 	 2.22364e-02 
1.122 	 9.50529e-02 	 6.97509e-02 	 2.53020e-02 
1.117 	 1.07004e-01 	 7.82663e-02 	 2.87374e-02 
1.111 	 1.20121e-01 	 8.76097e-02 	 3.25115e-02 
1.106 	 1.34078e-01 	 9.75429e-02 	 3.65354e-02 
1.101 	 1.48264e-01 	 1.07625e-01 	 4.06397e-02 
1.096 	 1.61740e-01 	 1.17179e-01 	 4.45609e-02 
1.091 	 1.73282e-01 	 1.25329e-01 	 4.79529e-02 
1.086 	 1.81568e-01 	 1.31129e-01 	 5.04385e-02 
1.081 	 1.85496e-01 	 1.33797e-01 	 5.16992e-02 
1.076 	 1.84527e-01 	 1.32954e-01 	 5.15731e-02 
1.071 	 1.78865e-01 	 1.28756e-01 	 5.01093e-02 
1.066 	 1.69382e-01 	 1.21835e-01 	 4.75465e-02 
1.061 	 1.57315e-01 	 1.13084e-01 	 4.42313e-02 
1.057 	 1.43932e-01 	 1.03410e-01 	 4.05217e-02 
1.052 	 1.30285e-01 	 9.35672e-02 	 3.67175e-02 
1.047 	 1.17117e-01 	 8.40847e-02 	 3.30322e-02 
1.043 	 1.04873e-01 	 7.52782e-02 	 2.95951e-02 
1.038 	 9.37675e-02 	 6.72974e-02 	 2.64700e-02 
1.033 	 8.38549e-02 	 6.01797e-02 	 2.36753e-02 
1.029 	 7.50966e-02 	 5.38946e-02 	 2.12020e-02 
1.024 	 6.74032e-02 	 4.83768e-02 	 1.90265e-02 
1.020 	 6.06647e-02 	 4.35459e-02 	 1.71188e-02 
1.016 	 5.47670e-02 	 3.93194e-02 	 1.54476e-02 
1.011 	 4.96018e-02 	 3.56191e-02 	 1.39827e-02 
1.007 	 4.50705e-02 	 3.23737e-02 	 1.26968e-02 
1.003 	 4.10861e-02 	 2.95206e-02 	 1.15654e-02 
0.998 	 3.75729e-02 	 2.70054e-02 	 1.05674e-02 
0.994 	 3.44658e-02 	 2.47813e-02 	 9.68448e-03 
0.990 	 3.17092e-02 	 2.28082e-02 	 8.90093e-03 
0.986 	 2.92556e-02 	 2.10522e-02 	 8.20339e-03 
0.982 	 2.70647e-02 	 1.94842e-02 	 7.58048e-03 
0.978 	 2.51021e-02 	 1.80796e-02 	 7.02248e-03 
0.974 	 2.33386e-02 	 1.68175e-02 	 6.52111e-03 
0.970 	 2.17492e-02 	 1.56799e-02 	 6.06928e-03 
0.966 	 2.03124e-02 	 1.46515e-02 	 5.66092e-03 
0.962 	 1.90100e-02 	 1.37191e-02 	 5.29084e-03 
0.958 	 1.78261e-02 	 1.28715e-02 	 4.95454e-03 
0.954 	 1.67471e-02 	 1.20989e-02 	 4.64817e-03 
0.950 	 1.57613e-02 	 1.13929e-02 	 4.36836e-03 
0.946 	 1.48584e-02 	 1.07462e-02 	 4.11222e-03 
0.943 	 1.40296e-02 	 1.01524e-02 	 3.87721e-03 
0.939 	 1.32670e-02 	 9.60590e-03 	 3.66112e-03 
0.935 	 1.25640e-02 	 9.10196e-03 	 3.46202e-03 
0.931 	 1.19145e-02 	 8.63628e-03 	 3.27821e-03 
0.928 	 1.13133e-02 	 8.20510e-03 	 3.10819e-03 
0.924 	 1.07557e-02 	 7.80510e-03 	 2.95064e-03 
0.921 	 1.02378e-02 	 7.43338e-03 	 2.80438e-03 
0.917 	 9.75571e-03 	 7.08732e-03 	 2.66839e-03 
0.913 	 9.30636e-03 	 6.76462e-03 	 2.54174e-03 
0.910 	 8.88684e-03 	 6.46323e-03 	 2.42361e-03 
0.906 	 8.49456e-03 	 6.18130e-03 	 2.31325e-03 
0.903 	 8.12722e-03 	 5.91720e-03 	 2.21002e-03 
0.900 	 7.78276e-03 	 5.66944e-03 	 2.11332e-03 
0.896 	 7.45931e-03 	 5.43669e-03 	 2.02262e-03 
0.893 	 7.15520e-03 	 5.21776e-03 	 1.93744e-03 
0.889 	 6.86891e-03 	 5.01157e-03 	 1.85734e-03 
0.886 	 6.59908e-03 	 4.81714e-03 	 1.78194e-03 
0.883 	 6.34447e-03 	 4.63359e-03 	 1.71088e-03 
0.879 	 6.10394e-03 	 4.46010e-03 	 1.64384e-03 
0.876 	 5.87647e-03 	 4.29595e-03 	 1.58051e-03 
0.873 	 5.66112e-03 	 4.14047e-03 	 1.52065e-03 
0.870 	 5.45705e-03 	 3.99305e-03 	 1.46400e-03 
0.866 	 5.26347e-03 	 3.85314e-03 	 1.41033e-03 
0.863 	 5.07967e-03 	 3.72022e-03 	 1.35946e-03 
0.860 	 4.90500e-03 	 3.59383e-03 	 1.31118e-03 
0.857 	 4.73886e-03 	 3.47353e-03 	 1.26532e-03 
0.854 	 4.58068e-03 	 3.35895e-03 	 1.22174e-03 
0.851 	 4.42998e-03 	 3.24970e-03 	 1.18027e-03 
0.848 	 4.28627e-03 	 3.14547e-03 	 1.14080e-03 
0.845 	 4.14913e-03 	 3.04594e-03 	 1.10319e-03 
0.842 	 4.01815e-03 	 2.95082e-03 	 1.06734e-03 
0.839 	 3.89298e-03 	 2.85985e-03 	 1.03313e-03 
0.836 	 3.77326e-03 	 2.77280e-03 	 1.00046e-03 
0.833 	 3.65868e-03 	 2.68942e-03 	 9.69257e-04 
0.830 	 3.54895e-03 	 2.60952e-03 	 9.39425e-04 
0.827 	 3.44378e-03 	 2.53290e-03 	 9.10887e-04 
0.824 	 3.34294e-03 	 2.45937e-03 	 8.83572e-04 
0.821 	 3.24618e-03 	 2.38877e-03 	 8.57412e-04 
0.818 	 3.15328e-03 	 2.32093e-03 	 8.32342e-04 
0.816 	 3.06403e-03 	 2.25572e-03 	 8.08305e-04 
0.813 	 2.97824e-03 	 2.19299e-03 	 7.85244e-04 
0.810 	 2.89573e-03 	 2.13262e-03 	 7.63110e-04 
0.807 	 2.81633e-03 	 2.07448e-03 	 7.41853e-04 
0.804 	 2.73989e-03 	 2.01846e-03 	 7.21428e-04 
0.802 	 2.66625e-03 	 1.96446e-03 	 7.01794e-04 
0.799 	 2.59527e-03 	 1.91236e-03 	 6.82910e-04 
0.796 	 2.52683e-03 	 1.86209e-03 	 6.64740e-04 
0.794 	 2.46081e-03 	 1.81356e-03 	 6.47247e-04 
0.791 	 2.39707e-03 	 1.76667e-03 	 6.30401e-04 
0.788 	 2.33553e-03 	 1.72136e-03 	 6.14169e-04 
0.786 	 2.27607e-03 	 1.67755e-03 	 5.98523e-04 
0.783 	 2.21860e-03 	 1.63517e-03 	 5.83435e-04 
0.781 	 2.16303e-03 	 1.59415e-03 	 5.68879e-04 
0.778 	 2.10928e-03 	 1.55444e-03 	 5.54832e-04 
0.775 	 2.05725e-03 	 1.51598e-03 	 5.41270e-04 
0.773 	 2.00688e-03 	 1.47871e-03 	 5.28171e-04 
0.770 	 1.95810e-03 	 1.44258e-03 	 5.15516e-04 
0.768 	 1.91083e-03 	 1.40755e-03 	 5.03284e-04 
0.765 	 1.86502e-03 	 1.37356e-03 	 4.91457e-04 
0.763 	 1.82059e-03 	 1.34057e-03 	 4.80019e-04 
0.760 	 1.77750e-03 	 1.30855e-03 	 4.68952e-04 
0.758 	 1.73569e-03 	 1.27745e-03 	 4.58241e-04 
0.756 	 1.69510e-03 	 1.24723e-03 	 4.47871e-04 
0.753 	 1.65569e-03 	 1.21786e-03 	 4.37829e-04 
0.751 	 1.61741e-03 	 1.18931e-03 	 4.28100e-04 
0.748 	 1.58022e-03 	 1.16154e-03 	 4.18672e-04 
0.746 	 1.54406e-03 	 1.13453e-03 	 4.09534e-04 
0.744 	 1.50891e-03 	 1.10824e-03 	 4.00673e-04 
0.741 	 1.47472e-03 	 1.08265e-03 	 3.92079e-04 
0.739 	 1.44146e-03 	 1.05772e-03 	 3.83741e-04 
0.737 	 1.40909e-03 	 1.03344e-03 	 3.75650e-04 
0.734 	 1.37758e-03 	 1.00979e-03 	 3.67796e-04 
0.732 	 1.34690e-03 	 9.86728e-04 	 3.60170e-04 
0.730 	 1.31701e-03 	 9.64246e-04 	 3.52764e-04 
0.728 	 1.28789e-03 	 9.42319e-04 	 3.45569e-04 
0.725 	 1.25951e-03 	 9.20927e-04 	 3.38578e-04 
0.723 	 1.23184e-03 	 9.00053e-04 	 3.31783e-04 
0.721 	 1.20485e-03 	 8.79676e-04 	 3.25177e-04 
0.719 	 1.17853e-03 	 8.59781e-04 	 3.18754e-04 
0.717 	 1.15286e-03 	 8.40350e-04 	 3.12506e-04 
0.714 	 1.12780e-03 	 8.21367e-04 	 3.06428e-04 
0.712 	 1.10333e-03 	 8.02818e-04 	 3.00514e-04 
0.710 	 1.07945e-03 	 7.84688e-04 	 2.94757e-04 
0.708 	 1.05612e-03 	 7.66962e-04 	 2.89154e-04 
0.706 	 1.03332e-03 	 7.49627e-04 	 2.83697e-04 
0.704 	 1.01105e-03 	 7.32671e-04 	 2.78383e-04 
0.702 	 9.89289e-04 	 7.16082e-04 	 2.73207e-04 
0.700 	 9.68010e-04 	 6.99847e-04 	 2.68164e-04 
0.698 	 9.47204e-04 	 6.83955e-04 	 2.63249e-04 
0.695 	 9.26854e-04 	 6.68395e-04 	 2.58459e-04 
0.693 	 9.06947e-04 	 6.53157e-04 	 2.53789e-04 
0.691 	 8.87468e-04 	 6.38232e-04 	 2.49236e-04 
0.689 	 8.68404e-04 	 6.23608e-04 	 2.44795e-04 
0.687 	 8.49742e-04 	 6.09278e-04 	 2.40464e-04 
0.685 	 8.31470e-04 	 5.95232e-04 	 2.36238e-04 
0.683 	 8.13576e-04 	 5.81461e-04 	 2.32115e-04 
0.681 	 7.96049e-04 	 5.67958e-04 	 2.28091e-04 
0.679 	 7.78877e-04 	 5.54714e-04 	 2.24163e-04 
0.677 	 7.62050e-04 	 5.41722e-04 	 2.20328e-04 
0.676 	 7.45557e-04 	 5.28974e-04 	 2.16584e-04 
0.674 	 7.29390e-04 	 5.16463e-04 	 2.12927e-04 
0.672 	 7.13538e-04 	 5.04183e-04 	 2.09355e-04 
0.670 	 6.97992e-04 	 4.92126e-04 	 2.05866e-04 
0.668 	 6.82744e-04 	 4.80287e-04 	 2.02457e-04 
0.666 	 6.67785e-04 	 4.68659e-04 	 1.99125e-04 
0.664 	 6.53106e-04 	 4.57237e-04 	 1.95869e-04 
0.662 	 6.38700e-04 	 4.46014e-04 	 1.92686e-04 
0.660 	 6.24560e-04 	 4.34986e-04 	 1.89574e-04 
0.659 	 6.10677e-04 	 4.24146e-04 	 1.86532e-04 
0.657 	 5.97045e-04 	 4.13489e-04 	 1.83556e-04 
0.655 	 5.83657e-04 	 4.03011e-04 	 1.80646e-04 
0.653 	 5.70506e-04 	 3.92708e-04 	 1.77799e-04 
0.651 	 5.57586e-04 	 3.82573e-04 	 1.75013e-04 
0.650 	 5.44890e-04 	 3.72603e-04 	 1.72288e-04 
0.648 	 5.32413e-04 	 3.62793e-04 	 1.69621e-04 
0.646 	 5.20149e-04 	 3.53139e-04 	 1.67010e-04 
0.644 	 5.08092e-04 	 3.43637e-04 	 1.64455e-04 
0.642 	 4.96237e-04 	 3.34284e-04 	 1.61953e-04 
0.641 	 4.84578e-04 	 3.25075e-04 	 1.59503e-04 
0.639 	 4.73110e-04 	 3.16006e-04 	 1.57104e-04 
0.637 	 4.61829e-04 	 3.07074e-04 	 1.54755e-04 
0.636 	 4.50730e-04 	 2.98276e-04 	 1.52454e-04 
0.634 	 4.39808e-04 	 2.89608e-04 	 1.50200e-04 
0.632 	 4.29058e-04 	 2.81067e-04 	 1.47991e-04 
0.630 	 4.18476e-04 	 2.72650e-04 	 1.45827e-04 
0.629 	 4.08059e-04 	 2.64353e-04 	 1.43706e-04 
0.627 	 3.97801e-04 	 2.56174e-04 	 1.41627e-04 
0.625 	 3.87700e-04 	 2.48110e-04 	 1.39590e-04 
0.624 	 3.77750e-04 	 2.40158e-04 	 1.37593e-04 
0.622 	 3.67949e-04 	 2.32315e-04 	 1.35635e-04 
0.621 	 3.58293e-04 	 2.24579e-04 	 1.33715e-04 
0.619 	 3.48778e-04 	 2.16947e-04 	 1.31832e-04 
0.617 	 3.39401e-04 	 2.09416e-04 	 1.29985e-04 
0.616 	 3.30159e-04 	 2.01985e-04 	 1.28174e-04 
0.614 	 3.21048e-04 	 1.94651e-04 	 1.26397e-04 
0.612 	 3.12066e-04 	 1.87412e-04 	 1.24654e-04 
0.611 	 3.03208e-04 	 1.80264e-04 	 1.22944e-04 
0.609 	 2.94474e-04 	 1.73208e-04 	 1.21266e-04 
0.608 	 2.85858e-04 	 1.66239e-04 	 1.19619e-04 
0.606 	 2.77360e-04 	 1.59357e-04 	 1.18003e-04 
0.605 	 2.68975e-04 	 1.52559e-04 	 1.16416e-04 
0.603 	 2.60702e-04 	 1.45843e-04 	 1.14859e-04 
0.602 	 2.52538e-04 	 1.39207e-04 	 1.13330e-04 
0.600 	 2.44480e-04 	 1.32651e-04 	 1.11829e-04 
