Energy [eV] Ext Cross [um^2] Abs Cross [um^2] Sca Cross [um^2] 
3.500 	 1.69028e-03 	 6.29875e-04 	 1.06041e-03 
3.471 	 1.62317e-03 	 6.52980e-04 	 9.70189e-04 
3.442 	 1.56370e-03 	 6.79827e-04 	 8.83876e-04 
3.414 	 1.51193e-03 	 7.10700e-04 	 8.01227e-04 
3.387 	 1.46797e-03 	 7.45950e-04 	 7.22020e-04 
3.360 	 1.43208e-03 	 7.86006e-04 	 6.46077e-04 
3.333 	 1.40467e-03 	 8.31379e-04 	 5.73291e-04 
3.306 	 1.38629e-03 	 8.82677e-04 	 5.03616e-04 
3.281 	 1.37768e-03 	 9.40644e-04 	 4.37035e-04 
3.255 	 1.37978e-03 	 1.00617e-03 	 3.73610e-04 
3.230 	 1.39383e-03 	 1.08032e-03 	 3.13503e-04 
3.205 	 1.42137e-03 	 1.16439e-03 	 2.56979e-04 
3.181 	 1.46437e-03 	 1.25996e-03 	 2.04410e-04 
3.157 	 1.52528e-03 	 1.36894e-03 	 1.56344e-04 
3.133 	 1.60720e-03 	 1.49366e-03 	 1.13541e-04 
3.110 	 1.71406e-03 	 1.63705e-03 	 7.70123e-05 
3.087 	 1.85082e-03 	 1.80270e-03 	 4.81228e-05 
3.064 	 2.02387e-03 	 1.99515e-03 	 2.87117e-05 
3.042 	 2.24163e-03 	 2.22038e-03 	 2.12554e-05 
3.020 	 2.51443e-03 	 2.48534e-03 	 2.90853e-05 
2.999 	 2.85583e-03 	 2.79911e-03 	 5.67196e-05 
2.977 	 3.28839e-03 	 3.17785e-03 	 1.10546e-04 
2.956 	 3.83386e-03 	 3.63476e-03 	 1.99104e-04 
2.935 	 4.51219e-03 	 4.17865e-03 	 3.33538e-04 
2.915 	 5.41428e-03 	 4.88010e-03 	 5.34177e-04 
2.895 	 6.59262e-03 	 5.76395e-03 	 8.28671e-04 
2.875 	 8.08306e-03 	 6.84760e-03 	 1.23545e-03 
2.855 	 1.01155e-02 	 8.28597e-03 	 1.82954e-03 
2.836 	 1.28600e-02 	 1.01499e-02 	 2.71004e-03 
2.817 	 1.66723e-02 	 1.26976e-02 	 3.97469e-03 
2.798 	 2.20609e-02 	 1.62195e-02 	 5.84147e-03 
2.780 	 2.97425e-02 	 2.11013e-02 	 8.64126e-03 
2.761 	 4.07937e-02 	 2.79716e-02 	 1.28221e-02 
2.743 	 5.62250e-02 	 3.73426e-02 	 1.88824e-02 
2.725 	 7.54850e-02 	 4.85340e-02 	 2.69510e-02 
2.708 	 9.43537e-02 	 5.86783e-02 	 3.56753e-02 
2.690 	 1.05851e-01 	 6.41159e-02 	 4.17355e-02 
2.673 	 1.05006e-01 	 6.21381e-02 	 4.28678e-02 
2.656 	 9.27305e-02 	 5.30423e-02 	 3.96882e-02 
2.639 	 7.52260e-02 	 4.12274e-02 	 3.39986e-02 
2.623 	 5.91890e-02 	 3.10776e-02 	 2.81114e-02 
2.606 	 4.67310e-02 	 2.35788e-02 	 2.31523e-02 
2.590 	 3.74932e-02 	 1.82327e-02 	 1.92606e-02 
2.574 	 3.06634e-02 	 1.44048e-02 	 1.62586e-02 
2.559 	 2.55503e-02 	 1.16164e-02 	 1.39339e-02 
2.543 	 2.16542e-02 	 9.54244e-03 	 1.21117e-02 
2.528 	 1.86300e-02 	 7.96777e-03 	 1.06623e-02 
2.513 	 1.62404e-02 	 6.74874e-03 	 9.49165e-03 
2.498 	 1.43208e-02 	 5.78834e-03 	 8.53249e-03 
2.483 	 1.27555e-02 	 5.01955e-03 	 7.73594e-03 
2.468 	 1.14616e-02 	 4.39533e-03 	 7.06626e-03 
2.454 	 1.03788e-02 	 3.88193e-03 	 6.49689e-03 
2.439 	 9.46269e-03 	 3.45480e-03 	 6.00790e-03 
2.425 	 8.67985e-03 	 3.09577e-03 	 5.58409e-03 
2.411 	 8.00486e-03 	 2.79114e-03 	 5.21372e-03 
2.397 	 7.41810e-03 	 2.53049e-03 	 4.88761e-03 
2.384 	 6.90422e-03 	 2.30575e-03 	 4.59846e-03 
2.370 	 6.45110e-03 	 2.11061e-03 	 4.34049e-03 
2.357 	 6.04907e-03 	 1.94007e-03 	 4.10900e-03 
2.344 	 5.69031e-03 	 1.79013e-03 	 3.90019e-03 
2.331 	 5.36847e-03 	 1.65755e-03 	 3.71092e-03 
2.318 	 5.07829e-03 	 1.53969e-03 	 3.53860e-03 
2.305 	 4.81547e-03 	 1.43442e-03 	 3.38105e-03 
2.292 	 4.57647e-03 	 1.34003e-03 	 3.23643e-03 
2.280 	 4.35827e-03 	 1.25505e-03 	 3.10322e-03 
2.268 	 4.15837e-03 	 1.17825e-03 	 2.98012e-03 
2.255 	 3.97460e-03 	 1.10859e-03 	 2.86601e-03 
2.243 	 3.80515e-03 	 1.04521e-03 	 2.75993e-03 
2.231 	 3.64843e-03 	 9.87360e-04 	 2.66107e-03 
2.220 	 3.50307e-03 	 9.34389e-04 	 2.56868e-03 
2.208 	 3.36790e-03 	 8.85747e-04 	 2.48215e-03 
2.196 	 3.24188e-03 	 8.40960e-04 	 2.40092e-03 
2.185 	 3.12413e-03 	 7.99621e-04 	 2.32451e-03 
2.173 	 3.01387e-03 	 7.61374e-04 	 2.25249e-03 
2.162 	 2.91040e-03 	 7.25906e-04 	 2.18450e-03 
2.151 	 2.81312e-03 	 6.92945e-04 	 2.12018e-03 
2.140 	 2.72149e-03 	 6.62249e-04 	 2.05924e-03 
2.129 	 2.63503e-03 	 6.33606e-04 	 2.00142e-03 
2.118 	 2.55331e-03 	 6.06828e-04 	 1.94648e-03 
2.108 	 2.47594e-03 	 5.81749e-04 	 1.89419e-03 
2.097 	 2.40259e-03 	 5.58220e-04 	 1.84437e-03 
2.087 	 2.33295e-03 	 5.36109e-04 	 1.79684e-03 
2.076 	 2.26674e-03 	 5.15296e-04 	 1.75144e-03 
2.066 	 2.20370e-03 	 4.95675e-04 	 1.70802e-03 
2.056 	 2.14361e-03 	 4.77151e-04 	 1.66646e-03 
2.046 	 2.08627e-03 	 4.59637e-04 	 1.62664e-03 
2.036 	 2.03149e-03 	 4.43056e-04 	 1.58844e-03 
2.026 	 1.97909e-03 	 4.27336e-04 	 1.55176e-03 
2.016 	 1.92893e-03 	 4.12415e-04 	 1.51651e-03 
2.007 	 1.88085e-03 	 3.98232e-04 	 1.48261e-03 
1.997 	 1.83472e-03 	 3.84736e-04 	 1.44999e-03 
1.988 	 1.79043e-03 	 3.71878e-04 	 1.41855e-03 
1.978 	 1.74787e-03 	 3.59615e-04 	 1.38825e-03 
1.969 	 1.70693e-03 	 3.47908e-04 	 1.35902e-03 
1.960 	 1.66753e-03 	 3.36719e-04 	 1.33081e-03 
1.951 	 1.62957e-03 	 3.26014e-04 	 1.30355e-03 
1.942 	 1.59297e-03 	 3.15761e-04 	 1.27721e-03 
1.933 	 1.55766e-03 	 3.05932e-04 	 1.25173e-03 
1.924 	 1.52357e-03 	 2.96499e-04 	 1.22707e-03 
1.915 	 1.49063e-03 	 2.87439e-04 	 1.20319e-03 
1.906 	 1.45879e-03 	 2.78730e-04 	 1.18006e-03 
1.898 	 1.42799e-03 	 2.70351e-04 	 1.15764e-03 
1.889 	 1.39819e-03 	 2.62283e-04 	 1.13590e-03 
1.881 	 1.36932e-03 	 2.54508e-04 	 1.11481e-03 
1.872 	 1.34135e-03 	 2.47009e-04 	 1.09434e-03 
1.864 	 1.31423e-03 	 2.39771e-04 	 1.07446e-03 
1.855 	 1.28792e-03 	 2.32780e-04 	 1.05514e-03 
1.847 	 1.26239e-03 	 2.26022e-04 	 1.03637e-03 
1.839 	 1.23761e-03 	 2.19484e-04 	 1.01812e-03 
1.831 	 1.21353e-03 	 2.13156e-04 	 1.00037e-03 
1.823 	 1.19013e-03 	 2.07026e-04 	 9.83102e-04 
1.815 	 1.16737e-03 	 2.01083e-04 	 9.66292e-04 
1.807 	 1.14524e-03 	 1.95319e-04 	 9.49923e-04 
1.800 	 1.12370e-03 	 1.89724e-04 	 9.33980e-04 
1.792 	 1.10273e-03 	 1.84289e-04 	 9.18445e-04 
1.784 	 1.08231e-03 	 1.79006e-04 	 9.03304e-04 
1.777 	 1.06241e-03 	 1.73867e-04 	 8.88542e-04 
1.769 	 1.04301e-03 	 1.68866e-04 	 8.74145e-04 
1.762 	 1.02410e-03 	 1.63996e-04 	 8.60102e-04 
1.754 	 1.00565e-03 	 1.59250e-04 	 8.46398e-04 
1.747 	 9.87647e-04 	 1.54624e-04 	 8.33023e-04 
1.740 	 9.70077e-04 	 1.50112e-04 	 8.19965e-04 
1.733 	 9.52923e-04 	 1.45709e-04 	 8.07214e-04 
1.725 	 9.36170e-04 	 1.41411e-04 	 7.94760e-04 
1.718 	 9.19803e-04 	 1.37212e-04 	 7.82592e-04 
1.711 	 9.03809e-04 	 1.33108e-04 	 7.70701e-04 
1.704 	 8.88174e-04 	 1.29095e-04 	 7.59079e-04 
1.697 	 8.72887e-04 	 1.25171e-04 	 7.47716e-04 
1.691 	 8.57934e-04 	 1.21329e-04 	 7.36605e-04 
1.684 	 8.43306e-04 	 1.17568e-04 	 7.25738e-04 
1.677 	 8.28992e-04 	 1.13884e-04 	 7.15107e-04 
1.670 	 8.14980e-04 	 1.10274e-04 	 7.04706e-04 
1.664 	 8.01261e-04 	 1.06735e-04 	 6.94526e-04 
1.657 	 7.87825e-04 	 1.03263e-04 	 6.84562e-04 
1.651 	 7.74664e-04 	 9.98568e-05 	 6.74808e-04 
1.644 	 7.61769e-04 	 9.65130e-05 	 6.65256e-04 
1.638 	 7.49131e-04 	 9.32294e-05 	 6.55902e-04 
1.631 	 7.36743e-04 	 9.00037e-05 	 6.46739e-04 
1.625 	 7.24596e-04 	 8.68337e-05 	 6.37763e-04 
1.619 	 7.12685e-04 	 8.37171e-05 	 6.28968e-04 
1.612 	 7.01000e-04 	 8.06522e-05 	 6.20348e-04 
1.606 	 6.89537e-04 	 7.76368e-05 	 6.11900e-04 
1.600 	 6.78288e-04 	 7.46692e-05 	 6.03618e-04 
1.594 	 6.67246e-04 	 7.17475e-05 	 5.95499e-04 
1.588 	 6.56407e-04 	 6.88702e-05 	 5.87537e-04 
1.582 	 6.45764e-04 	 6.60355e-05 	 5.79729e-04 
1.576 	 6.35312e-04 	 6.32419e-05 	 5.72070e-04 
1.570 	 6.25045e-04 	 6.04881e-05 	 5.64557e-04 
1.564 	 6.14958e-04 	 5.77725e-05 	 5.57186e-04 
1.558 	 6.05047e-04 	 5.50939e-05 	 5.49953e-04 
1.553 	 5.95306e-04 	 5.24510e-05 	 5.42855e-04 
1.547 	 5.85731e-04 	 4.98425e-05 	 5.35888e-04 
1.541 	 5.76317e-04 	 4.72672e-05 	 5.29050e-04 
1.536 	 5.67060e-04 	 4.47242e-05 	 5.22336e-04 
1.530 	 5.57957e-04 	 4.22121e-05 	 5.15745e-04 
1.524 	 5.49002e-04 	 3.97301e-05 	 5.09272e-04 
1.519 	 5.40192e-04 	 3.72771e-05 	 5.02915e-04 
1.513 	 5.31524e-04 	 3.48521e-05 	 4.96672e-04 
1.508 	 5.22994e-04 	 3.24542e-05 	 4.90540e-04 
1.503 	 5.14598e-04 	 3.00825e-05 	 4.84515e-04 
1.497 	 5.06333e-04 	 2.77362e-05 	 4.78596e-04 
1.492 	 4.98195e-04 	 2.54144e-05 	 4.72780e-04 
1.487 	 4.90182e-04 	 2.31164e-05 	 4.67065e-04 
1.481 	 4.82290e-04 	 2.08414e-05 	 4.61448e-04 
1.476 	 4.74516e-04 	 1.85886e-05 	 4.55928e-04 
1.471 	 4.66859e-04 	 1.63574e-05 	 4.50501e-04 
1.466 	 4.59313e-04 	 1.41470e-05 	 4.45166e-04 
1.461 	 4.51878e-04 	 1.19569e-05 	 4.39921e-04 
1.455 	 4.44551e-04 	 9.78644e-06 	 4.34764e-04 
1.450 	 4.37328e-04 	 7.63493e-06 	 4.29693e-04 
1.445 	 4.30208e-04 	 5.50182e-06 	 4.24706e-04 
1.440 	 4.23188e-04 	 3.38656e-06 	 4.19801e-04 
1.436 	 4.16265e-04 	 1.28857e-06 	 4.14977e-04 
1.431 	 4.09438e-04 	 -7.92653e-07 	 4.10231e-04 
1.426 	 4.02704e-04 	 -2.85764e-06 	 4.05562e-04 
1.421 	 3.96062e-04 	 -4.90689e-06 	 4.00969e-04 
1.416 	 3.89508e-04 	 -6.94087e-06 	 3.96449e-04 
1.411 	 3.83042e-04 	 -8.96006e-06 	 3.92002e-04 
1.407 	 3.76661e-04 	 -1.09649e-05 	 3.87626e-04 
1.402 	 3.70363e-04 	 -1.29558e-05 	 3.83319e-04 
1.397 	 3.64146e-04 	 -1.49333e-05 	 3.79079e-04 
1.393 	 3.58009e-04 	 -1.68976e-05 	 3.74907e-04 
1.388 	 3.51950e-04 	 -1.88491e-05 	 3.70799e-04 
1.383 	 3.45967e-04 	 -2.07884e-05 	 3.66756e-04 
1.379 	 3.40059e-04 	 -2.27156e-05 	 3.62775e-04 
1.374 	 3.34224e-04 	 -2.46312e-05 	 3.58855e-04 
1.370 	 3.28460e-04 	 -2.65356e-05 	 3.54995e-04 
1.365 	 3.22765e-04 	 -2.84289e-05 	 3.51194e-04 
1.361 	 3.17140e-04 	 -3.03116e-05 	 3.47451e-04 
1.356 	 3.11581e-04 	 -3.21840e-05 	 3.43765e-04 
1.352 	 3.06087e-04 	 -3.40464e-05 	 3.40134e-04 
1.348 	 3.00658e-04 	 -3.58991e-05 	 3.36557e-04 
1.343 	 2.95292e-04 	 -3.77423e-05 	 3.33034e-04 
1.339 	 2.89987e-04 	 -3.95763e-05 	 3.29563e-04 
1.335 	 2.84742e-04 	 -4.14015e-05 	 3.26144e-04 
1.331 	 2.79557e-04 	 -4.32180e-05 	 3.22775e-04 
1.326 	 2.74429e-04 	 -4.50261e-05 	 3.19455e-04 
1.322 	 2.69358e-04 	 -4.68261e-05 	 3.16184e-04 
1.318 	 2.64343e-04 	 -4.86182e-05 	 3.12961e-04 
1.314 	 2.59381e-04 	 -5.04026e-05 	 3.09784e-04 
1.310 	 2.54474e-04 	 -5.21795e-05 	 3.06653e-04 
1.306 	 2.49618e-04 	 -5.39492e-05 	 3.03567e-04 
1.302 	 2.44813e-04 	 -5.57119e-05 	 3.00525e-04 
1.298 	 2.40059e-04 	 -5.74677e-05 	 2.97527e-04 
1.294 	 2.35354e-04 	 -5.92170e-05 	 2.94571e-04 
1.290 	 2.30697e-04 	 -6.09598e-05 	 2.91657e-04 
1.286 	 2.26088e-04 	 -6.26964e-05 	 2.88784e-04 
1.282 	 2.21524e-04 	 -6.44269e-05 	 2.85951e-04 
1.278 	 2.17007e-04 	 -6.61516e-05 	 2.83158e-04 
1.274 	 2.12533e-04 	 -6.78706e-05 	 2.80404e-04 
1.270 	 2.08104e-04 	 -6.95841e-05 	 2.77688e-04 
1.266 	 2.03717e-04 	 -7.12923e-05 	 2.75009e-04 
1.262 	 1.99372e-04 	 -7.29953e-05 	 2.72368e-04 
1.259 	 1.95069e-04 	 -7.46933e-05 	 2.69762e-04 
1.255 	 1.90806e-04 	 -7.63864e-05 	 2.67193e-04 
1.251 	 1.86583e-04 	 -7.80747e-05 	 2.64658e-04 
1.247 	 1.82399e-04 	 -7.97585e-05 	 2.62157e-04 
1.244 	 1.78253e-04 	 -8.14379e-05 	 2.59690e-04 
1.240 	 1.74144e-04 	 -8.31129e-05 	 2.57257e-04 
1.236 	 1.70072e-04 	 -8.47838e-05 	 2.54856e-04 
1.233 	 1.66036e-04 	 -8.64507e-05 	 2.52487e-04 
1.229 	 1.62036e-04 	 -8.81136e-05 	 2.50150e-04 
1.225 	 1.58071e-04 	 -8.97728e-05 	 2.47843e-04 
1.222 	 1.54139e-04 	 -9.14283e-05 	 2.45568e-04 
1.218 	 1.50241e-04 	 -9.30803e-05 	 2.43322e-04 
1.215 	 1.46376e-04 	 -9.47289e-05 	 2.41105e-04 
1.211 	 1.42544e-04 	 -9.63741e-05 	 2.38918e-04 
1.208 	 1.38742e-04 	 -9.80162e-05 	 2.36759e-04 
1.204 	 1.34972e-04 	 -9.96552e-05 	 2.34628e-04 
1.201 	 1.31233e-04 	 -1.01291e-04 	 2.32524e-04 
1.197 	 1.27524e-04 	 -1.02924e-04 	 2.30448e-04 
1.194 	 1.23844e-04 	 -1.04555e-04 	 2.28398e-04 
1.191 	 1.20193e-04 	 -1.06182e-04 	 2.26375e-04 
1.187 	 1.16570e-04 	 -1.07807e-04 	 2.24377e-04 
1.184 	 1.12975e-04 	 -1.09430e-04 	 2.22405e-04 
1.180 	 1.09408e-04 	 -1.11050e-04 	 2.20458e-04 
1.177 	 1.05867e-04 	 -1.12668e-04 	 2.18535e-04 
1.174 	 1.02353e-04 	 -1.14284e-04 	 2.16637e-04 
1.171 	 9.88646e-05 	 -1.15897e-04 	 2.14762e-04 
1.167 	 9.54019e-05 	 -1.17509e-04 	 2.12911e-04 
1.164 	 9.19642e-05 	 -1.19119e-04 	 2.11083e-04 
1.161 	 8.85510e-05 	 -1.20726e-04 	 2.09277e-04 
1.158 	 8.51620e-05 	 -1.22332e-04 	 2.07494e-04 
1.154 	 8.17967e-05 	 -1.23936e-04 	 2.05733e-04 
1.151 	 7.84547e-05 	 -1.25539e-04 	 2.03993e-04 
1.148 	 7.51356e-05 	 -1.27140e-04 	 2.02275e-04 
1.145 	 7.18390e-05 	 -1.28739e-04 	 2.00578e-04 
1.142 	 6.85645e-05 	 -1.30337e-04 	 1.98901e-04 
1.139 	 6.53117e-05 	 -1.31934e-04 	 1.97245e-04 
1.136 	 6.20802e-05 	 -1.33529e-04 	 1.95609e-04 
1.133 	 5.88696e-05 	 -1.35123e-04 	 1.93993e-04 
1.130 	 5.56796e-05 	 -1.36716e-04 	 1.92396e-04 
1.126 	 5.25099e-05 	 -1.38308e-04 	 1.90818e-04 
1.123 	 4.93600e-05 	 -1.39899e-04 	 1.89259e-04 
1.120 	 4.62297e-05 	 -1.41488e-04 	 1.87718e-04 
1.117 	 4.31185e-05 	 -1.43077e-04 	 1.86196e-04 
1.114 	 4.00262e-05 	 -1.44665e-04 	 1.84692e-04 
1.112 	 3.69525e-05 	 -1.46253e-04 	 1.83205e-04 
1.109 	 3.38969e-05 	 -1.47839e-04 	 1.81736e-04 
1.106 	 3.08593e-05 	 -1.49425e-04 	 1.80284e-04 
1.103 	 2.78392e-05 	 -1.51010e-04 	 1.78850e-04 
1.100 	 2.48365e-05 	 -1.52595e-04 	 1.77431e-04 
1.097 	 2.18507e-05 	 -1.54179e-04 	 1.76030e-04 
1.094 	 1.88817e-05 	 -1.55762e-04 	 1.74644e-04 
1.091 	 1.59290e-05 	 -1.57346e-04 	 1.73275e-04 
1.088 	 1.29925e-05 	 -1.58928e-04 	 1.71921e-04 
1.086 	 1.00719e-05 	 -1.60511e-04 	 1.70583e-04 
1.083 	 7.16681e-06 	 -1.62093e-04 	 1.69260e-04 
1.080 	 4.27707e-06 	 -1.63675e-04 	 1.67952e-04 
1.077 	 1.40238e-06 	 -1.65257e-04 	 1.66659e-04 
1.074 	 -1.45751e-06 	 -1.66838e-04 	 1.65381e-04 
1.072 	 -4.30286e-06 	 -1.68419e-04 	 1.64117e-04 
1.069 	 -7.13390e-06 	 -1.70001e-04 	 1.62867e-04 
1.066 	 -9.95090e-06 	 -1.71582e-04 	 1.61631e-04 
1.064 	 -1.27541e-05 	 -1.73164e-04 	 1.60409e-04 
1.061 	 -1.55437e-05 	 -1.74745e-04 	 1.59201e-04 
1.058 	 -1.83200e-05 	 -1.76326e-04 	 1.58007e-04 
1.055 	 -2.10831e-05 	 -1.77908e-04 	 1.56825e-04 
1.053 	 -2.38334e-05 	 -1.79490e-04 	 1.55657e-04 
1.050 	 -2.65710e-05 	 -1.81072e-04 	 1.54501e-04 
1.048 	 -2.92961e-05 	 -1.82654e-04 	 1.53358e-04 
1.045 	 -3.20090e-05 	 -1.84237e-04 	 1.52228e-04 
1.042 	 -3.47099e-05 	 -1.85820e-04 	 1.51110e-04 
1.040 	 -3.73989e-05 	 -1.87403e-04 	 1.50004e-04 
1.037 	 -4.00763e-05 	 -1.88987e-04 	 1.48911e-04 
1.035 	 -4.27423e-05 	 -1.90571e-04 	 1.47829e-04 
1.032 	 -4.53971e-05 	 -1.92156e-04 	 1.46759e-04 
1.030 	 -4.80408e-05 	 -1.93741e-04 	 1.45700e-04 
1.027 	 -5.06737e-05 	 -1.95326e-04 	 1.44653e-04 
1.024 	 -5.32959e-05 	 -1.96912e-04 	 1.43617e-04 
1.022 	 -5.59077e-05 	 -1.98499e-04 	 1.42592e-04 
1.019 	 -5.85091e-05 	 -2.00087e-04 	 1.41577e-04 
1.017 	 -6.11004e-05 	 -2.01675e-04 	 1.40574e-04 
1.015 	 -6.36818e-05 	 -2.03263e-04 	 1.39581e-04 
1.012 	 -6.62534e-05 	 -2.04853e-04 	 1.38599e-04 
1.010 	 -6.88154e-05 	 -2.06443e-04 	 1.37627e-04 
1.007 	 -7.13680e-05 	 -2.08034e-04 	 1.36666e-04 
1.005 	 -7.39113e-05 	 -2.09625e-04 	 1.35714e-04 
1.002 	 -7.64454e-05 	 -2.11218e-04 	 1.34773e-04 
1.000 	 -7.89706e-05 	 -2.12811e-04 	 1.33841e-04 
