Energy [eV] Ext Cross [um^2] Abs Cross [um^2] Sca Cross [um^2] 
3.000 	 4.48011e-04 	 4.44113e-04 	 3.89800e-06 
2.990 	 4.59088e-04 	 4.53919e-04 	 5.16918e-06 
2.980 	 4.70906e-04 	 4.64156e-04 	 6.74972e-06 
2.970 	 4.83426e-04 	 4.74780e-04 	 8.64544e-06 
2.960 	 4.96538e-04 	 4.85678e-04 	 1.08601e-05 
2.951 	 5.09970e-04 	 4.96577e-04 	 1.33939e-05 
2.941 	 5.23604e-04 	 5.07355e-04 	 1.62492e-05 
2.931 	 5.38440e-04 	 5.18984e-04 	 1.94553e-05 
2.922 	 5.55125e-04 	 5.32073e-04 	 2.30516e-05 
2.912 	 5.73340e-04 	 5.46258e-04 	 2.70819e-05 
2.903 	 5.92074e-04 	 5.60543e-04 	 3.15304e-05 
2.894 	 6.10742e-04 	 5.74443e-04 	 3.62991e-05 
2.884 	 6.29769e-04 	 5.88417e-04 	 4.13522e-05 
2.875 	 6.51052e-04 	 6.04283e-04 	 4.67688e-05 
2.866 	 6.74282e-04 	 6.21592e-04 	 5.26902e-05 
2.857 	 6.97660e-04 	 6.38450e-04 	 5.92091e-05 
2.848 	 7.20919e-04 	 6.54596e-04 	 6.63228e-05 
2.839 	 7.44887e-04 	 6.70983e-04 	 7.39030e-05 
2.830 	 7.71169e-04 	 6.89238e-04 	 8.19313e-05 
2.821 	 8.00604e-04 	 7.10124e-04 	 9.04797e-05 
2.812 	 8.32675e-04 	 7.33064e-04 	 9.96110e-05 
2.803 	 8.65896e-04 	 7.56515e-04 	 1.09382e-04 
2.794 	 9.00170e-04 	 7.80344e-04 	 1.19825e-04 
2.786 	 9.36118e-04 	 8.05147e-04 	 1.30971e-04 
2.777 	 9.74255e-04 	 8.31401e-04 	 1.42854e-04 
2.769 	 1.01501e-03 	 8.59485e-04 	 1.55522e-04 
2.760 	 1.05875e-03 	 8.89727e-04 	 1.69020e-04 
2.752 	 1.10581e-03 	 9.22408e-04 	 1.83399e-04 
2.743 	 1.15648e-03 	 9.57761e-04 	 1.98722e-04 
2.735 	 1.21106e-03 	 9.95995e-04 	 2.15067e-04 
2.726 	 1.27005e-03 	 1.03754e-03 	 2.32509e-04 
2.718 	 1.33414e-03 	 1.08301e-03 	 2.51131e-04 
2.710 	 1.40408e-03 	 1.13305e-03 	 2.71029e-04 
2.702 	 1.48044e-03 	 1.18812e-03 	 2.92316e-04 
2.694 	 1.56311e-03 	 1.24800e-03 	 3.15108e-04 
2.686 	 1.65065e-03 	 1.31113e-03 	 3.39518e-04 
2.678 	 1.74019e-03 	 1.37452e-03 	 3.65672e-04 
2.670 	 1.82881e-03 	 1.43510e-03 	 3.93717e-04 
2.662 	 1.91615e-03 	 1.49231e-03 	 4.23844e-04 
2.654 	 2.00553e-03 	 1.54924e-03 	 4.56280e-04 
2.646 	 2.10194e-03 	 1.61065e-03 	 4.91285e-04 
2.638 	 2.20940e-03 	 1.68025e-03 	 5.29142e-04 
2.630 	 2.33013e-03 	 1.75996e-03 	 5.70164e-04 
2.623 	 2.46534e-03 	 1.85064e-03 	 6.14703e-04 
2.615 	 2.61630e-03 	 1.95314e-03 	 6.63160e-04 
2.608 	 2.78500e-03 	 2.06901e-03 	 7.15993e-04 
2.600 	 2.97413e-03 	 2.20041e-03 	 7.73718e-04 
2.592 	 3.18661e-03 	 2.34966e-03 	 8.36942e-04 
2.585 	 3.42578e-03 	 2.51933e-03 	 9.06448e-04 
2.578 	 3.69613e-03 	 2.71284e-03 	 9.83294e-04 
2.570 	 4.00406e-03 	 2.93526e-03 	 1.06881e-03 
2.563 	 4.35800e-03 	 3.19355e-03 	 1.16445e-03 
2.556 	 4.76817e-03 	 3.49641e-03 	 1.27176e-03 
2.548 	 5.24664e-03 	 3.85435e-03 	 1.39229e-03 
2.541 	 5.80769e-03 	 4.28004e-03 	 1.52765e-03 
2.534 	 6.46787e-03 	 4.78861e-03 	 1.67926e-03 
2.527 	 7.24498e-03 	 5.39712e-03 	 1.84786e-03 
2.520 	 8.15486e-03 	 6.12223e-03 	 2.03263e-03 
2.513 	 9.20431e-03 	 6.97446e-03 	 2.22985e-03 
2.506 	 1.03790e-02 	 7.94756e-03 	 2.43141e-03 
2.499 	 1.16301e-02 	 9.00523e-03 	 2.62488e-03 
2.492 	 1.28760e-02 	 1.00783e-02 	 2.79773e-03 
2.485 	 1.40385e-02 	 1.10924e-02 	 2.94607e-03 
2.478 	 1.50978e-02 	 1.20190e-02 	 3.07876e-03 
2.471 	 1.60918e-02 	 1.28863e-02 	 3.20547e-03 
2.464 	 1.70297e-02 	 1.37141e-02 	 3.31558e-03 
2.458 	 1.78030e-02 	 1.44328e-02 	 3.37021e-03 
2.451 	 1.81940e-02 	 1.48755e-02 	 3.31850e-03 
2.444 	 1.79950e-02 	 1.48654e-02 	 3.12959e-03 
2.438 	 1.71525e-02 	 1.43351e-02 	 2.81738e-03 
2.431 	 1.58130e-02 	 1.33771e-02 	 2.43588e-03 
2.424 	 1.42325e-02 	 1.21830e-02 	 2.04947e-03 
2.418 	 1.26491e-02 	 1.09434e-02 	 1.70571e-03 
2.411 	 1.12154e-02 	 9.78820e-03 	 1.42716e-03 
2.405 	 9.99820e-03 	 8.78085e-03 	 1.21734e-03 
2.398 	 9.00805e-03 	 7.93830e-03 	 1.06975e-03 
2.392 	 8.22695e-03 	 7.25243e-03 	 9.74519e-04 
2.386 	 7.62683e-03 	 6.70492e-03 	 9.21911e-04 
2.379 	 7.17896e-03 	 6.27529e-03 	 9.03664e-04 
2.373 	 6.85786e-03 	 5.94457e-03 	 9.13291e-04 
2.367 	 6.64253e-03 	 5.69659e-03 	 9.45933e-04 
2.361 	 6.51625e-03 	 5.51818e-03 	 9.98071e-04 
2.354 	 6.46613e-03 	 5.39888e-03 	 1.06725e-03 
2.348 	 6.48241e-03 	 5.33056e-03 	 1.15185e-03 
2.342 	 6.55788e-03 	 5.30699e-03 	 1.25089e-03 
2.336 	 6.68741e-03 	 5.32351e-03 	 1.36390e-03 
2.330 	 6.86754e-03 	 5.37670e-03 	 1.49084e-03 
2.324 	 7.09622e-03 	 5.46421e-03 	 1.63201e-03 
2.318 	 7.37257e-03 	 5.58454e-03 	 1.78804e-03 
2.312 	 7.69676e-03 	 5.73694e-03 	 1.95982e-03 
2.306 	 8.06988e-03 	 5.92133e-03 	 2.14855e-03 
2.300 	 8.49389e-03 	 6.13821e-03 	 2.35568e-03 
2.294 	 8.97161e-03 	 6.38865e-03 	 2.58296e-03 
2.288 	 9.50671e-03 	 6.67425e-03 	 2.83245e-03 
2.282 	 1.01037e-02 	 6.99716e-03 	 3.10656e-03 
2.277 	 1.07681e-02 	 7.36004e-03 	 3.40804e-03 
2.271 	 1.15062e-02 	 7.76617e-03 	 3.74004e-03 
2.265 	 1.23256e-02 	 8.21938e-03 	 4.10621e-03 
2.259 	 1.32348e-02 	 8.72418e-03 	 4.51066e-03 
2.254 	 1.42439e-02 	 9.28576e-03 	 4.95810e-03 
2.248 	 1.53639e-02 	 9.91005e-03 	 5.45387e-03 
2.243 	 1.66078e-02 	 1.06038e-02 	 6.00401e-03 
2.237 	 1.79898e-02 	 1.13745e-02 	 6.61532e-03 
2.231 	 1.95260e-02 	 1.22306e-02 	 7.29540e-03 
2.226 	 2.12338e-02 	 1.31812e-02 	 8.05264e-03 
2.220 	 2.31324e-02 	 1.42362e-02 	 8.89625e-03 
2.215 	 2.52420e-02 	 1.54059e-02 	 9.83604e-03 
2.209 	 2.75831e-02 	 1.67008e-02 	 1.08822e-02 
2.204 	 3.01757e-02 	 1.81307e-02 	 1.20450e-02 
2.199 	 3.30374e-02 	 1.97037e-02 	 1.33337e-02 
2.193 	 3.61812e-02 	 2.14253e-02 	 1.47559e-02 
2.188 	 3.96116e-02 	 2.32959e-02 	 1.63157e-02 
2.182 	 4.33199e-02 	 2.53083e-02 	 1.80116e-02 
2.177 	 4.72787e-02 	 2.74448e-02 	 1.98339e-02 
2.172 	 5.14346e-02 	 2.96731e-02 	 2.17615e-02 
2.167 	 5.57019e-02 	 3.19434e-02 	 2.37585e-02 
2.161 	 5.99573e-02 	 3.41855e-02 	 2.57718e-02 
2.156 	 6.40391e-02 	 3.63091e-02 	 2.77300e-02 
2.151 	 6.77535e-02 	 3.82076e-02 	 2.95459e-02 
2.146 	 7.08906e-02 	 3.97675e-02 	 3.11231e-02 
2.141 	 7.32487e-02 	 4.08819e-02 	 3.23668e-02 
2.136 	 7.46645e-02 	 4.14672e-02 	 3.31973e-02 
2.131 	 7.50417e-02 	 4.14779e-02 	 3.35638e-02 
2.126 	 7.43684e-02 	 4.09155e-02 	 3.34529e-02 
2.121 	 7.27179e-02 	 3.98277e-02 	 3.28903e-02 
2.116 	 7.02338e-02 	 3.82992e-02 	 3.19346e-02 
2.111 	 6.71025e-02 	 3.64365e-02 	 3.06660e-02 
2.106 	 6.35247e-02 	 3.43516e-02 	 2.91731e-02 
2.101 	 5.96902e-02 	 3.21487e-02 	 2.75415e-02 
2.096 	 5.57615e-02 	 2.99157e-02 	 2.58458e-02 
2.091 	 5.18666e-02 	 2.77206e-02 	 2.41460e-02 
2.086 	 4.80986e-02 	 2.56119e-02 	 2.24867e-02 
2.081 	 4.45192e-02 	 2.36208e-02 	 2.08984e-02 
2.076 	 4.11649e-02 	 2.17648e-02 	 1.94002e-02 
2.072 	 3.80529e-02 	 2.00508e-02 	 1.80020e-02 
2.067 	 3.51863e-02 	 1.84789e-02 	 1.67074e-02 
2.062 	 3.25595e-02 	 1.70441e-02 	 1.55154e-02 
2.057 	 3.01606e-02 	 1.57386e-02 	 1.44220e-02 
2.053 	 2.79747e-02 	 1.45531e-02 	 1.34216e-02 
2.048 	 2.59852e-02 	 1.34777e-02 	 1.25076e-02 
2.043 	 2.41754e-02 	 1.25024e-02 	 1.16730e-02 
2.039 	 2.25288e-02 	 1.16177e-02 	 1.09111e-02 
2.034 	 2.10297e-02 	 1.08146e-02 	 1.02151e-02 
2.029 	 1.96638e-02 	 1.00847e-02 	 9.57901e-03 
2.025 	 1.84177e-02 	 9.42073e-03 	 8.99693e-03 
2.020 	 1.72794e-02 	 8.81572e-03 	 8.46364e-03 
2.016 	 1.62380e-02 	 8.26360e-03 	 7.97439e-03 
2.011 	 1.52838e-02 	 7.75894e-03 	 7.52488e-03 
2.007 	 1.44081e-02 	 7.29686e-03 	 7.11124e-03 
2.002 	 1.36031e-02 	 6.87307e-03 	 6.73002e-03 
1.998 	 1.28618e-02 	 6.48370e-03 	 6.37810e-03 
1.993 	 1.21781e-02 	 6.12537e-03 	 6.05272e-03 
1.989 	 1.15464e-02 	 5.79502e-03 	 5.75139e-03 
1.985 	 1.09619e-02 	 5.48998e-03 	 5.47191e-03 
1.980 	 1.04201e-02 	 5.20784e-03 	 5.21228e-03 
1.976 	 9.91720e-03 	 4.94646e-03 	 4.97073e-03 
1.971 	 9.44960e-03 	 4.70394e-03 	 4.74567e-03 
1.967 	 9.01421e-03 	 4.47856e-03 	 4.53565e-03 
1.963 	 8.60820e-03 	 4.26880e-03 	 4.33940e-03 
1.959 	 8.22905e-03 	 4.07329e-03 	 4.15576e-03 
1.954 	 7.87449e-03 	 3.89080e-03 	 3.98369e-03 
1.950 	 7.54247e-03 	 3.72024e-03 	 3.82224e-03 
1.946 	 7.23115e-03 	 3.56059e-03 	 3.67056e-03 
1.942 	 6.93887e-03 	 3.41098e-03 	 3.52789e-03 
1.937 	 6.66413e-03 	 3.27059e-03 	 3.39353e-03 
1.933 	 6.40555e-03 	 3.13870e-03 	 3.26685e-03 
1.929 	 6.16192e-03 	 3.01464e-03 	 3.14728e-03 
1.925 	 5.93211e-03 	 2.89781e-03 	 3.03429e-03 
1.921 	 5.71510e-03 	 2.78768e-03 	 2.92742e-03 
1.917 	 5.50996e-03 	 2.68375e-03 	 2.82621e-03 
1.913 	 5.31586e-03 	 2.58556e-03 	 2.73029e-03 
1.909 	 5.13201e-03 	 2.49272e-03 	 2.63929e-03 
1.904 	 4.95771e-03 	 2.40483e-03 	 2.55288e-03 
1.900 	 4.79231e-03 	 2.32157e-03 	 2.47074e-03 
1.896 	 4.63521e-03 	 2.24261e-03 	 2.39261e-03 
1.892 	 4.48588e-03 	 2.16766e-03 	 2.31821e-03 
1.888 	 4.34379e-03 	 2.09647e-03 	 2.24733e-03 
1.884 	 4.20850e-03 	 2.02878e-03 	 2.17972e-03 
1.881 	 4.07957e-03 	 1.96436e-03 	 2.11520e-03 
1.877 	 3.95660e-03 	 1.90302e-03 	 2.05358e-03 
1.873 	 3.83924e-03 	 1.84456e-03 	 1.99468e-03 
1.869 	 3.72715e-03 	 1.78880e-03 	 1.93834e-03 
1.865 	 3.62000e-03 	 1.73558e-03 	 1.88442e-03 
1.861 	 3.51752e-03 	 1.68475e-03 	 1.83277e-03 
1.857 	 3.41944e-03 	 1.63616e-03 	 1.78327e-03 
1.853 	 3.32549e-03 	 1.58969e-03 	 1.73580e-03 
1.849 	 3.23546e-03 	 1.54522e-03 	 1.69025e-03 
1.846 	 3.14913e-03 	 1.50262e-03 	 1.64650e-03 
1.842 	 3.06629e-03 	 1.46181e-03 	 1.60448e-03 
1.838 	 2.98675e-03 	 1.42267e-03 	 1.56408e-03 
1.834 	 2.91035e-03 	 1.38513e-03 	 1.52522e-03 
1.831 	 2.83691e-03 	 1.34908e-03 	 1.48783e-03 
1.827 	 2.76628e-03 	 1.31446e-03 	 1.45182e-03 
1.823 	 2.69832e-03 	 1.28119e-03 	 1.41713e-03 
1.819 	 2.63290e-03 	 1.24920e-03 	 1.38370e-03 
1.816 	 2.56989e-03 	 1.21843e-03 	 1.35146e-03 
1.812 	 2.50917e-03 	 1.18881e-03 	 1.32036e-03 
1.808 	 2.45062e-03 	 1.16029e-03 	 1.29034e-03 
1.805 	 2.39416e-03 	 1.13281e-03 	 1.26135e-03 
1.801 	 2.33967e-03 	 1.10632e-03 	 1.23335e-03 
1.798 	 2.28706e-03 	 1.08078e-03 	 1.20628e-03 
1.794 	 2.23625e-03 	 1.05614e-03 	 1.18011e-03 
1.790 	 2.18716e-03 	 1.03236e-03 	 1.15480e-03 
1.787 	 2.13971e-03 	 1.00940e-03 	 1.13031e-03 
1.783 	 2.09382e-03 	 9.87216e-04 	 1.10660e-03 
1.780 	 2.04942e-03 	 9.65781e-04 	 1.08364e-03 
1.776 	 2.00646e-03 	 9.45059e-04 	 1.06140e-03 
1.773 	 1.96486e-03 	 9.25018e-04 	 1.03984e-03 
1.769 	 1.92457e-03 	 9.05629e-04 	 1.01894e-03 
1.766 	 1.88554e-03 	 8.86862e-04 	 9.98679e-04 
1.762 	 1.84771e-03 	 8.68692e-04 	 9.79019e-04 
1.759 	 1.81103e-03 	 8.51093e-04 	 9.59939e-04 
1.755 	 1.77546e-03 	 8.34041e-04 	 9.41417e-04 
1.752 	 1.74095e-03 	 8.17513e-04 	 9.23432e-04 
1.749 	 1.70745e-03 	 8.01489e-04 	 9.05961e-04 
1.745 	 1.67493e-03 	 7.85947e-04 	 8.88985e-04 
1.742 	 1.64335e-03 	 7.70868e-04 	 8.72485e-04 
1.738 	 1.61268e-03 	 7.56234e-04 	 8.56443e-04 
1.735 	 1.58287e-03 	 7.42027e-04 	 8.40842e-04 
1.732 	 1.55390e-03 	 7.28230e-04 	 8.25665e-04 
1.728 	 1.52573e-03 	 7.14828e-04 	 8.10898e-04 
1.725 	 1.49833e-03 	 7.01806e-04 	 7.96524e-04 
1.722 	 1.47168e-03 	 6.89149e-04 	 7.82530e-04 
1.718 	 1.44575e-03 	 6.76844e-04 	 7.68902e-04 
1.715 	 1.42051e-03 	 6.64877e-04 	 7.55628e-04 
1.712 	 1.39593e-03 	 6.53236e-04 	 7.42694e-04 
1.709 	 1.37200e-03 	 6.41910e-04 	 7.30090e-04 
1.705 	 1.34869e-03 	 6.30886e-04 	 7.17803e-04 
1.702 	 1.32598e-03 	 6.20154e-04 	 7.05824e-04 
1.699 	 1.30384e-03 	 6.09703e-04 	 6.94141e-04 
1.696 	 1.28227e-03 	 5.99524e-04 	 6.82744e-04 
1.692 	 1.26123e-03 	 5.89608e-04 	 6.71625e-04 
1.689 	 1.24072e-03 	 5.79944e-04 	 6.60774e-04 
1.686 	 1.22071e-03 	 5.70525e-04 	 6.50182e-04 
1.683 	 1.20118e-03 	 5.61342e-04 	 6.39842e-04 
1.680 	 1.18213e-03 	 5.52388e-04 	 6.29744e-04 
1.677 	 1.16353e-03 	 5.43654e-04 	 6.19881e-04 
1.674 	 1.14538e-03 	 5.35133e-04 	 6.10246e-04 
1.670 	 1.12765e-03 	 5.26818e-04 	 6.00832e-04 
1.667 	 1.11033e-03 	 5.18703e-04 	 5.91632e-04 
1.664 	 1.09342e-03 	 5.10781e-04 	 5.82639e-04 
1.661 	 1.07689e-03 	 5.03046e-04 	 5.73847e-04 
1.658 	 1.06074e-03 	 4.95491e-04 	 5.65250e-04 
1.655 	 1.04495e-03 	 4.88112e-04 	 5.56842e-04 
1.652 	 1.02952e-03 	 4.80903e-04 	 5.48618e-04 
1.649 	 1.01443e-03 	 4.73858e-04 	 5.40572e-04 
1.646 	 9.99671e-04 	 4.66973e-04 	 5.32698e-04 
1.643 	 9.85235e-04 	 4.60242e-04 	 5.24993e-04 
1.640 	 9.71112e-04 	 4.53661e-04 	 5.17450e-04 
1.637 	 9.57292e-04 	 4.47226e-04 	 5.10067e-04 
1.634 	 9.43768e-04 	 4.40931e-04 	 5.02837e-04 
1.631 	 9.30530e-04 	 4.34774e-04 	 4.95756e-04 
1.628 	 9.17570e-04 	 4.28749e-04 	 4.88821e-04 
1.625 	 9.04881e-04 	 4.22853e-04 	 4.82028e-04 
1.622 	 8.92455e-04 	 4.17083e-04 	 4.75372e-04 
1.619 	 8.80284e-04 	 4.11434e-04 	 4.68850e-04 
1.616 	 8.68362e-04 	 4.05903e-04 	 4.62458e-04 
1.613 	 8.56681e-04 	 4.00488e-04 	 4.56193e-04 
1.610 	 8.45235e-04 	 3.95183e-04 	 4.50051e-04 
1.608 	 8.34017e-04 	 3.89988e-04 	 4.44030e-04 
1.605 	 8.23022e-04 	 3.84898e-04 	 4.38125e-04 
1.602 	 8.12244e-04 	 3.79910e-04 	 4.32334e-04 
1.599 	 8.01676e-04 	 3.75022e-04 	 4.26653e-04 
1.596 	 7.91313e-04 	 3.70231e-04 	 4.21081e-04 
1.593 	 7.81150e-04 	 3.65535e-04 	 4.15614e-04 
1.590 	 7.71181e-04 	 3.60931e-04 	 4.10250e-04 
1.588 	 7.61402e-04 	 3.56416e-04 	 4.04986e-04 
1.585 	 7.51807e-04 	 3.51988e-04 	 3.99819e-04 
1.582 	 7.42392e-04 	 3.47645e-04 	 3.94748e-04 
1.579 	 7.33153e-04 	 3.43384e-04 	 3.89769e-04 
1.576 	 7.24084e-04 	 3.39204e-04 	 3.84880e-04 
1.574 	 7.15183e-04 	 3.35103e-04 	 3.80080e-04 
1.571 	 7.06443e-04 	 3.31078e-04 	 3.75366e-04 
1.568 	 6.97863e-04 	 3.27127e-04 	 3.70736e-04 
1.565 	 6.89437e-04 	 3.23249e-04 	 3.66188e-04 
1.563 	 6.81161e-04 	 3.19442e-04 	 3.61720e-04 
1.560 	 6.73034e-04 	 3.15704e-04 	 3.57330e-04 
1.557 	 6.65049e-04 	 3.12033e-04 	 3.53017e-04 
1.555 	 6.57205e-04 	 3.08427e-04 	 3.48778e-04 
1.552 	 6.49499e-04 	 3.04886e-04 	 3.44612e-04 
1.549 	 6.41925e-04 	 3.01408e-04 	 3.40518e-04 
1.547 	 6.34483e-04 	 2.97990e-04 	 3.36492e-04 
1.544 	 6.27168e-04 	 2.94632e-04 	 3.32535e-04 
1.541 	 6.19977e-04 	 2.91332e-04 	 3.28645e-04 
1.539 	 6.12908e-04 	 2.88089e-04 	 3.24819e-04 
1.536 	 6.05959e-04 	 2.84902e-04 	 3.21057e-04 
1.533 	 5.99125e-04 	 2.81768e-04 	 3.17357e-04 
1.531 	 5.92405e-04 	 2.78688e-04 	 3.13718e-04 
1.528 	 5.85797e-04 	 2.75659e-04 	 3.10138e-04 
1.526 	 5.79297e-04 	 2.72680e-04 	 3.06616e-04 
1.523 	 5.72903e-04 	 2.69751e-04 	 3.03152e-04 
1.520 	 5.66613e-04 	 2.66870e-04 	 2.99742e-04 
1.518 	 5.60424e-04 	 2.64037e-04 	 2.96388e-04 
1.515 	 5.54335e-04 	 2.61249e-04 	 2.93086e-04 
1.513 	 5.48343e-04 	 2.58506e-04 	 2.89837e-04 
1.510 	 5.42446e-04 	 2.55808e-04 	 2.86639e-04 
1.508 	 5.36643e-04 	 2.53152e-04 	 2.83490e-04 
1.505 	 5.30930e-04 	 2.50539e-04 	 2.80391e-04 
1.503 	 5.25306e-04 	 2.47967e-04 	 2.77340e-04 
1.500 	 5.19770e-04 	 2.45435e-04 	 2.74335e-04 
