Energy [eV] Ext Cross [um^2] Abs Cross [um^2] Sca Cross [um^2] 
3.500 	 1.86673e-05 	 1.60131e-05 	 2.65424e-06 
3.471 	 1.94978e-05 	 1.70547e-05 	 2.44308e-06 
3.442 	 2.04376e-05 	 1.81995e-05 	 2.23803e-06 
3.414 	 2.14994e-05 	 1.94604e-05 	 2.03901e-06 
3.387 	 2.26984e-05 	 2.08524e-05 	 1.84592e-06 
3.360 	 2.40524e-05 	 2.23937e-05 	 1.65873e-06 
3.333 	 2.55823e-05 	 2.41048e-05 	 1.47756e-06 
3.306 	 2.73128e-05 	 2.60102e-05 	 1.30261e-06 
3.281 	 2.92735e-05 	 2.81394e-05 	 1.13412e-06 
3.255 	 3.15000e-05 	 3.05275e-05 	 9.72512e-07 
3.230 	 3.40349e-05 	 3.32165e-05 	 8.18425e-07 
3.205 	 3.69299e-05 	 3.62571e-05 	 6.72729e-07 
3.181 	 4.02485e-05 	 3.97120e-05 	 5.36555e-07 
3.157 	 4.40690e-05 	 4.36575e-05 	 4.11478e-07 
3.133 	 4.84875e-05 	 4.81879e-05 	 2.99620e-07 
3.110 	 5.36259e-05 	 5.34221e-05 	 2.03774e-07 
3.087 	 5.96376e-05 	 5.95099e-05 	 1.27701e-07 
3.064 	 6.67189e-05 	 6.66424e-05 	 7.65001e-08 
3.042 	 7.51320e-05 	 7.50749e-05 	 5.71113e-08 
3.020 	 8.51973e-05 	 8.51183e-05 	 7.90298e-08 
2.999 	 9.73423e-05 	 9.71869e-05 	 1.55414e-07 
2.977 	 1.12303e-04 	 1.11997e-04 	 3.05333e-07 
2.956 	 1.30787e-04 	 1.30232e-04 	 5.55191e-07 
2.935 	 1.53440e-04 	 1.52499e-04 	 9.40989e-07 
2.915 	 1.83484e-04 	 1.81955e-04 	 1.52990e-06 
2.895 	 2.22835e-04 	 2.20415e-04 	 2.41963e-06 
2.875 	 2.73251e-04 	 2.69558e-04 	 3.69292e-06 
2.855 	 3.43777e-04 	 3.38136e-04 	 5.64078e-06 
2.836 	 4.42151e-04 	 4.33444e-04 	 8.70645e-06 
2.817 	 5.87636e-04 	 5.74158e-04 	 1.34779e-05 
2.798 	 8.11479e-04 	 7.90171e-04 	 2.13086e-05 
2.780 	 1.16983e-03 	 1.13498e-03 	 3.48427e-05 
2.761 	 1.77556e-03 	 1.71627e-03 	 5.92851e-05 
2.743 	 2.81255e-03 	 2.70841e-03 	 1.04141e-04 
2.725 	 4.35838e-03 	 4.18081e-03 	 1.77575e-04 
2.708 	 5.49181e-03 	 5.24735e-03 	 2.44455e-04 
2.690 	 4.73463e-03 	 4.50605e-03 	 2.28573e-04 
2.673 	 3.17825e-03 	 3.01287e-03 	 1.65374e-04 
2.656 	 2.03985e-03 	 1.92603e-03 	 1.13816e-04 
2.639 	 1.35883e-03 	 1.27791e-03 	 8.09217e-05 
2.623 	 9.52718e-04 	 8.92425e-04 	 6.02936e-05 
2.606 	 6.99646e-04 	 6.52779e-04 	 4.68677e-05 
2.590 	 5.33891e-04 	 4.96170e-04 	 3.77208e-05 
2.574 	 4.20332e-04 	 3.89112e-04 	 3.12206e-05 
2.559 	 3.39486e-04 	 3.13057e-04 	 2.64298e-05 
2.543 	 2.80028e-04 	 2.57239e-04 	 2.27882e-05 
2.528 	 2.35084e-04 	 2.15137e-04 	 1.99469e-05 
2.513 	 2.00306e-04 	 1.82626e-04 	 1.76801e-05 
2.498 	 1.72853e-04 	 1.57016e-04 	 1.58369e-05 
2.483 	 1.50801e-04 	 1.36488e-04 	 1.43134e-05 
2.468 	 1.32819e-04 	 1.19783e-04 	 1.30358e-05 
2.454 	 1.17959e-04 	 1.06008e-04 	 1.19510e-05 
2.439 	 1.05534e-04 	 9.45139e-05 	 1.10197e-05 
2.425 	 9.50360e-05 	 8.48236e-05 	 1.02123e-05 
2.411 	 8.60835e-05 	 7.65772e-05 	 9.50632e-06 
2.397 	 7.83846e-05 	 6.95005e-05 	 8.88410e-06 
2.384 	 7.17132e-05 	 6.33814e-05 	 8.33185e-06 
2.370 	 6.58922e-05 	 5.80536e-05 	 7.83858e-06 
2.357 	 6.07808e-05 	 5.33853e-05 	 7.39546e-06 
2.344 	 5.62663e-05 	 4.92710e-05 	 6.99528e-06 
2.331 	 5.22580e-05 	 4.56258e-05 	 6.63217e-06 
2.318 	 4.86820e-05 	 4.23808e-05 	 6.30125e-06 
2.305 	 4.54773e-05 	 3.94788e-05 	 5.99844e-06 
2.292 	 4.25930e-05 	 3.68726e-05 	 5.72033e-06 
2.280 	 3.99866e-05 	 3.45225e-05 	 5.46402e-06 
2.268 	 3.76227e-05 	 3.23956e-05 	 5.22704e-06 
2.255 	 3.54717e-05 	 3.04644e-05 	 5.00730e-06 
2.243 	 3.35083e-05 	 2.87054e-05 	 4.80299e-06 
2.231 	 3.17109e-05 	 2.70984e-05 	 4.61255e-06 
2.220 	 3.00607e-05 	 2.56260e-05 	 4.43462e-06 
2.208 	 2.85414e-05 	 2.42734e-05 	 4.26799e-06 
2.196 	 2.71391e-05 	 2.30275e-05 	 4.11162e-06 
2.185 	 2.58419e-05 	 2.18773e-05 	 3.96460e-06 
2.173 	 2.46392e-05 	 2.08131e-05 	 3.82611e-06 
2.162 	 2.35219e-05 	 1.98264e-05 	 3.69545e-06 
2.151 	 2.24816e-05 	 1.89097e-05 	 3.57195e-06 
2.140 	 2.15114e-05 	 1.80563e-05 	 3.45507e-06 
2.129 	 2.06047e-05 	 1.72604e-05 	 3.34427e-06 
2.118 	 1.97560e-05 	 1.65169e-05 	 3.23911e-06 
2.108 	 1.89603e-05 	 1.58212e-05 	 3.13916e-06 
2.097 	 1.82131e-05 	 1.51691e-05 	 3.04405e-06 
2.087 	 1.75104e-05 	 1.45569e-05 	 2.95345e-06 
2.076 	 1.68485e-05 	 1.39815e-05 	 2.86705e-06 
2.066 	 1.62242e-05 	 1.34397e-05 	 2.78456e-06 
2.056 	 1.56347e-05 	 1.29290e-05 	 2.70572e-06 
2.046 	 1.50772e-05 	 1.24469e-05 	 2.63032e-06 
2.036 	 1.45494e-05 	 1.19913e-05 	 2.55812e-06 
2.026 	 1.40492e-05 	 1.15603e-05 	 2.48894e-06 
2.016 	 1.35745e-05 	 1.11519e-05 	 2.42260e-06 
2.007 	 1.31236e-05 	 1.07647e-05 	 2.35892e-06 
1.997 	 1.26947e-05 	 1.03970e-05 	 2.29777e-06 
1.988 	 1.22865e-05 	 1.00475e-05 	 2.23898e-06 
1.978 	 1.18976e-05 	 9.71511e-06 	 2.18245e-06 
1.969 	 1.15266e-05 	 9.39860e-06 	 2.12803e-06 
1.960 	 1.11726e-05 	 9.09698e-06 	 2.07563e-06 
1.951 	 1.08344e-05 	 8.80925e-06 	 2.02513e-06 
1.942 	 1.05110e-05 	 8.53453e-06 	 1.97644e-06 
1.933 	 1.02014e-05 	 8.27197e-06 	 1.92947e-06 
1.924 	 9.90496e-06 	 8.02083e-06 	 1.88413e-06 
1.915 	 9.62078e-06 	 7.78044e-06 	 1.84034e-06 
1.906 	 9.34819e-06 	 7.55017e-06 	 1.79802e-06 
1.898 	 9.08656e-06 	 7.32944e-06 	 1.75712e-06 
1.889 	 8.83526e-06 	 7.11770e-06 	 1.71756e-06 
1.881 	 8.59374e-06 	 6.91445e-06 	 1.67929e-06 
1.872 	 8.36143e-06 	 6.71919e-06 	 1.64224e-06 
1.864 	 8.13786e-06 	 6.53150e-06 	 1.60636e-06 
1.855 	 7.92254e-06 	 6.35094e-06 	 1.57160e-06 
1.847 	 7.71505e-06 	 6.17714e-06 	 1.53791e-06 
1.839 	 7.51499e-06 	 6.00974e-06 	 1.50525e-06 
1.831 	 7.32197e-06 	 5.84840e-06 	 1.47357e-06 
1.823 	 7.13565e-06 	 5.69281e-06 	 1.44284e-06 
1.815 	 6.95569e-06 	 5.54269e-06 	 1.41301e-06 
1.807 	 6.78179e-06 	 5.39775e-06 	 1.38405e-06 
1.800 	 6.61367e-06 	 5.25775e-06 	 1.35592e-06 
1.792 	 6.45104e-06 	 5.12245e-06 	 1.32859e-06 
1.784 	 6.29366e-06 	 4.99162e-06 	 1.30204e-06 
1.777 	 6.14128e-06 	 4.86505e-06 	 1.27622e-06 
1.769 	 5.99367e-06 	 4.74254e-06 	 1.25112e-06 
1.762 	 5.85061e-06 	 4.62390e-06 	 1.22671e-06 
1.754 	 5.71189e-06 	 4.50894e-06 	 1.20296e-06 
1.747 	 5.57734e-06 	 4.39749e-06 	 1.17984e-06 
1.740 	 5.44676e-06 	 4.28941e-06 	 1.15734e-06 
1.733 	 5.31998e-06 	 4.18455e-06 	 1.13544e-06 
1.725 	 5.19685e-06 	 4.08275e-06 	 1.11410e-06 
1.718 	 5.07721e-06 	 3.98389e-06 	 1.09332e-06 
1.711 	 4.96092e-06 	 3.88785e-06 	 1.07307e-06 
1.704 	 4.84784e-06 	 3.79450e-06 	 1.05334e-06 
1.697 	 4.73784e-06 	 3.70374e-06 	 1.03410e-06 
1.691 	 4.63079e-06 	 3.61545e-06 	 1.01534e-06 
1.684 	 4.52659e-06 	 3.52954e-06 	 9.97052e-07 
1.677 	 4.42511e-06 	 3.44590e-06 	 9.79211e-07 
1.670 	 4.32626e-06 	 3.36445e-06 	 9.61805e-07 
1.664 	 4.22992e-06 	 3.28510e-06 	 9.44821e-07 
1.657 	 4.13601e-06 	 3.20777e-06 	 9.28245e-07 
1.651 	 4.04443e-06 	 3.13237e-06 	 9.12065e-07 
1.644 	 3.95510e-06 	 3.05883e-06 	 8.96267e-07 
1.638 	 3.86792e-06 	 2.98708e-06 	 8.80839e-07 
1.631 	 3.78283e-06 	 2.91706e-06 	 8.65772e-07 
1.625 	 3.69975e-06 	 2.84870e-06 	 8.51053e-07 
1.619 	 3.61861e-06 	 2.78193e-06 	 8.36673e-07 
1.612 	 3.53933e-06 	 2.71671e-06 	 8.22620e-07 
1.606 	 3.46185e-06 	 2.65296e-06 	 8.08886e-07 
1.600 	 3.38611e-06 	 2.59065e-06 	 7.95461e-07 
1.594 	 3.31205e-06 	 2.52971e-06 	 7.82336e-07 
1.588 	 3.23960e-06 	 2.47010e-06 	 7.69502e-07 
1.582 	 3.16872e-06 	 2.41177e-06 	 7.56951e-07 
1.576 	 3.09935e-06 	 2.35468e-06 	 7.44675e-07 
1.570 	 3.03144e-06 	 2.29878e-06 	 7.32666e-07 
1.564 	 2.96495e-06 	 2.24403e-06 	 7.20917e-07 
1.558 	 2.89982e-06 	 2.19040e-06 	 7.09420e-07 
1.553 	 2.83601e-06 	 2.13784e-06 	 6.98168e-07 
1.547 	 2.77348e-06 	 2.08632e-06 	 6.87156e-07 
1.541 	 2.71219e-06 	 2.03581e-06 	 6.76375e-07 
1.536 	 2.65209e-06 	 1.98627e-06 	 6.65820e-07 
1.530 	 2.59316e-06 	 1.93768e-06 	 6.55486e-07 
1.524 	 2.53536e-06 	 1.88999e-06 	 6.45365e-07 
1.519 	 2.47864e-06 	 1.84319e-06 	 6.35453e-07 
1.513 	 2.42298e-06 	 1.79724e-06 	 6.25743e-07 
1.508 	 2.36834e-06 	 1.75211e-06 	 6.16231e-07 
1.503 	 2.31470e-06 	 1.70779e-06 	 6.06912e-07 
1.497 	 2.26202e-06 	 1.66424e-06 	 5.97780e-07 
1.492 	 2.21027e-06 	 1.62144e-06 	 5.88830e-07 
1.487 	 2.15943e-06 	 1.57937e-06 	 5.80059e-07 
1.481 	 2.10947e-06 	 1.53800e-06 	 5.71461e-07 
1.476 	 2.06036e-06 	 1.49732e-06 	 5.63033e-07 
1.471 	 2.01207e-06 	 1.45730e-06 	 5.54769e-07 
1.466 	 1.96460e-06 	 1.41793e-06 	 5.46666e-07 
1.461 	 1.91790e-06 	 1.37918e-06 	 5.38720e-07 
1.455 	 1.87196e-06 	 1.34104e-06 	 5.30927e-07 
1.450 	 1.82676e-06 	 1.30348e-06 	 5.23284e-07 
1.445 	 1.78228e-06 	 1.26650e-06 	 5.15786e-07 
1.440 	 1.73850e-06 	 1.23007e-06 	 5.08430e-07 
1.436 	 1.69539e-06 	 1.19418e-06 	 5.01213e-07 
1.431 	 1.65295e-06 	 1.15882e-06 	 4.94132e-07 
1.426 	 1.61114e-06 	 1.12396e-06 	 4.87182e-07 
1.421 	 1.56996e-06 	 1.08960e-06 	 4.80362e-07 
1.416 	 1.52938e-06 	 1.05571e-06 	 4.73668e-07 
1.411 	 1.48939e-06 	 1.02230e-06 	 4.67098e-07 
1.407 	 1.44998e-06 	 9.89333e-07 	 4.60647e-07 
1.402 	 1.41112e-06 	 9.56809e-07 	 4.54314e-07 
1.397 	 1.37281e-06 	 9.24715e-07 	 4.48096e-07 
1.393 	 1.33503e-06 	 8.93038e-07 	 4.41991e-07 
1.388 	 1.29776e-06 	 8.61767e-07 	 4.35995e-07 
1.383 	 1.26100e-06 	 8.30892e-07 	 4.30106e-07 
1.379 	 1.22472e-06 	 8.00401e-07 	 4.24322e-07 
1.374 	 1.18892e-06 	 7.70284e-07 	 4.18640e-07 
1.370 	 1.15359e-06 	 7.40533e-07 	 4.13059e-07 
1.365 	 1.11871e-06 	 7.11136e-07 	 4.07576e-07 
1.361 	 1.08427e-06 	 6.82085e-07 	 4.02189e-07 
1.356 	 1.05027e-06 	 6.53370e-07 	 3.96895e-07 
1.352 	 1.01668e-06 	 6.24983e-07 	 3.91693e-07 
1.348 	 9.83496e-07 	 5.96915e-07 	 3.86581e-07 
1.343 	 9.50715e-07 	 5.69158e-07 	 3.81556e-07 
1.339 	 9.18322e-07 	 5.41704e-07 	 3.76618e-07 
1.335 	 8.86308e-07 	 5.14544e-07 	 3.71763e-07 
1.331 	 8.54663e-07 	 4.87672e-07 	 3.66991e-07 
1.326 	 8.23380e-07 	 4.61080e-07 	 3.62300e-07 
1.322 	 7.92449e-07 	 4.34762e-07 	 3.57687e-07 
1.318 	 7.61861e-07 	 4.08710e-07 	 3.53151e-07 
1.314 	 7.31609e-07 	 3.82918e-07 	 3.48691e-07 
1.310 	 7.01685e-07 	 3.57379e-07 	 3.44305e-07 
1.306 	 6.72080e-07 	 3.32088e-07 	 3.39992e-07 
1.302 	 6.42787e-07 	 3.07037e-07 	 3.35749e-07 
1.298 	 6.13798e-07 	 2.82222e-07 	 3.31577e-07 
1.294 	 5.85108e-07 	 2.57636e-07 	 3.27472e-07 
1.290 	 5.56707e-07 	 2.33274e-07 	 3.23434e-07 
1.286 	 5.28591e-07 	 2.09130e-07 	 3.19461e-07 
1.282 	 5.00751e-07 	 1.85199e-07 	 3.15552e-07 
1.278 	 4.73182e-07 	 1.61475e-07 	 3.11707e-07 
1.274 	 4.45877e-07 	 1.37955e-07 	 3.07922e-07 
1.270 	 4.18830e-07 	 1.14632e-07 	 3.04198e-07 
1.266 	 3.92035e-07 	 9.15016e-08 	 3.00534e-07 
1.262 	 3.65487e-07 	 6.85600e-08 	 2.96927e-07 
1.259 	 3.39179e-07 	 4.58024e-08 	 2.93377e-07 
1.255 	 3.13107e-07 	 2.32243e-08 	 2.89882e-07 
1.251 	 2.87264e-07 	 8.21695e-10 	 2.86443e-07 
1.247 	 2.61647e-07 	 -2.14097e-08 	 2.83056e-07 
1.244 	 2.36249e-07 	 -4.34737e-08 	 2.79723e-07 
1.240 	 2.11066e-07 	 -6.53744e-08 	 2.76441e-07 
1.236 	 1.86094e-07 	 -8.71156e-08 	 2.73209e-07 
1.233 	 1.61326e-07 	 -1.08701e-07 	 2.70027e-07 
1.229 	 1.36760e-07 	 -1.30134e-07 	 2.66894e-07 
1.225 	 1.12390e-07 	 -1.51418e-07 	 2.63808e-07 
1.222 	 8.82117e-08 	 -1.72557e-07 	 2.60769e-07 
1.218 	 6.42215e-08 	 -1.93555e-07 	 2.57776e-07 
1.215 	 4.04149e-08 	 -2.14414e-07 	 2.54828e-07 
1.211 	 1.67878e-08 	 -2.35137e-07 	 2.51925e-07 
1.208 	 -6.66357e-09 	 -2.55728e-07 	 2.49065e-07 
1.204 	 -2.99432e-08 	 -2.76190e-07 	 2.46247e-07 
1.201 	 -5.30549e-08 	 -2.96526e-07 	 2.43471e-07 
1.197 	 -7.60023e-08 	 -3.16739e-07 	 2.40737e-07 
1.194 	 -9.87889e-08 	 -3.36831e-07 	 2.38042e-07 
1.191 	 -1.21418e-07 	 -3.56805e-07 	 2.35387e-07 
1.187 	 -1.43894e-07 	 -3.76665e-07 	 2.32771e-07 
1.184 	 -1.66218e-07 	 -3.96412e-07 	 2.30193e-07 
1.180 	 -1.88396e-07 	 -4.16049e-07 	 2.27653e-07 
1.177 	 -2.10429e-07 	 -4.35579e-07 	 2.25150e-07 
1.174 	 -2.32321e-07 	 -4.55004e-07 	 2.22682e-07 
1.171 	 -2.54076e-07 	 -4.74326e-07 	 2.20250e-07 
1.167 	 -2.75695e-07 	 -4.93548e-07 	 2.17853e-07 
1.164 	 -2.97181e-07 	 -5.12672e-07 	 2.15490e-07 
1.161 	 -3.18539e-07 	 -5.31700e-07 	 2.13161e-07 
1.158 	 -3.39769e-07 	 -5.50634e-07 	 2.10865e-07 
1.154 	 -3.60876e-07 	 -5.69477e-07 	 2.08601e-07 
1.151 	 -3.81862e-07 	 -5.88231e-07 	 2.06369e-07 
1.148 	 -4.02729e-07 	 -6.06897e-07 	 2.04169e-07 
1.145 	 -4.23479e-07 	 -6.25479e-07 	 2.01999e-07 
1.142 	 -4.44116e-07 	 -6.43976e-07 	 1.99860e-07 
1.139 	 -4.64642e-07 	 -6.62392e-07 	 1.97750e-07 
1.136 	 -4.85059e-07 	 -6.80729e-07 	 1.95670e-07 
1.133 	 -5.05370e-07 	 -6.98988e-07 	 1.93618e-07 
1.130 	 -5.25576e-07 	 -7.17171e-07 	 1.91595e-07 
1.126 	 -5.45680e-07 	 -7.35280e-07 	 1.89599e-07 
1.123 	 -5.65685e-07 	 -7.53316e-07 	 1.87631e-07 
1.120 	 -5.85591e-07 	 -7.71281e-07 	 1.85690e-07 
1.117 	 -6.05402e-07 	 -7.89177e-07 	 1.83775e-07 
1.114 	 -6.25119e-07 	 -8.07005e-07 	 1.81885e-07 
1.112 	 -6.44745e-07 	 -8.24767e-07 	 1.80022e-07 
1.109 	 -6.64280e-07 	 -8.42464e-07 	 1.78183e-07 
1.106 	 -6.83728e-07 	 -8.60098e-07 	 1.76370e-07 
1.103 	 -7.03090e-07 	 -8.77670e-07 	 1.74580e-07 
1.100 	 -7.22367e-07 	 -8.95181e-07 	 1.72814e-07 
1.097 	 -7.41562e-07 	 -9.12634e-07 	 1.71072e-07 
1.094 	 -7.60676e-07 	 -9.30029e-07 	 1.69353e-07 
1.091 	 -7.79711e-07 	 -9.47367e-07 	 1.67657e-07 
1.088 	 -7.98668e-07 	 -9.64651e-07 	 1.65983e-07 
1.086 	 -8.17550e-07 	 -9.81881e-07 	 1.64331e-07 
1.083 	 -8.36358e-07 	 -9.99058e-07 	 1.62700e-07 
1.080 	 -8.55094e-07 	 -1.01618e-06 	 1.61091e-07 
1.077 	 -8.73758e-07 	 -1.03326e-06 	 1.59503e-07 
1.074 	 -8.92353e-07 	 -1.05029e-06 	 1.57935e-07 
1.072 	 -9.10880e-07 	 -1.06727e-06 	 1.56388e-07 
1.069 	 -9.29341e-07 	 -1.08420e-06 	 1.54861e-07 
1.066 	 -9.47737e-07 	 -1.10109e-06 	 1.53353e-07 
1.064 	 -9.66069e-07 	 -1.11793e-06 	 1.51865e-07 
1.061 	 -9.84340e-07 	 -1.13473e-06 	 1.50395e-07 
1.058 	 -1.00255e-06 	 -1.15149e-06 	 1.48945e-07 
1.055 	 -1.02070e-06 	 -1.16821e-06 	 1.47512e-07 
1.053 	 -1.03879e-06 	 -1.18489e-06 	 1.46098e-07 
1.050 	 -1.05683e-06 	 -1.20153e-06 	 1.44702e-07 
1.048 	 -1.07481e-06 	 -1.21813e-06 	 1.43323e-07 
1.045 	 -1.09273e-06 	 -1.23469e-06 	 1.41962e-07 
1.042 	 -1.11060e-06 	 -1.25122e-06 	 1.40618e-07 
1.040 	 -1.12842e-06 	 -1.26771e-06 	 1.39290e-07 
1.037 	 -1.14619e-06 	 -1.28417e-06 	 1.37979e-07 
1.035 	 -1.16391e-06 	 -1.30059e-06 	 1.36684e-07 
1.032 	 -1.18158e-06 	 -1.31698e-06 	 1.35406e-07 
1.030 	 -1.19920e-06 	 -1.33334e-06 	 1.34143e-07 
1.027 	 -1.21677e-06 	 -1.34967e-06 	 1.32895e-07 
1.024 	 -1.23430e-06 	 -1.36597e-06 	 1.31663e-07 
1.022 	 -1.25179e-06 	 -1.38224e-06 	 1.30446e-07 
1.019 	 -1.26923e-06 	 -1.39848e-06 	 1.29244e-07 
1.017 	 -1.28663e-06 	 -1.41469e-06 	 1.28057e-07 
1.015 	 -1.30399e-06 	 -1.43087e-06 	 1.26883e-07 
1.012 	 -1.32131e-06 	 -1.44703e-06 	 1.25724e-07 
1.010 	 -1.33858e-06 	 -1.46316e-06 	 1.24579e-07 
1.007 	 -1.35582e-06 	 -1.47927e-06 	 1.23448e-07 
1.005 	 -1.37302e-06 	 -1.49535e-06 	 1.22331e-07 
1.002 	 -1.39019e-06 	 -1.51141e-06 	 1.21226e-07 
1.000 	 -1.40732e-06 	 -1.52745e-06 	 1.20135e-07 
