Energy [eV] Ext Cross [um^2] Abs Cross [um^2] Sca Cross [um^2] 
3.500 	 3.45030e-02 	 4.09272e-03 	 3.04103e-02 
3.471 	 3.17591e-02 	 4.22757e-03 	 2.75316e-02 
3.442 	 2.90739e-02 	 4.35735e-03 	 2.47166e-02 
3.414 	 2.64658e-02 	 4.48302e-03 	 2.19827e-02 
3.387 	 2.39532e-02 	 4.60520e-03 	 1.93480e-02 
3.360 	 2.15550e-02 	 4.72417e-03 	 1.68308e-02 
3.333 	 1.92898e-02 	 4.83997e-03 	 1.44498e-02 
3.306 	 1.71748e-02 	 4.95247e-03 	 1.22224e-02 
3.281 	 1.52241e-02 	 5.06144e-03 	 1.01626e-02 
3.255 	 1.34494e-02 	 5.16668e-03 	 8.28273e-03 
3.230 	 1.18608e-02 	 5.26812e-03 	 6.59266e-03 
3.205 	 1.04655e-02 	 5.36581e-03 	 5.09965e-03 
3.181 	 9.26767e-03 	 5.45988e-03 	 3.80779e-03 
3.157 	 8.26969e-03 	 5.55061e-03 	 2.71908e-03 
3.133 	 7.47158e-03 	 5.63835e-03 	 1.83323e-03 
3.110 	 6.87099e-03 	 5.72354e-03 	 1.14745e-03 
3.087 	 6.46373e-03 	 5.80656e-03 	 6.57169e-04 
3.064 	 6.24428e-03 	 5.88794e-03 	 3.56340e-04 
3.042 	 6.20648e-03 	 5.96880e-03 	 2.37681e-04 
3.020 	 6.34165e-03 	 6.04883e-03 	 2.92819e-04 
2.999 	 6.64064e-03 	 6.12802e-03 	 5.12614e-04 
2.977 	 7.10222e-03 	 6.21336e-03 	 8.88853e-04 
2.956 	 7.71041e-03 	 6.29947e-03 	 1.41094e-03 
2.935 	 8.43622e-03 	 6.37152e-03 	 2.06471e-03 
2.915 	 9.33332e-03 	 6.47853e-03 	 2.85479e-03 
2.895 	 1.03595e-02 	 6.58510e-03 	 3.77443e-03 
2.875 	 1.14622e-02 	 6.69620e-03 	 4.76596e-03 
2.855 	 1.27103e-02 	 6.83131e-03 	 5.87897e-03 
2.836 	 1.40429e-02 	 6.92985e-03 	 7.11310e-03 
2.817 	 1.55113e-02 	 7.09784e-03 	 8.41343e-03 
2.798 	 1.71049e-02 	 7.30636e-03 	 9.79851e-03 
2.780 	 1.88006e-02 	 7.53015e-03 	 1.12704e-02 
2.761 	 2.06352e-02 	 7.81372e-03 	 1.28215e-02 
2.743 	 2.26404e-02 	 8.19152e-03 	 1.44489e-02 
2.725 	 2.48571e-02 	 8.69961e-03 	 1.61575e-02 
2.708 	 2.73549e-02 	 9.40112e-03 	 1.79538e-02 
2.690 	 3.02392e-02 	 1.03901e-02 	 1.98491e-02 
2.673 	 3.36694e-02 	 1.18193e-02 	 2.18501e-02 
2.656 	 3.76196e-02 	 1.36945e-02 	 2.39252e-02 
2.639 	 4.14770e-02 	 1.54872e-02 	 2.59897e-02 
2.623 	 4.49695e-02 	 1.68939e-02 	 2.80756e-02 
2.606 	 4.74723e-02 	 1.73964e-02 	 3.00759e-02 
2.590 	 4.81531e-02 	 1.63404e-02 	 3.18127e-02 
2.574 	 4.85100e-02 	 1.48288e-02 	 3.36812e-02 
2.559 	 4.97983e-02 	 1.37652e-02 	 3.60331e-02 
2.543 	 5.20392e-02 	 1.33327e-02 	 3.87065e-02 
2.528 	 5.50621e-02 	 1.35040e-02 	 4.15581e-02 
2.513 	 5.88376e-02 	 1.42457e-02 	 4.45919e-02 
2.498 	 6.34557e-02 	 1.56136e-02 	 4.78421e-02 
2.483 	 6.91023e-02 	 1.77850e-02 	 5.13173e-02 
2.468 	 7.60098e-02 	 2.10796e-02 	 5.49302e-02 
2.454 	 8.42409e-02 	 2.59200e-02 	 5.83208e-02 
2.439 	 9.29507e-02 	 3.24679e-02 	 6.04827e-02 
2.425 	 9.88895e-02 	 3.93798e-02 	 5.95097e-02 
2.411 	 9.68120e-02 	 4.25870e-02 	 5.42250e-02 
2.397 	 8.66265e-02 	 3.91018e-02 	 4.75247e-02 
2.384 	 7.55779e-02 	 3.19271e-02 	 4.36507e-02 
2.370 	 6.84202e-02 	 2.52220e-02 	 4.31982e-02 
2.357 	 6.50956e-02 	 2.03247e-02 	 4.47709e-02 
2.344 	 6.42492e-02 	 1.70084e-02 	 4.72408e-02 
2.331 	 6.48293e-02 	 1.47870e-02 	 5.00423e-02 
2.318 	 6.62161e-02 	 1.32817e-02 	 5.29344e-02 
2.305 	 6.80683e-02 	 1.22447e-02 	 5.58236e-02 
2.292 	 7.01987e-02 	 1.15199e-02 	 5.86788e-02 
2.280 	 7.25032e-02 	 1.10086e-02 	 6.14947e-02 
2.268 	 7.49226e-02 	 1.06472e-02 	 6.42754e-02 
2.255 	 7.74223e-02 	 1.03941e-02 	 6.70282e-02 
2.243 	 7.99822e-02 	 1.02211e-02 	 6.97611e-02 
2.231 	 8.25903e-02 	 1.01086e-02 	 7.24818e-02 
2.220 	 8.52401e-02 	 1.00429e-02 	 7.51972e-02 
2.208 	 8.79278e-02 	 1.00141e-02 	 7.79137e-02 
2.196 	 9.06515e-02 	 1.00150e-02 	 8.06365e-02 
2.185 	 9.34103e-02 	 1.00402e-02 	 8.33701e-02 
2.173 	 9.62040e-02 	 1.00856e-02 	 8.61184e-02 
2.162 	 9.90331e-02 	 1.01483e-02 	 8.88849e-02 
2.151 	 1.01898e-01 	 1.02256e-02 	 9.16726e-02 
2.140 	 1.04800e-01 	 1.03159e-02 	 9.44842e-02 
2.129 	 1.07740e-01 	 1.04175e-02 	 9.73220e-02 
2.118 	 1.10718e-01 	 1.05293e-02 	 1.00188e-01 
2.108 	 1.13735e-01 	 1.06504e-02 	 1.03084e-01 
2.097 	 1.16792e-01 	 1.07799e-02 	 1.06012e-01 
2.087 	 1.19890e-01 	 1.09171e-02 	 1.08973e-01 
2.076 	 1.23030e-01 	 1.10617e-02 	 1.11968e-01 
2.066 	 1.26211e-01 	 1.12131e-02 	 1.14998e-01 
2.056 	 1.29435e-01 	 1.13708e-02 	 1.18064e-01 
2.046 	 1.32702e-01 	 1.15348e-02 	 1.21167e-01 
2.036 	 1.36012e-01 	 1.17045e-02 	 1.24308e-01 
2.026 	 1.39365e-01 	 1.18797e-02 	 1.27485e-01 
2.016 	 1.42761e-01 	 1.20603e-02 	 1.30701e-01 
2.007 	 1.46200e-01 	 1.22460e-02 	 1.33954e-01 
1.997 	 1.49680e-01 	 1.24366e-02 	 1.37244e-01 
1.988 	 1.53203e-01 	 1.26318e-02 	 1.40571e-01 
1.978 	 1.56766e-01 	 1.28315e-02 	 1.43935e-01 
1.969 	 1.60369e-01 	 1.30356e-02 	 1.47333e-01 
1.960 	 1.64010e-01 	 1.32437e-02 	 1.50766e-01 
1.951 	 1.67687e-01 	 1.34557e-02 	 1.54232e-01 
1.942 	 1.71400e-01 	 1.36714e-02 	 1.57728e-01 
1.933 	 1.75145e-01 	 1.38906e-02 	 1.61255e-01 
1.924 	 1.78921e-01 	 1.41129e-02 	 1.64808e-01 
1.915 	 1.82725e-01 	 1.43381e-02 	 1.68387e-01 
1.906 	 1.86554e-01 	 1.45660e-02 	 1.71988e-01 
1.898 	 1.90404e-01 	 1.47964e-02 	 1.75607e-01 
1.889 	 1.94272e-01 	 1.50288e-02 	 1.79243e-01 
1.881 	 1.98153e-01 	 1.52630e-02 	 1.82890e-01 
1.872 	 2.02044e-01 	 1.54986e-02 	 1.86545e-01 
1.864 	 2.05940e-01 	 1.57353e-02 	 1.90204e-01 
1.855 	 2.09835e-01 	 1.59726e-02 	 1.93862e-01 
1.847 	 2.13724e-01 	 1.62100e-02 	 1.97514e-01 
1.839 	 2.17601e-01 	 1.64473e-02 	 2.01154e-01 
1.831 	 2.21461e-01 	 1.66839e-02 	 2.04777e-01 
1.823 	 2.25295e-01 	 1.69192e-02 	 2.08376e-01 
1.815 	 2.29098e-01 	 1.71528e-02 	 2.11945e-01 
1.807 	 2.32862e-01 	 1.73842e-02 	 2.15478e-01 
1.800 	 2.36580e-01 	 1.76128e-02 	 2.18967e-01 
1.792 	 2.40243e-01 	 1.78380e-02 	 2.22405e-01 
1.784 	 2.43842e-01 	 1.80592e-02 	 2.25783e-01 
1.777 	 2.47371e-01 	 1.82757e-02 	 2.29095e-01 
1.769 	 2.50819e-01 	 1.84871e-02 	 2.32332e-01 
1.762 	 2.54178e-01 	 1.86925e-02 	 2.35485e-01 
1.754 	 2.57439e-01 	 1.88914e-02 	 2.38548e-01 
1.747 	 2.60593e-01 	 1.90831e-02 	 2.41510e-01 
1.740 	 2.63630e-01 	 1.92669e-02 	 2.44363e-01 
1.733 	 2.66542e-01 	 1.94421e-02 	 2.47100e-01 
1.725 	 2.69320e-01 	 1.96082e-02 	 2.49711e-01 
1.718 	 2.71953e-01 	 1.97645e-02 	 2.52189e-01 
1.711 	 2.74435e-01 	 1.99104e-02 	 2.54525e-01 
1.704 	 2.76757e-01 	 2.00452e-02 	 2.56711e-01 
1.697 	 2.78910e-01 	 2.01685e-02 	 2.58741e-01 
1.691 	 2.80887e-01 	 2.02796e-02 	 2.60607e-01 
1.684 	 2.82681e-01 	 2.03781e-02 	 2.62303e-01 
1.677 	 2.84285e-01 	 2.04634e-02 	 2.63822e-01 
1.670 	 2.85694e-01 	 2.05353e-02 	 2.65159e-01 
1.664 	 2.86903e-01 	 2.05932e-02 	 2.66309e-01 
1.657 	 2.87906e-01 	 2.06370e-02 	 2.67269e-01 
1.651 	 2.88701e-01 	 2.06663e-02 	 2.68035e-01 
1.644 	 2.89284e-01 	 2.06809e-02 	 2.68603e-01 
1.638 	 2.89654e-01 	 2.06806e-02 	 2.68974e-01 
1.631 	 2.89810e-01 	 2.06655e-02 	 2.69144e-01 
1.625 	 2.89750e-01 	 2.06354e-02 	 2.69115e-01 
1.619 	 2.89477e-01 	 2.05905e-02 	 2.68886e-01 
1.612 	 2.88991e-01 	 2.05309e-02 	 2.68460e-01 
1.606 	 2.88295e-01 	 2.04566e-02 	 2.67838e-01 
1.600 	 2.87392e-01 	 2.03679e-02 	 2.67024e-01 
1.594 	 2.86286e-01 	 2.02652e-02 	 2.66021e-01 
1.588 	 2.84983e-01 	 2.01488e-02 	 2.64834e-01 
1.582 	 2.83487e-01 	 2.00189e-02 	 2.63468e-01 
1.576 	 2.81806e-01 	 1.98762e-02 	 2.61929e-01 
1.570 	 2.79945e-01 	 1.97211e-02 	 2.60224e-01 
1.564 	 2.77912e-01 	 1.95540e-02 	 2.58358e-01 
1.558 	 2.75716e-01 	 1.93756e-02 	 2.56340e-01 
1.553 	 2.73363e-01 	 1.91864e-02 	 2.54177e-01 
1.547 	 2.70864e-01 	 1.89871e-02 	 2.51877e-01 
1.541 	 2.68228e-01 	 1.87782e-02 	 2.49449e-01 
1.536 	 2.65462e-01 	 1.85604e-02 	 2.46901e-01 
1.530 	 2.62576e-01 	 1.83344e-02 	 2.44242e-01 
1.524 	 2.59581e-01 	 1.81009e-02 	 2.41480e-01 
1.519 	 2.56484e-01 	 1.78604e-02 	 2.38624e-01 
1.513 	 2.53296e-01 	 1.76136e-02 	 2.35683e-01 
1.508 	 2.50026e-01 	 1.73612e-02 	 2.32664e-01 
1.503 	 2.46682e-01 	 1.71039e-02 	 2.29578e-01 
1.497 	 2.43273e-01 	 1.68421e-02 	 2.26431e-01 
1.492 	 2.39809e-01 	 1.65766e-02 	 2.23233e-01 
1.487 	 2.36297e-01 	 1.63079e-02 	 2.19990e-01 
1.481 	 2.32746e-01 	 1.60367e-02 	 2.16710e-01 
1.476 	 2.29163e-01 	 1.57633e-02 	 2.13400e-01 
1.471 	 2.25556e-01 	 1.54884e-02 	 2.10068e-01 
1.466 	 2.21932e-01 	 1.52124e-02 	 2.06719e-01 
1.461 	 2.18296e-01 	 1.49359e-02 	 2.03360e-01 
1.455 	 2.14657e-01 	 1.46592e-02 	 1.99998e-01 
1.450 	 2.11019e-01 	 1.43828e-02 	 1.96636e-01 
1.445 	 2.07388e-01 	 1.41070e-02 	 1.93281e-01 
1.440 	 2.03770e-01 	 1.38322e-02 	 1.89937e-01 
1.436 	 2.00168e-01 	 1.35588e-02 	 1.86609e-01 
1.431 	 1.96588e-01 	 1.32871e-02 	 1.83301e-01 
1.426 	 1.93034e-01 	 1.30172e-02 	 1.80017e-01 
1.421 	 1.89509e-01 	 1.27496e-02 	 1.76759e-01 
1.416 	 1.86016e-01 	 1.24845e-02 	 1.73532e-01 
1.411 	 1.82560e-01 	 1.22219e-02 	 1.70338e-01 
1.407 	 1.79141e-01 	 1.19622e-02 	 1.67179e-01 
1.402 	 1.75764e-01 	 1.17055e-02 	 1.64058e-01 
1.397 	 1.72430e-01 	 1.14520e-02 	 1.60978e-01 
1.393 	 1.69140e-01 	 1.12017e-02 	 1.57939e-01 
1.388 	 1.65898e-01 	 1.09549e-02 	 1.54943e-01 
1.383 	 1.62704e-01 	 1.07116e-02 	 1.51992e-01 
1.379 	 1.59559e-01 	 1.04718e-02 	 1.49087e-01 
1.374 	 1.56464e-01 	 1.02357e-02 	 1.46228e-01 
1.370 	 1.53421e-01 	 1.00034e-02 	 1.43417e-01 
1.365 	 1.50429e-01 	 9.77477e-03 	 1.40655e-01 
1.361 	 1.47490e-01 	 9.54996e-03 	 1.37940e-01 
1.356 	 1.44604e-01 	 9.32896e-03 	 1.35275e-01 
1.352 	 1.41771e-01 	 9.11179e-03 	 1.32659e-01 
1.348 	 1.38991e-01 	 8.89845e-03 	 1.30092e-01 
1.343 	 1.36263e-01 	 8.68893e-03 	 1.27574e-01 
1.339 	 1.33589e-01 	 8.48321e-03 	 1.25106e-01 
1.335 	 1.30967e-01 	 8.28129e-03 	 1.22686e-01 
1.331 	 1.28397e-01 	 8.08314e-03 	 1.20314e-01 
1.326 	 1.25880e-01 	 7.88873e-03 	 1.17991e-01 
1.322 	 1.23414e-01 	 7.69801e-03 	 1.15716e-01 
1.318 	 1.20998e-01 	 7.51096e-03 	 1.13487e-01 
1.314 	 1.18633e-01 	 7.32754e-03 	 1.11306e-01 
1.310 	 1.16318e-01 	 7.14768e-03 	 1.09170e-01 
1.306 	 1.14052e-01 	 6.97136e-03 	 1.07080e-01 
1.302 	 1.11834e-01 	 6.79851e-03 	 1.05035e-01 
1.298 	 1.09663e-01 	 6.62908e-03 	 1.03034e-01 
1.294 	 1.07540e-01 	 6.46301e-03 	 1.01077e-01 
1.290 	 1.05462e-01 	 6.30025e-03 	 9.91621e-02 
1.286 	 1.03430e-01 	 6.14074e-03 	 9.72894e-02 
1.282 	 1.01442e-01 	 5.98443e-03 	 9.54579e-02 
1.278 	 9.94981e-02 	 5.83124e-03 	 9.36668e-02 
1.274 	 9.75966e-02 	 5.68112e-03 	 9.19155e-02 
1.270 	 9.57370e-02 	 5.53401e-03 	 9.02030e-02 
1.266 	 9.39185e-02 	 5.38985e-03 	 8.85287e-02 
1.262 	 9.21403e-02 	 5.24858e-03 	 8.68917e-02 
1.259 	 9.04014e-02 	 5.11013e-03 	 8.52913e-02 
1.255 	 8.87011e-02 	 4.97445e-03 	 8.37266e-02 
1.251 	 8.70385e-02 	 4.84148e-03 	 8.21970e-02 
1.247 	 8.54128e-02 	 4.71115e-03 	 8.07016e-02 
1.244 	 8.38231e-02 	 4.58341e-03 	 7.92397e-02 
1.240 	 8.22687e-02 	 4.45820e-03 	 7.78105e-02 
1.236 	 8.07488e-02 	 4.33546e-03 	 7.64133e-02 
1.233 	 7.92625e-02 	 4.21514e-03 	 7.50474e-02 
1.229 	 7.78091e-02 	 4.09718e-03 	 7.37120e-02 
1.225 	 7.63879e-02 	 3.98152e-03 	 7.24064e-02 
1.222 	 7.49980e-02 	 3.86811e-03 	 7.11299e-02 
1.218 	 7.36387e-02 	 3.75689e-03 	 6.98818e-02 
1.215 	 7.23093e-02 	 3.64782e-03 	 6.86615e-02 
1.211 	 7.10091e-02 	 3.54085e-03 	 6.74682e-02 
1.208 	 6.97373e-02 	 3.43591e-03 	 6.63014e-02 
1.204 	 6.84934e-02 	 3.33297e-03 	 6.51604e-02 
1.201 	 6.72766e-02 	 3.23197e-03 	 6.40446e-02 
1.197 	 6.60862e-02 	 3.13286e-03 	 6.29533e-02 
1.194 	 6.49216e-02 	 3.03561e-03 	 6.18860e-02 
1.191 	 6.37822e-02 	 2.94016e-03 	 6.08420e-02 
1.187 	 6.26673e-02 	 2.84648e-03 	 5.98209e-02 
1.184 	 6.15765e-02 	 2.75451e-03 	 5.88220e-02 
1.180 	 6.05090e-02 	 2.66421e-03 	 5.78447e-02 
1.177 	 5.94642e-02 	 2.57555e-03 	 5.68887e-02 
1.174 	 5.84417e-02 	 2.48849e-03 	 5.59533e-02 
1.171 	 5.74409e-02 	 2.40297e-03 	 5.50380e-02 
1.167 	 5.64613e-02 	 2.31898e-03 	 5.41423e-02 
1.164 	 5.55022e-02 	 2.23646e-03 	 5.32658e-02 
1.161 	 5.45633e-02 	 2.15538e-03 	 5.24080e-02 
1.158 	 5.36440e-02 	 2.07571e-03 	 5.15683e-02 
1.154 	 5.27439e-02 	 1.99741e-03 	 5.07465e-02 
1.151 	 5.18624e-02 	 1.92045e-03 	 4.99420e-02 
1.148 	 5.09991e-02 	 1.84479e-03 	 4.91543e-02 
1.145 	 5.01536e-02 	 1.77041e-03 	 4.83832e-02 
1.142 	 4.93254e-02 	 1.69726e-03 	 4.76282e-02 
1.139 	 4.85141e-02 	 1.62533e-03 	 4.68888e-02 
1.136 	 4.77193e-02 	 1.55457e-03 	 4.61647e-02 
1.133 	 4.69406e-02 	 1.48497e-03 	 4.54556e-02 
1.130 	 4.61775e-02 	 1.41649e-03 	 4.47611e-02 
1.126 	 4.54298e-02 	 1.34911e-03 	 4.40807e-02 
1.123 	 4.46970e-02 	 1.28280e-03 	 4.34142e-02 
1.120 	 4.39788e-02 	 1.21752e-03 	 4.27613e-02 
1.117 	 4.32748e-02 	 1.15327e-03 	 4.21215e-02 
1.114 	 4.25847e-02 	 1.09001e-03 	 4.14946e-02 
1.112 	 4.19081e-02 	 1.02772e-03 	 4.08803e-02 
1.109 	 4.12447e-02 	 9.66370e-04 	 4.02783e-02 
1.106 	 4.05942e-02 	 9.05945e-04 	 3.96883e-02 
1.103 	 3.99563e-02 	 8.46422e-04 	 3.91099e-02 
1.100 	 3.93307e-02 	 7.87777e-04 	 3.85429e-02 
1.097 	 3.87171e-02 	 7.29990e-04 	 3.79871e-02 
1.094 	 3.81152e-02 	 6.73040e-04 	 3.74422e-02 
1.091 	 3.75247e-02 	 6.16907e-04 	 3.69078e-02 
1.088 	 3.69454e-02 	 5.61572e-04 	 3.63839e-02 
1.086 	 3.63770e-02 	 5.07016e-04 	 3.58700e-02 
1.083 	 3.58193e-02 	 4.53221e-04 	 3.53661e-02 
1.080 	 3.52719e-02 	 4.00167e-04 	 3.48718e-02 
1.077 	 3.47347e-02 	 3.47839e-04 	 3.43869e-02 
1.074 	 3.42074e-02 	 2.96218e-04 	 3.39112e-02 
1.072 	 3.36898e-02 	 2.45289e-04 	 3.34445e-02 
1.069 	 3.31817e-02 	 1.95035e-04 	 3.29866e-02 
1.066 	 3.26828e-02 	 1.45439e-04 	 3.25373e-02 
1.064 	 3.21929e-02 	 9.64877e-05 	 3.20964e-02 
1.061 	 3.17119e-02 	 4.81651e-05 	 3.16637e-02 
1.058 	 3.12395e-02 	 4.56775e-07 	 3.12390e-02 
1.055 	 3.07755e-02 	 -4.66514e-05 	 3.08221e-02 
1.053 	 3.03197e-02 	 -9.31732e-05 	 3.04129e-02 
1.050 	 2.98720e-02 	 -1.39122e-04 	 3.00112e-02 
1.048 	 2.94322e-02 	 -1.84511e-04 	 2.96167e-02 
1.045 	 2.90001e-02 	 -2.29353e-04 	 2.92294e-02 
1.042 	 2.85755e-02 	 -2.73660e-04 	 2.88491e-02 
1.040 	 2.81582e-02 	 -3.17445e-04 	 2.84757e-02 
1.037 	 2.77482e-02 	 -3.60718e-04 	 2.81089e-02 
1.035 	 2.73451e-02 	 -4.03493e-04 	 2.77486e-02 
1.032 	 2.69490e-02 	 -4.45779e-04 	 2.73947e-02 
1.030 	 2.65595e-02 	 -4.87588e-04 	 2.70471e-02 
1.027 	 2.61767e-02 	 -5.28931e-04 	 2.67056e-02 
1.024 	 2.58002e-02 	 -5.69818e-04 	 2.63701e-02 
1.022 	 2.54301e-02 	 -6.10258e-04 	 2.60404e-02 
1.019 	 2.50661e-02 	 -6.50263e-04 	 2.57164e-02 
1.017 	 2.47082e-02 	 -6.89841e-04 	 2.53980e-02 
1.015 	 2.43562e-02 	 -7.29002e-04 	 2.50852e-02 
1.012 	 2.40099e-02 	 -7.67755e-04 	 2.47776e-02 
1.010 	 2.36692e-02 	 -8.06109e-04 	 2.44753e-02 
1.007 	 2.33341e-02 	 -8.44074e-04 	 2.41782e-02 
1.005 	 2.30044e-02 	 -8.81656e-04 	 2.38861e-02 
1.002 	 2.26800e-02 	 -9.18865e-04 	 2.35989e-02 
1.000 	 2.23608e-02 	 -9.55710e-04 	 2.33165e-02 
