Energy [eV] Ext Cross [um^2] Abs Cross [um^2] Sca Cross [um^2] 
3.500 	 7.89437e-03 	 1.90762e-03 	 5.98675e-03 
3.471 	 7.15690e-03 	 1.91858e-03 	 5.23832e-03 
3.442 	 6.48398e-03 	 1.93025e-03 	 4.55372e-03 
3.414 	 5.87262e-03 	 1.94273e-03 	 3.92989e-03 
3.387 	 5.31967e-03 	 1.95603e-03 	 3.36364e-03 
3.360 	 4.82212e-03 	 1.97022e-03 	 2.85190e-03 
3.333 	 4.37725e-03 	 1.98535e-03 	 2.39190e-03 
3.306 	 3.98247e-03 	 2.00146e-03 	 1.98101e-03 
3.281 	 3.63506e-03 	 2.01858e-03 	 1.61647e-03 
3.255 	 3.33252e-03 	 2.03674e-03 	 1.29578e-03 
3.230 	 3.07259e-03 	 2.05597e-03 	 1.01661e-03 
3.205 	 2.85308e-03 	 2.07632e-03 	 7.76764e-04 
3.181 	 2.67185e-03 	 2.09778e-03 	 5.74065e-04 
3.157 	 2.52695e-03 	 2.12041e-03 	 4.06546e-04 
3.133 	 2.41659e-03 	 2.14422e-03 	 2.72367e-04 
3.110 	 2.33900e-03 	 2.16925e-03 	 1.69748e-04 
3.087 	 2.29254e-03 	 2.19550e-03 	 9.70372e-05 
3.064 	 2.27569e-03 	 2.22298e-03 	 5.27040e-05 
3.042 	 2.28727e-03 	 2.25194e-03 	 3.53258e-05 
3.020 	 2.32559e-03 	 2.28203e-03 	 4.35571e-05 
2.999 	 2.38909e-03 	 2.31296e-03 	 7.61312e-05 
2.977 	 2.47929e-03 	 2.34722e-03 	 1.32074e-04 
2.956 	 2.59247e-03 	 2.38231e-03 	 2.10158e-04 
2.935 	 2.72054e-03 	 2.41190e-03 	 3.08636e-04 
2.915 	 2.88390e-03 	 2.45507e-03 	 4.28833e-04 
2.895 	 3.06722e-03 	 2.49703e-03 	 5.70191e-04 
2.875 	 3.26330e-03 	 2.53903e-03 	 7.24262e-04 
2.855 	 3.48731e-03 	 2.58798e-03 	 8.99331e-04 
2.836 	 3.71383e-03 	 2.61844e-03 	 1.09539e-03 
2.817 	 3.97670e-03 	 2.67177e-03 	 1.30492e-03 
2.798 	 4.26536e-03 	 2.73437e-03 	 1.53099e-03 
2.780 	 4.56726e-03 	 2.79357e-03 	 1.77369e-03 
2.761 	 4.89576e-03 	 2.86357e-03 	 2.03219e-03 
2.743 	 5.25916e-03 	 2.95307e-03 	 2.30608e-03 
2.725 	 5.66552e-03 	 3.06978e-03 	 2.59574e-03 
2.708 	 6.13188e-03 	 3.23047e-03 	 2.90141e-03 
2.690 	 6.66331e-03 	 3.44055e-03 	 3.22276e-03 
2.673 	 7.15979e-03 	 3.60397e-03 	 3.55582e-03 
2.656 	 7.47413e-03 	 3.57685e-03 	 3.89729e-03 
2.639 	 7.72666e-03 	 3.47468e-03 	 4.25199e-03 
2.623 	 8.04614e-03 	 3.42371e-03 	 4.62243e-03 
2.606 	 8.43257e-03 	 3.42519e-03 	 5.00738e-03 
2.590 	 8.86500e-03 	 3.45863e-03 	 5.40637e-03 
2.574 	 9.32965e-03 	 3.51140e-03 	 5.81825e-03 
2.559 	 9.81499e-03 	 3.57196e-03 	 6.24303e-03 
2.543 	 1.03216e-02 	 3.63795e-03 	 6.68364e-03 
2.528 	 1.08562e-02 	 3.71566e-03 	 7.14052e-03 
2.513 	 1.14213e-02 	 3.80839e-03 	 7.61295e-03 
2.498 	 1.20175e-02 	 3.91572e-03 	 8.10177e-03 
2.483 	 1.26351e-02 	 4.02588e-03 	 8.60922e-03 
2.468 	 1.32553e-02 	 4.12096e-03 	 9.13434e-03 
2.454 	 1.38843e-02 	 4.21119e-03 	 9.67314e-03 
2.439 	 1.45409e-02 	 4.31541e-03 	 1.02255e-02 
2.425 	 1.52328e-02 	 4.43957e-03 	 1.07933e-02 
2.411 	 1.59635e-02 	 4.58575e-03 	 1.13777e-02 
2.397 	 1.67379e-02 	 4.75800e-03 	 1.19799e-02 
2.384 	 1.75648e-02 	 4.96406e-03 	 1.26008e-02 
2.370 	 1.84589e-02 	 5.21696e-03 	 1.32420e-02 
2.357 	 1.94440e-02 	 5.53809e-03 	 1.39059e-02 
2.344 	 2.05593e-02 	 5.96213e-03 	 1.45971e-02 
2.331 	 2.18683e-02 	 6.54354e-03 	 1.53248e-02 
2.318 	 2.34632e-02 	 7.35638e-03 	 1.61068e-02 
2.305 	 2.54220e-02 	 8.44750e-03 	 1.69745e-02 
2.292 	 2.76005e-02 	 9.64263e-03 	 1.79578e-02 
2.280 	 2.93221e-02 	 1.03069e-02 	 1.90152e-02 
2.268 	 2.99421e-02 	 9.93381e-03 	 2.00083e-02 
2.255 	 2.98836e-02 	 9.00040e-03 	 2.08832e-02 
2.243 	 2.98667e-02 	 8.15683e-03 	 2.17098e-02 
2.231 	 3.01438e-02 	 7.59249e-03 	 2.25513e-02 
2.220 	 3.06961e-02 	 7.26411e-03 	 2.34320e-02 
2.208 	 3.14552e-02 	 7.09739e-03 	 2.43579e-02 
2.196 	 3.23661e-02 	 7.03720e-03 	 2.53289e-02 
2.185 	 3.33926e-02 	 7.04838e-03 	 2.63443e-02 
2.173 	 3.45127e-02 	 7.10919e-03 	 2.74035e-02 
2.162 	 3.57126e-02 	 7.20609e-03 	 2.85066e-02 
2.151 	 3.69846e-02 	 7.33056e-03 	 2.96541e-02 
2.140 	 3.83241e-02 	 7.47712e-03 	 3.08470e-02 
2.129 	 3.97289e-02 	 7.64219e-03 	 3.20867e-02 
2.118 	 4.11981e-02 	 7.82344e-03 	 3.33746e-02 
2.108 	 4.27319e-02 	 8.01934e-03 	 3.47126e-02 
2.097 	 4.43315e-02 	 8.22892e-03 	 3.61026e-02 
2.087 	 4.59984e-02 	 8.45160e-03 	 3.75468e-02 
2.076 	 4.77346e-02 	 8.68706e-03 	 3.90475e-02 
2.066 	 4.95426e-02 	 8.93521e-03 	 4.06073e-02 
2.056 	 5.14251e-02 	 9.19611e-03 	 4.22290e-02 
2.046 	 5.33851e-02 	 9.46992e-03 	 4.39151e-02 
2.036 	 5.54258e-02 	 9.75693e-03 	 4.56689e-02 
2.026 	 5.75508e-02 	 1.00575e-02 	 4.74933e-02 
2.016 	 5.97638e-02 	 1.03720e-02 	 4.93918e-02 
2.007 	 6.20687e-02 	 1.07009e-02 	 5.13678e-02 
1.997 	 6.44698e-02 	 1.10448e-02 	 5.34250e-02 
1.988 	 6.69713e-02 	 1.14041e-02 	 5.55672e-02 
1.978 	 6.95776e-02 	 1.17797e-02 	 5.77980e-02 
1.969 	 7.22934e-02 	 1.21719e-02 	 6.01215e-02 
1.960 	 7.51233e-02 	 1.25816e-02 	 6.25417e-02 
1.951 	 7.80725e-02 	 1.30094e-02 	 6.50631e-02 
1.942 	 8.11462e-02 	 1.34561e-02 	 6.76901e-02 
1.933 	 8.43499e-02 	 1.39224e-02 	 7.04274e-02 
1.924 	 8.76888e-02 	 1.44091e-02 	 7.32797e-02 
1.915 	 9.11683e-02 	 1.49169e-02 	 7.62514e-02 
1.906 	 9.47938e-02 	 1.54467e-02 	 7.93472e-02 
1.898 	 9.85705e-02 	 1.59991e-02 	 8.25714e-02 
1.889 	 1.02504e-01 	 1.65750e-02 	 8.59287e-02 
1.881 	 1.06598e-01 	 1.71750e-02 	 8.94232e-02 
1.872 	 1.10859e-01 	 1.77999e-02 	 9.30591e-02 
1.864 	 1.15291e-01 	 1.84503e-02 	 9.68403e-02 
1.855 	 1.19897e-01 	 1.91266e-02 	 1.00770e-01 
1.847 	 1.24681e-01 	 1.98294e-02 	 1.04851e-01 
1.839 	 1.29646e-01 	 2.05590e-02 	 1.09087e-01 
1.831 	 1.34792e-01 	 2.13156e-02 	 1.13477e-01 
1.823 	 1.40122e-01 	 2.20992e-02 	 1.18023e-01 
1.815 	 1.45633e-01 	 2.29096e-02 	 1.22723e-01 
1.807 	 1.51323e-01 	 2.37464e-02 	 1.27577e-01 
1.800 	 1.57187e-01 	 2.46088e-02 	 1.32578e-01 
1.792 	 1.63219e-01 	 2.54958e-02 	 1.37723e-01 
1.784 	 1.69409e-01 	 2.64058e-02 	 1.43003e-01 
1.777 	 1.75745e-01 	 2.73372e-02 	 1.48408e-01 
1.769 	 1.82212e-01 	 2.82874e-02 	 1.53925e-01 
1.762 	 1.88792e-01 	 2.92537e-02 	 1.59538e-01 
1.754 	 1.95461e-01 	 3.02327e-02 	 1.65229e-01 
1.747 	 2.02194e-01 	 3.12203e-02 	 1.70974e-01 
1.740 	 2.08960e-01 	 3.22118e-02 	 1.76749e-01 
1.733 	 2.15724e-01 	 3.32021e-02 	 1.82522e-01 
1.725 	 2.22447e-01 	 3.41852e-02 	 1.88262e-01 
1.718 	 2.29085e-01 	 3.51545e-02 	 1.93930e-01 
1.711 	 2.35590e-01 	 3.61029e-02 	 1.99487e-01 
1.704 	 2.41912e-01 	 3.70229e-02 	 2.04889e-01 
1.697 	 2.47997e-01 	 3.79062e-02 	 2.10091e-01 
1.691 	 2.53789e-01 	 3.87447e-02 	 2.15044e-01 
1.684 	 2.59231e-01 	 3.95298e-02 	 2.19701e-01 
1.677 	 2.64266e-01 	 4.02530e-02 	 2.24013e-01 
1.670 	 2.68839e-01 	 4.09062e-02 	 2.27933e-01 
1.664 	 2.72897e-01 	 4.14815e-02 	 2.31416e-01 
1.657 	 2.76392e-01 	 4.19718e-02 	 2.34420e-01 
1.651 	 2.79281e-01 	 4.23708e-02 	 2.36910e-01 
1.644 	 2.81527e-01 	 4.26734e-02 	 2.38854e-01 
1.638 	 2.83105e-01 	 4.28756e-02 	 2.40230e-01 
1.631 	 2.83996e-01 	 4.29748e-02 	 2.41021e-01 
1.625 	 2.84190e-01 	 4.29698e-02 	 2.41220e-01 
1.619 	 2.83689e-01 	 4.28611e-02 	 2.40828e-01 
1.612 	 2.82505e-01 	 4.26505e-02 	 2.39854e-01 
1.606 	 2.80658e-01 	 4.23411e-02 	 2.38316e-01 
1.600 	 2.78177e-01 	 4.19376e-02 	 2.36239e-01 
1.594 	 2.75099e-01 	 4.14456e-02 	 2.33653e-01 
1.588 	 2.71467e-01 	 4.08716e-02 	 2.30596e-01 
1.582 	 2.67331e-01 	 4.02231e-02 	 2.27108e-01 
1.576 	 2.62741e-01 	 3.95079e-02 	 2.23234e-01 
1.570 	 2.57754e-01 	 3.87341e-02 	 2.19019e-01 
1.564 	 2.52422e-01 	 3.79101e-02 	 2.14512e-01 
1.558 	 2.46803e-01 	 3.70442e-02 	 2.09758e-01 
1.553 	 2.40948e-01 	 3.61444e-02 	 2.04804e-01 
1.547 	 2.34911e-01 	 3.52184e-02 	 1.99692e-01 
1.541 	 2.28738e-01 	 3.42734e-02 	 1.94465e-01 
1.536 	 2.22476e-01 	 3.33160e-02 	 1.89160e-01 
1.530 	 2.16164e-01 	 3.23524e-02 	 1.83812e-01 
1.524 	 2.09840e-01 	 3.13881e-02 	 1.78452e-01 
1.519 	 2.03538e-01 	 3.04280e-02 	 1.73110e-01 
1.513 	 1.97285e-01 	 2.94764e-02 	 1.67809e-01 
1.508 	 1.91107e-01 	 2.85368e-02 	 1.62570e-01 
1.503 	 1.85025e-01 	 2.76125e-02 	 1.57413e-01 
1.497 	 1.79057e-01 	 2.67060e-02 	 1.52351e-01 
1.492 	 1.73218e-01 	 2.58195e-02 	 1.47398e-01 
1.487 	 1.67519e-01 	 2.49546e-02 	 1.42564e-01 
1.481 	 1.61969e-01 	 2.41127e-02 	 1.37856e-01 
1.476 	 1.56575e-01 	 2.32948e-02 	 1.33280e-01 
1.471 	 1.51341e-01 	 2.25014e-02 	 1.28840e-01 
1.466 	 1.46272e-01 	 2.17330e-02 	 1.24539e-01 
1.461 	 1.41368e-01 	 2.09899e-02 	 1.20378e-01 
1.455 	 1.36629e-01 	 2.02718e-02 	 1.16358e-01 
1.450 	 1.32055e-01 	 1.95788e-02 	 1.12476e-01 
1.445 	 1.27644e-01 	 1.89105e-02 	 1.08733e-01 
1.440 	 1.23392e-01 	 1.82664e-02 	 1.05126e-01 
1.436 	 1.19298e-01 	 1.76460e-02 	 1.01652e-01 
1.431 	 1.15357e-01 	 1.70489e-02 	 9.83079e-02 
1.426 	 1.11565e-01 	 1.64743e-02 	 9.50905e-02 
1.421 	 1.07918e-01 	 1.59215e-02 	 9.19962e-02 
1.416 	 1.04411e-01 	 1.53900e-02 	 8.90210e-02 
1.411 	 1.01040e-01 	 1.48789e-02 	 8.61611e-02 
1.407 	 9.77999e-02 	 1.43875e-02 	 8.34124e-02 
1.402 	 9.46862e-02 	 1.39152e-02 	 8.07710e-02 
1.397 	 9.16941e-02 	 1.34612e-02 	 7.82329e-02 
1.393 	 8.88188e-02 	 1.30247e-02 	 7.57941e-02 
1.388 	 8.60558e-02 	 1.26052e-02 	 7.34506e-02 
1.383 	 8.34006e-02 	 1.22018e-02 	 7.11988e-02 
1.379 	 8.08487e-02 	 1.18140e-02 	 6.90347e-02 
1.374 	 7.83959e-02 	 1.14411e-02 	 6.69549e-02 
1.370 	 7.60381e-02 	 1.10824e-02 	 6.49557e-02 
1.365 	 7.37711e-02 	 1.07373e-02 	 6.30338e-02 
1.361 	 7.15912e-02 	 1.04054e-02 	 6.11858e-02 
1.356 	 6.94945e-02 	 1.00859e-02 	 5.94086e-02 
1.352 	 6.74775e-02 	 9.77836e-03 	 5.76992e-02 
1.348 	 6.55368e-02 	 9.48226e-03 	 5.60545e-02 
1.343 	 6.36690e-02 	 9.19709e-03 	 5.44719e-02 
1.339 	 6.18709e-02 	 8.92237e-03 	 5.29486e-02 
1.335 	 6.01396e-02 	 8.65764e-03 	 5.14819e-02 
1.331 	 5.84721e-02 	 8.40248e-03 	 5.00696e-02 
1.326 	 5.68656e-02 	 8.15645e-03 	 4.87091e-02 
1.322 	 5.53175e-02 	 7.91917e-03 	 4.73984e-02 
1.318 	 5.38253e-02 	 7.69025e-03 	 4.61351e-02 
1.314 	 5.23866e-02 	 7.46934e-03 	 4.49173e-02 
1.310 	 5.09990e-02 	 7.25607e-03 	 4.37430e-02 
1.306 	 4.96604e-02 	 7.05014e-03 	 4.26103e-02 
1.302 	 4.83687e-02 	 6.85121e-03 	 4.15175e-02 
1.298 	 4.71219e-02 	 6.65900e-03 	 4.04629e-02 
1.294 	 4.59180e-02 	 6.47321e-03 	 3.94448e-02 
1.290 	 4.47553e-02 	 6.29358e-03 	 3.84617e-02 
1.286 	 4.36321e-02 	 6.11984e-03 	 3.75122e-02 
1.282 	 4.25466e-02 	 5.95175e-03 	 3.65949e-02 
1.278 	 4.14974e-02 	 5.78907e-03 	 3.57083e-02 
1.274 	 4.04829e-02 	 5.63158e-03 	 3.48513e-02 
1.270 	 3.95017e-02 	 5.47907e-03 	 3.40226e-02 
1.266 	 3.85524e-02 	 5.33133e-03 	 3.32211e-02 
1.262 	 3.76338e-02 	 5.18816e-03 	 3.24456e-02 
1.259 	 3.67446e-02 	 5.04939e-03 	 3.16952e-02 
1.255 	 3.58836e-02 	 4.91483e-03 	 3.09688e-02 
1.251 	 3.50498e-02 	 4.78432e-03 	 3.02655e-02 
1.247 	 3.42420e-02 	 4.65769e-03 	 2.95843e-02 
1.244 	 3.34592e-02 	 4.53481e-03 	 2.89244e-02 
1.240 	 3.27004e-02 	 4.41551e-03 	 2.82849e-02 
1.236 	 3.19648e-02 	 4.29966e-03 	 2.76652e-02 
1.233 	 3.12514e-02 	 4.18712e-03 	 2.70643e-02 
1.229 	 3.05594e-02 	 4.07778e-03 	 2.64816e-02 
1.225 	 2.98879e-02 	 3.97150e-03 	 2.59164e-02 
1.222 	 2.92362e-02 	 3.86818e-03 	 2.53680e-02 
1.218 	 2.86035e-02 	 3.76769e-03 	 2.48358e-02 
1.215 	 2.79892e-02 	 3.66994e-03 	 2.43192e-02 
1.211 	 2.73925e-02 	 3.57483e-03 	 2.38177e-02 
1.208 	 2.68129e-02 	 3.48225e-03 	 2.33306e-02 
1.204 	 2.62496e-02 	 3.39211e-03 	 2.28575e-02 
1.201 	 2.57021e-02 	 3.30433e-03 	 2.23978e-02 
1.197 	 2.51699e-02 	 3.21883e-03 	 2.19511e-02 
1.194 	 2.46523e-02 	 3.13551e-03 	 2.15168e-02 
1.191 	 2.41489e-02 	 3.05430e-03 	 2.10946e-02 
1.187 	 2.36592e-02 	 2.97513e-03 	 2.06841e-02 
1.184 	 2.31827e-02 	 2.89793e-03 	 2.02847e-02 
1.180 	 2.27188e-02 	 2.82263e-03 	 1.98962e-02 
1.177 	 2.22673e-02 	 2.74915e-03 	 1.95182e-02 
1.174 	 2.18277e-02 	 2.67745e-03 	 1.91502e-02 
1.171 	 2.13995e-02 	 2.60746e-03 	 1.87921e-02 
1.167 	 2.09824e-02 	 2.53912e-03 	 1.84433e-02 
1.164 	 2.05760e-02 	 2.47238e-03 	 1.81037e-02 
1.161 	 2.01800e-02 	 2.40718e-03 	 1.77728e-02 
1.158 	 1.97940e-02 	 2.34347e-03 	 1.74505e-02 
1.154 	 1.94177e-02 	 2.28120e-03 	 1.71365e-02 
1.151 	 1.90507e-02 	 2.22034e-03 	 1.68304e-02 
1.148 	 1.86928e-02 	 2.16082e-03 	 1.65320e-02 
1.145 	 1.83437e-02 	 2.10261e-03 	 1.62411e-02 
1.142 	 1.80030e-02 	 2.04566e-03 	 1.59574e-02 
1.139 	 1.76706e-02 	 1.98994e-03 	 1.56807e-02 
1.136 	 1.73461e-02 	 1.93541e-03 	 1.54107e-02 
1.133 	 1.70294e-02 	 1.88202e-03 	 1.51474e-02 
1.130 	 1.67201e-02 	 1.82975e-03 	 1.48904e-02 
1.126 	 1.64181e-02 	 1.77856e-03 	 1.46396e-02 
1.123 	 1.61231e-02 	 1.72841e-03 	 1.43947e-02 
1.120 	 1.58349e-02 	 1.67928e-03 	 1.41556e-02 
1.117 	 1.55533e-02 	 1.63113e-03 	 1.39222e-02 
1.114 	 1.52781e-02 	 1.58393e-03 	 1.36942e-02 
1.112 	 1.50092e-02 	 1.53766e-03 	 1.34715e-02 
1.109 	 1.47462e-02 	 1.49229e-03 	 1.32539e-02 
1.106 	 1.44891e-02 	 1.44779e-03 	 1.30413e-02 
1.103 	 1.42377e-02 	 1.40413e-03 	 1.28335e-02 
1.100 	 1.39917e-02 	 1.36130e-03 	 1.26304e-02 
1.097 	 1.37512e-02 	 1.31926e-03 	 1.24319e-02 
1.094 	 1.35158e-02 	 1.27799e-03 	 1.22378e-02 
1.091 	 1.32855e-02 	 1.23748e-03 	 1.20480e-02 
1.088 	 1.30601e-02 	 1.19770e-03 	 1.18624e-02 
1.086 	 1.28394e-02 	 1.15862e-03 	 1.16808e-02 
1.083 	 1.26234e-02 	 1.12024e-03 	 1.15032e-02 
1.080 	 1.24119e-02 	 1.08253e-03 	 1.13294e-02 
1.077 	 1.22048e-02 	 1.04547e-03 	 1.11593e-02 
1.074 	 1.20019e-02 	 1.00904e-03 	 1.09929e-02 
1.072 	 1.18032e-02 	 9.73230e-04 	 1.08299e-02 
1.069 	 1.16085e-02 	 9.38019e-04 	 1.06705e-02 
1.066 	 1.14177e-02 	 9.03391e-04 	 1.05143e-02 
1.064 	 1.12307e-02 	 8.69331e-04 	 1.03614e-02 
1.061 	 1.10475e-02 	 8.35822e-04 	 1.02116e-02 
1.058 	 1.08678e-02 	 8.02851e-04 	 1.00650e-02 
1.055 	 1.06917e-02 	 7.70403e-04 	 9.92131e-03 
1.053 	 1.05190e-02 	 7.38464e-04 	 9.78055e-03 
1.050 	 1.03497e-02 	 7.07022e-04 	 9.64263e-03 
1.048 	 1.01835e-02 	 6.76062e-04 	 9.50749e-03 
1.045 	 1.00206e-02 	 6.45573e-04 	 9.37503e-03 
1.042 	 9.86075e-03 	 6.15543e-04 	 9.24521e-03 
1.040 	 9.70390e-03 	 5.85959e-04 	 9.11794e-03 
1.037 	 9.54998e-03 	 5.56811e-04 	 8.99316e-03 
1.035 	 9.39891e-03 	 5.28087e-04 	 8.87082e-03 
1.032 	 9.25063e-03 	 4.99777e-04 	 8.75085e-03 
1.030 	 9.10506e-03 	 4.71870e-04 	 8.63319e-03 
1.027 	 8.96215e-03 	 4.44356e-04 	 8.51779e-03 
1.024 	 8.82181e-03 	 4.17226e-04 	 8.40458e-03 
1.022 	 8.68399e-03 	 3.90470e-04 	 8.29352e-03 
1.019 	 8.54863e-03 	 3.64078e-04 	 8.18455e-03 
1.017 	 8.41567e-03 	 3.38042e-04 	 8.07763e-03 
1.015 	 8.28505e-03 	 3.12354e-04 	 7.97269e-03 
1.012 	 8.15671e-03 	 2.87004e-04 	 7.86970e-03 
1.010 	 8.03060e-03 	 2.61984e-04 	 7.76861e-03 
1.007 	 7.90666e-03 	 2.37287e-04 	 7.66938e-03 
1.005 	 7.78485e-03 	 2.12905e-04 	 7.57195e-03 
1.002 	 7.66512e-03 	 1.88831e-04 	 7.47629e-03 
1.000 	 7.54741e-03 	 1.65056e-04 	 7.38235e-03 
