Energy [eV] Ext Cross [um^2] Abs Cross [um^2] Sca Cross [um^2] 
2.500 	 4.13286e-04 	 3.41922e-04 	 7.13637e-05 
2.474 	 4.46520e-04 	 3.66101e-04 	 8.04193e-05 
2.448 	 4.84970e-04 	 3.94598e-04 	 9.03728e-05 
2.423 	 5.29597e-04 	 4.28189e-04 	 1.01408e-04 
2.398 	 5.79753e-04 	 4.66020e-04 	 1.13733e-04 
2.374 	 6.39167e-04 	 5.11588e-04 	 1.27579e-04 
2.351 	 7.11486e-04 	 5.68145e-04 	 1.43341e-04 
2.327 	 8.00777e-04 	 6.39126e-04 	 1.61651e-04 
2.305 	 9.15922e-04 	 7.32631e-04 	 1.83291e-04 
2.282 	 1.06817e-03 	 8.59096e-04 	 2.09079e-04 
2.261 	 1.26209e-03 	 1.02216e-03 	 2.39928e-04 
2.239 	 1.50921e-03 	 1.22984e-03 	 2.79377e-04 
2.218 	 1.87102e-03 	 1.53829e-03 	 3.32731e-04 
2.197 	 2.43196e-03 	 2.02547e-03 	 4.06489e-04 
2.177 	 3.33841e-03 	 2.82722e-03 	 5.11193e-04 
2.157 	 4.83140e-03 	 4.17379e-03 	 6.57608e-04 
2.138 	 7.07287e-03 	 6.23419e-03 	 8.38675e-04 
2.119 	 1.00601e-02 	 9.00815e-03 	 1.05191e-03 
2.100 	 1.31739e-02 	 1.19729e-02 	 1.20097e-03 
2.081 	 1.25026e-02 	 1.15484e-02 	 9.54192e-04 
2.063 	 8.62293e-03 	 8.08933e-03 	 5.33593e-04 
2.045 	 5.50903e-03 	 5.23516e-03 	 2.73868e-04 
2.028 	 3.69853e-03 	 3.54676e-03 	 1.51762e-04 
2.010 	 2.67662e-03 	 2.57905e-03 	 9.75759e-05 
1.993 	 2.08133e-03 	 2.00641e-03 	 7.49251e-05 
1.977 	 1.72708e-03 	 1.65956e-03 	 6.75232e-05 
1.960 	 1.52106e-03 	 1.45320e-03 	 6.78569e-05 
1.944 	 1.40226e-03 	 1.33036e-03 	 7.19016e-05 
1.928 	 1.29698e-03 	 1.21987e-03 	 7.71152e-05 
1.913 	 1.17509e-03 	 1.09196e-03 	 8.31334e-05 
1.897 	 1.07498e-03 	 9.84523e-04 	 9.04616e-05 
1.882 	 1.00899e-03 	 9.10221e-04 	 9.87726e-05 
1.867 	 9.68417e-04 	 8.60778e-04 	 1.07639e-04 
1.853 	 9.44801e-04 	 8.27973e-04 	 1.16828e-04 
1.838 	 9.32838e-04 	 8.06610e-04 	 1.26228e-04 
1.824 	 9.29323e-04 	 7.93531e-04 	 1.35792e-04 
1.810 	 9.32257e-04 	 7.86757e-04 	 1.45500e-04 
1.796 	 9.40342e-04 	 7.84993e-04 	 1.55349e-04 
1.783 	 9.52710e-04 	 7.87363e-04 	 1.65347e-04 
1.769 	 9.68775e-04 	 7.93271e-04 	 1.75505e-04 
1.756 	 9.88153e-04 	 8.02312e-04 	 1.85841e-04 
1.743 	 1.01061e-03 	 8.14238e-04 	 1.96376e-04 
1.730 	 1.03606e-03 	 8.28932e-04 	 2.07131e-04 
1.718 	 1.06454e-03 	 8.46412e-04 	 2.18133e-04 
1.705 	 1.09627e-03 	 8.66861e-04 	 2.29408e-04 
1.693 	 1.13167e-03 	 8.90681e-04 	 2.40988e-04 
1.681 	 1.17147e-03 	 9.18569e-04 	 2.52900e-04 
1.669 	 1.21670e-03 	 9.51548e-04 	 2.65157e-04 
1.657 	 1.26830e-03 	 9.90578e-04 	 2.77721e-04 
1.646 	 1.32512e-03 	 1.03470e-03 	 2.90426e-04 
1.634 	 1.38014e-03 	 1.07716e-03 	 3.02981e-04 
1.623 	 1.42247e-03 	 1.10714e-03 	 3.15329e-04 
1.612 	 1.45208e-03 	 1.12410e-03 	 3.27989e-04 
1.601 	 1.48017e-03 	 1.13872e-03 	 3.41455e-04 
1.590 	 1.51411e-03 	 1.15832e-03 	 3.55792e-04 
1.580 	 1.55513e-03 	 1.18424e-03 	 3.70892e-04 
1.569 	 1.60232e-03 	 1.21564e-03 	 3.86679e-04 
1.559 	 1.65470e-03 	 1.25157e-03 	 4.03130e-04 
1.549 	 1.71159e-03 	 1.29133e-03 	 4.20254e-04 
1.539 	 1.77264e-03 	 1.33456e-03 	 4.38080e-04 
1.529 	 1.83769e-03 	 1.38104e-03 	 4.56649e-04 
1.519 	 1.90672e-03 	 1.43071e-03 	 4.76008e-04 
1.509 	 1.97982e-03 	 1.48361e-03 	 4.96212e-04 
1.499 	 2.05712e-03 	 1.53980e-03 	 5.17320e-04 
1.490 	 2.13883e-03 	 1.59943e-03 	 5.39397e-04 
1.481 	 2.22518e-03 	 1.66266e-03 	 5.62513e-04 
1.471 	 2.31644e-03 	 1.72970e-03 	 5.86746e-04 
1.462 	 2.41294e-03 	 1.80076e-03 	 6.12177e-04 
1.453 	 2.51503e-03 	 1.87613e-03 	 6.38897e-04 
1.444 	 2.62310e-03 	 1.95610e-03 	 6.67004e-04 
1.436 	 2.73759e-03 	 2.04099e-03 	 6.96607e-04 
1.427 	 2.85899e-03 	 2.13117e-03 	 7.27821e-04 
1.418 	 2.98782e-03 	 2.22704e-03 	 7.60778e-04 
1.410 	 3.12468e-03 	 2.32906e-03 	 7.95619e-04 
1.402 	 3.27022e-03 	 2.43772e-03 	 8.32499e-04 
1.393 	 3.42516e-03 	 2.55357e-03 	 8.71591e-04 
1.385 	 3.59029e-03 	 2.67721e-03 	 9.13082e-04 
1.377 	 3.76650e-03 	 2.80932e-03 	 9.57182e-04 
1.369 	 3.95477e-03 	 2.95064e-03 	 1.00412e-03 
1.361 	 4.15618e-03 	 3.10202e-03 	 1.05416e-03 
1.353 	 4.37196e-03 	 3.26438e-03 	 1.10758e-03 
1.346 	 4.60347e-03 	 3.43877e-03 	 1.16470e-03 
1.338 	 4.85223e-03 	 3.62635e-03 	 1.22589e-03 
1.330 	 5.11996e-03 	 3.82843e-03 	 1.29153e-03 
1.323 	 5.40857e-03 	 4.04648e-03 	 1.36209e-03 
1.316 	 5.72023e-03 	 4.28217e-03 	 1.43806e-03 
1.308 	 6.05740e-03 	 4.53737e-03 	 1.52003e-03 
1.301 	 6.42284e-03 	 4.81422e-03 	 1.60862e-03 
1.294 	 6.81973e-03 	 5.11514e-03 	 1.70459e-03 
1.287 	 7.25165e-03 	 5.44289e-03 	 1.80876e-03 
1.280 	 7.72274e-03 	 5.80064e-03 	 1.92209e-03 
1.273 	 8.23771e-03 	 6.19202e-03 	 2.04569e-03 
1.266 	 8.80201e-03 	 6.62121e-03 	 2.18080e-03 
1.259 	 9.42191e-03 	 7.09302e-03 	 2.32888e-03 
1.253 	 1.01047e-02 	 7.61307e-03 	 2.49162e-03 
1.246 	 1.08588e-02 	 8.18783e-03 	 2.67095e-03 
1.240 	 1.16941e-02 	 8.82490e-03 	 2.86916e-03 
1.233 	 1.26221e-02 	 9.53317e-03 	 3.08889e-03 
1.227 	 1.36563e-02 	 1.03231e-02 	 3.33327e-03 
1.220 	 1.48129e-02 	 1.12069e-02 	 3.60597e-03 
1.214 	 1.61107e-02 	 1.21993e-02 	 3.91132e-03 
1.208 	 1.75721e-02 	 1.33176e-02 	 4.25448e-03 
1.202 	 1.92240e-02 	 1.45825e-02 	 4.64157e-03 
1.196 	 2.10984e-02 	 1.60185e-02 	 5.07989e-03 
1.190 	 2.32335e-02 	 1.76553e-02 	 5.57815e-03 
1.184 	 2.56751e-02 	 1.95283e-02 	 6.14678e-03 
1.178 	 2.84781e-02 	 2.16798e-02 	 6.79823e-03 
1.172 	 3.17080e-02 	 2.41607e-02 	 7.54733e-03 
1.166 	 3.54428e-02 	 2.70311e-02 	 8.41166e-03 
1.160 	 3.97737e-02 	 3.03619e-02 	 9.41176e-03 
1.155 	 4.48062e-02 	 3.42349e-02 	 1.05713e-02 
1.149 	 5.06578e-02 	 3.87415e-02 	 1.19163e-02 
1.144 	 5.74530e-02 	 4.39786e-02 	 1.34744e-02 
1.138 	 6.53094e-02 	 5.00384e-02 	 1.52710e-02 
1.133 	 7.43130e-02 	 5.69890e-02 	 1.73240e-02 
1.127 	 8.44744e-02 	 6.48410e-02 	 1.96334e-02 
1.122 	 9.56614e-02 	 7.34952e-02 	 2.21662e-02 
1.117 	 1.07510e-01 	 8.26739e-02 	 2.48361e-02 
1.111 	 1.19336e-01 	 9.18518e-02 	 2.74844e-02 
1.106 	 1.30101e-01 	 1.00228e-01 	 2.98725e-02 
1.101 	 1.38512e-01 	 1.06805e-01 	 3.17069e-02 
1.096 	 1.43313e-01 	 1.10607e-01 	 3.27062e-02 
1.091 	 1.43699e-01 	 1.11004e-01 	 3.26943e-02 
1.086 	 1.39628e-01 	 1.07957e-01 	 3.16716e-02 
1.081 	 1.31844e-01 	 1.02029e-01 	 2.98148e-02 
1.076 	 1.21563e-01 	 9.41564e-02 	 2.74065e-02 
1.071 	 1.10074e-01 	 8.53329e-02 	 2.47411e-02 
1.066 	 9.84325e-02 	 7.63750e-02 	 2.20575e-02 
1.061 	 8.73494e-02 	 6.78346e-02 	 1.95148e-02 
1.057 	 7.72159e-02 	 6.00170e-02 	 1.71990e-02 
1.052 	 6.81878e-02 	 5.30453e-02 	 1.51425e-02 
1.047 	 6.02728e-02 	 4.69280e-02 	 1.33448e-02 
1.043 	 5.33980e-02 	 4.16106e-02 	 1.17874e-02 
1.038 	 4.74551e-02 	 3.70106e-02 	 1.04444e-02 
1.033 	 4.23259e-02 	 3.30379e-02 	 9.28804e-03 
1.029 	 3.78970e-02 	 2.96053e-02 	 8.29169e-03 
1.024 	 3.40655e-02 	 2.66339e-02 	 7.43157e-03 
1.020 	 3.07417e-02 	 2.40548e-02 	 6.68694e-03 
1.016 	 2.78486e-02 	 2.18085e-02 	 6.04010e-03 
1.011 	 2.53212e-02 	 1.98451e-02 	 5.47612e-03 
1.007 	 2.31048e-02 	 1.81223e-02 	 4.98250e-03 
1.003 	 2.11535e-02 	 1.66048e-02 	 4.54876e-03 
0.998 	 1.94291e-02 	 1.52629e-02 	 4.16615e-03 
0.994 	 1.78992e-02 	 1.40719e-02 	 3.82736e-03 
0.990 	 1.65370e-02 	 1.30108e-02 	 3.52627e-03 
0.986 	 1.53198e-02 	 1.20621e-02 	 3.25771e-03 
0.982 	 1.42283e-02 	 1.12110e-02 	 3.01734e-03 
0.978 	 1.32464e-02 	 1.04449e-02 	 2.80151e-03 
0.974 	 1.23603e-02 	 9.75317e-03 	 2.60708e-03 
0.970 	 1.15581e-02 	 9.12671e-03 	 2.43141e-03 
0.966 	 1.08299e-02 	 8.55770e-03 	 2.27223e-03 
0.962 	 1.01671e-02 	 8.03946e-03 	 2.12760e-03 
0.958 	 9.56206e-03 	 7.56622e-03 	 1.99584e-03 
0.954 	 9.00849e-03 	 7.13298e-03 	 1.87550e-03 
0.950 	 8.50076e-03 	 6.73542e-03 	 1.76534e-03 
0.946 	 8.03403e-03 	 6.36977e-03 	 1.66426e-03 
0.943 	 7.60403e-03 	 6.03272e-03 	 1.57131e-03 
0.939 	 7.20706e-03 	 5.72139e-03 	 1.48567e-03 
0.935 	 6.83983e-03 	 5.43324e-03 	 1.40659e-03 
0.931 	 6.49949e-03 	 5.16604e-03 	 1.33344e-03 
0.928 	 6.18347e-03 	 4.91781e-03 	 1.26566e-03 
0.924 	 5.88953e-03 	 4.68681e-03 	 1.20273e-03 
0.921 	 5.61567e-03 	 4.47146e-03 	 1.14421e-03 
0.917 	 5.36011e-03 	 4.27040e-03 	 1.08971e-03 
0.913 	 5.12125e-03 	 4.08238e-03 	 1.03888e-03 
0.910 	 4.89768e-03 	 3.90629e-03 	 9.91390e-04 
0.906 	 4.68812e-03 	 3.74115e-03 	 9.46968e-04 
0.903 	 4.49142e-03 	 3.58606e-03 	 9.05357e-04 
0.900 	 4.30655e-03 	 3.44022e-03 	 8.66328e-04 
0.896 	 4.13257e-03 	 3.30290e-03 	 8.29676e-04 
0.893 	 3.96866e-03 	 3.17345e-03 	 7.95214e-04 
0.889 	 3.81404e-03 	 3.05127e-03 	 7.62774e-04 
0.886 	 3.66802e-03 	 2.93582e-03 	 7.32203e-04 
0.883 	 3.52997e-03 	 2.82661e-03 	 7.03362e-04 
0.879 	 3.39933e-03 	 2.72320e-03 	 6.76126e-04 
0.876 	 3.27556e-03 	 2.62518e-03 	 6.50379e-04 
0.873 	 3.15818e-03 	 2.53217e-03 	 6.26016e-04 
0.870 	 3.04677e-03 	 2.44383e-03 	 6.02941e-04 
0.866 	 2.94092e-03 	 2.35985e-03 	 5.81066e-04 
0.863 	 2.84026e-03 	 2.27995e-03 	 5.60311e-04 
0.860 	 2.74446e-03 	 2.20386e-03 	 5.40601e-04 
0.857 	 2.65320e-03 	 2.13133e-03 	 5.21869e-04 
0.854 	 2.56619e-03 	 2.06214e-03 	 5.04052e-04 
0.851 	 2.48318e-03 	 1.99609e-03 	 4.87092e-04 
0.848 	 2.40392e-03 	 1.93299e-03 	 4.70936e-04 
0.845 	 2.32819e-03 	 1.87265e-03 	 4.55535e-04 
0.842 	 2.25577e-03 	 1.81492e-03 	 4.40843e-04 
0.839 	 2.18647e-03 	 1.75965e-03 	 4.26818e-04 
0.836 	 2.12011e-03 	 1.70669e-03 	 4.13421e-04 
0.833 	 2.05653e-03 	 1.65591e-03 	 4.00615e-04 
0.830 	 1.99557e-03 	 1.60720e-03 	 3.88368e-04 
0.827 	 1.93708e-03 	 1.56043e-03 	 3.76647e-04 
0.824 	 1.88094e-03 	 1.51551e-03 	 3.65423e-04 
0.821 	 1.82701e-03 	 1.47234e-03 	 3.54669e-04 
0.818 	 1.77518e-03 	 1.43082e-03 	 3.44360e-04 
0.816 	 1.72534e-03 	 1.39086e-03 	 3.34472e-04 
0.813 	 1.67738e-03 	 1.35240e-03 	 3.24982e-04 
0.810 	 1.63121e-03 	 1.31534e-03 	 3.15870e-04 
0.807 	 1.58674e-03 	 1.27963e-03 	 3.07117e-04 
0.804 	 1.54389e-03 	 1.24519e-03 	 2.98704e-04 
0.802 	 1.50257e-03 	 1.21196e-03 	 2.90613e-04 
0.799 	 1.46271e-03 	 1.17988e-03 	 2.82830e-04 
0.796 	 1.42424e-03 	 1.14890e-03 	 2.75339e-04 
0.794 	 1.38710e-03 	 1.11897e-03 	 2.68126e-04 
0.791 	 1.35121e-03 	 1.09004e-03 	 2.61177e-04 
0.788 	 1.31653e-03 	 1.06205e-03 	 2.54480e-04 
0.786 	 1.28300e-03 	 1.03498e-03 	 2.48023e-04 
0.783 	 1.25056e-03 	 1.00877e-03 	 2.41795e-04 
0.781 	 1.21917e-03 	 9.83387e-04 	 2.35786e-04 
0.778 	 1.18878e-03 	 9.58799e-04 	 2.29985e-04 
0.775 	 1.15935e-03 	 9.34968e-04 	 2.24384e-04 
0.773 	 1.13083e-03 	 9.11862e-04 	 2.18972e-04 
0.770 	 1.10319e-03 	 8.89450e-04 	 2.13743e-04 
0.768 	 1.07639e-03 	 8.67704e-04 	 2.08689e-04 
0.765 	 1.05040e-03 	 8.46595e-04 	 2.03801e-04 
0.763 	 1.02517e-03 	 8.26097e-04 	 1.99072e-04 
0.760 	 1.00068e-03 	 8.06186e-04 	 1.94496e-04 
0.758 	 9.76906e-04 	 7.86838e-04 	 1.90067e-04 
0.756 	 9.53810e-04 	 7.68031e-04 	 1.85779e-04 
0.753 	 9.31368e-04 	 7.49743e-04 	 1.81625e-04 
0.751 	 9.09554e-04 	 7.31954e-04 	 1.77600e-04 
0.748 	 8.88344e-04 	 7.14645e-04 	 1.73699e-04 
0.746 	 8.67715e-04 	 6.97797e-04 	 1.69918e-04 
0.744 	 8.47644e-04 	 6.81393e-04 	 1.66251e-04 
0.741 	 8.28110e-04 	 6.65416e-04 	 1.62694e-04 
0.739 	 8.09093e-04 	 6.49851e-04 	 1.59243e-04 
0.737 	 7.90574e-04 	 6.34681e-04 	 1.55893e-04 
0.734 	 7.72534e-04 	 6.19893e-04 	 1.52642e-04 
0.732 	 7.54956e-04 	 6.05472e-04 	 1.49484e-04 
0.730 	 7.37823e-04 	 5.91406e-04 	 1.46417e-04 
0.728 	 7.21119e-04 	 5.77681e-04 	 1.43438e-04 
0.725 	 7.04828e-04 	 5.64286e-04 	 1.40542e-04 
0.723 	 6.88936e-04 	 5.51209e-04 	 1.37728e-04 
0.721 	 6.73430e-04 	 5.38439e-04 	 1.34991e-04 
0.719 	 6.58295e-04 	 5.25965e-04 	 1.32330e-04 
0.717 	 6.43519e-04 	 5.13778e-04 	 1.29742e-04 
0.714 	 6.29090e-04 	 5.01867e-04 	 1.27223e-04 
0.712 	 6.14996e-04 	 4.90223e-04 	 1.24773e-04 
0.710 	 6.01225e-04 	 4.78838e-04 	 1.22387e-04 
0.708 	 5.87767e-04 	 4.67703e-04 	 1.20065e-04 
0.706 	 5.74612e-04 	 4.56809e-04 	 1.17804e-04 
0.704 	 5.61750e-04 	 4.46149e-04 	 1.15601e-04 
0.702 	 5.49171e-04 	 4.35716e-04 	 1.13455e-04 
0.700 	 5.36866e-04 	 4.25501e-04 	 1.11365e-04 
0.698 	 5.24827e-04 	 4.15500e-04 	 1.09328e-04 
0.695 	 5.13045e-04 	 4.05703e-04 	 1.07342e-04 
0.693 	 5.01512e-04 	 3.96106e-04 	 1.05406e-04 
0.691 	 4.90220e-04 	 3.86702e-04 	 1.03518e-04 
0.689 	 4.79162e-04 	 3.77485e-04 	 1.01677e-04 
0.687 	 4.68331e-04 	 3.68450e-04 	 9.98805e-05 
0.685 	 4.57719e-04 	 3.59591e-04 	 9.81282e-05 
0.683 	 4.47321e-04 	 3.50903e-04 	 9.64184e-05 
0.681 	 4.37130e-04 	 3.42380e-04 	 9.47496e-05 
0.679 	 4.27139e-04 	 3.34018e-04 	 9.31206e-05 
0.677 	 4.17343e-04 	 3.25813e-04 	 9.15302e-05 
0.676 	 4.07736e-04 	 3.17759e-04 	 8.99772e-05 
0.674 	 3.98312e-04 	 3.09852e-04 	 8.84605e-05 
0.672 	 3.89067e-04 	 3.02088e-04 	 8.69790e-05 
0.670 	 3.79995e-04 	 2.94463e-04 	 8.55317e-05 
0.668 	 3.71091e-04 	 2.86973e-04 	 8.41175e-05 
0.666 	 3.62350e-04 	 2.79615e-04 	 8.27355e-05 
0.664 	 3.53768e-04 	 2.72384e-04 	 8.13847e-05 
0.662 	 3.45341e-04 	 2.65277e-04 	 8.00643e-05 
0.660 	 3.37064e-04 	 2.58290e-04 	 7.87733e-05 
0.659 	 3.28932e-04 	 2.51421e-04 	 7.75109e-05 
0.657 	 3.20943e-04 	 2.44667e-04 	 7.62764e-05 
0.655 	 3.13092e-04 	 2.38023e-04 	 7.50688e-05 
0.653 	 3.05375e-04 	 2.31487e-04 	 7.38876e-05 
0.651 	 2.97789e-04 	 2.25057e-04 	 7.27319e-05 
0.650 	 2.90330e-04 	 2.18729e-04 	 7.16010e-05 
0.648 	 2.82995e-04 	 2.12501e-04 	 7.04942e-05 
0.646 	 2.75781e-04 	 2.06370e-04 	 6.94110e-05 
0.644 	 2.68684e-04 	 2.00334e-04 	 6.83506e-05 
0.642 	 2.61702e-04 	 1.94390e-04 	 6.73124e-05 
0.641 	 2.54831e-04 	 1.88536e-04 	 6.62959e-05 
0.639 	 2.48069e-04 	 1.82769e-04 	 6.53004e-05 
0.637 	 2.41413e-04 	 1.77088e-04 	 6.43254e-05 
0.636 	 2.34860e-04 	 1.71489e-04 	 6.33704e-05 
0.634 	 2.28407e-04 	 1.65972e-04 	 6.24349e-05 
0.632 	 2.22053e-04 	 1.60534e-04 	 6.15182e-05 
0.630 	 2.15794e-04 	 1.55174e-04 	 6.06201e-05 
0.629 	 2.09628e-04 	 1.49888e-04 	 5.97399e-05 
0.627 	 2.03553e-04 	 1.44676e-04 	 5.88772e-05 
0.625 	 1.97567e-04 	 1.39535e-04 	 5.80315e-05 
0.624 	 1.91667e-04 	 1.34464e-04 	 5.72026e-05 
0.622 	 1.85851e-04 	 1.29461e-04 	 5.63898e-05 
0.621 	 1.80118e-04 	 1.24525e-04 	 5.55928e-05 
0.619 	 1.74465e-04 	 1.19654e-04 	 5.48113e-05 
0.617 	 1.68891e-04 	 1.14846e-04 	 5.40448e-05 
0.616 	 1.63393e-04 	 1.10100e-04 	 5.32930e-05 
0.614 	 1.57970e-04 	 1.05415e-04 	 5.25555e-05 
0.612 	 1.52621e-04 	 1.00789e-04 	 5.18320e-05 
0.611 	 1.47342e-04 	 9.62198e-05 	 5.11221e-05 
0.609 	 1.42133e-04 	 9.17074e-05 	 5.04255e-05 
0.608 	 1.36992e-04 	 8.72501e-05 	 4.97419e-05 
0.606 	 1.31917e-04 	 8.28465e-05 	 4.90709e-05 
0.605 	 1.26908e-04 	 7.84955e-05 	 4.84124e-05 
0.603 	 1.21962e-04 	 7.41959e-05 	 4.77659e-05 
0.602 	 1.17078e-04 	 6.99465e-05 	 4.71312e-05 
0.600 	 1.12254e-04 	 6.57462e-05 	 4.65081e-05 
