Energy [eV] Ext Cross [um^2] Abs Cross [um^2] Sca Cross [um^2] 
3.500 	 4.76212e-02 	 5.38540e-03 	 4.22358e-02 
3.471 	 4.39426e-02 	 5.54068e-03 	 3.84019e-02 
3.442 	 4.04244e-02 	 5.69457e-03 	 3.47298e-02 
3.414 	 3.70409e-02 	 5.84973e-03 	 3.11911e-02 
3.387 	 3.37813e-02 	 6.00768e-03 	 2.77736e-02 
3.360 	 3.06464e-02 	 6.16925e-03 	 2.44771e-02 
3.333 	 2.76464e-02 	 6.33482e-03 	 2.13115e-02 
3.306 	 2.47977e-02 	 6.50439e-03 	 1.82934e-02 
3.281 	 2.21191e-02 	 6.67758e-03 	 1.54415e-02 
3.255 	 1.96316e-02 	 6.85372e-03 	 1.27779e-02 
3.230 	 1.73575e-02 	 7.03193e-03 	 1.03256e-02 
3.205 	 1.53180e-02 	 7.21125e-03 	 8.10674e-03 
3.181 	 1.35318e-02 	 7.39067e-03 	 6.14112e-03 
3.157 	 1.20158e-02 	 7.56934e-03 	 4.44648e-03 
3.133 	 1.07841e-02 	 7.74660e-03 	 3.03749e-03 
3.110 	 9.84663e-03 	 7.92198e-03 	 1.92465e-03 
3.087 	 9.20975e-03 	 8.09509e-03 	 1.11466e-03 
3.064 	 8.87625e-03 	 8.26585e-03 	 6.10397e-04 
3.042 	 8.84609e-03 	 8.43516e-03 	 4.10922e-04 
3.020 	 9.11351e-03 	 8.60208e-03 	 5.11426e-04 
2.999 	 9.66991e-03 	 8.76623e-03 	 9.03682e-04 
2.977 	 1.05163e-02 	 8.93733e-03 	 1.57901e-03 
2.956 	 1.16304e-02 	 9.10780e-03 	 2.52261e-03 
2.935 	 1.29682e-02 	 9.25660e-03 	 3.71158e-03 
2.915 	 1.46091e-02 	 9.45451e-03 	 5.15455e-03 
2.895 	 1.64918e-02 	 9.65214e-03 	 6.83963e-03 
2.875 	 1.85158e-02 	 9.85555e-03 	 8.66020e-03 
2.855 	 2.08008e-02 	 1.00966e-02 	 1.07041e-02 
2.836 	 2.32615e-02 	 1.02899e-02 	 1.29716e-02 
2.817 	 2.59430e-02 	 1.05890e-02 	 1.53540e-02 
2.798 	 2.88406e-02 	 1.09571e-02 	 1.78835e-02 
2.780 	 3.19255e-02 	 1.13619e-02 	 2.05636e-02 
2.761 	 3.52502e-02 	 1.18748e-02 	 2.33754e-02 
2.743 	 3.88660e-02 	 1.25558e-02 	 2.63102e-02 
2.725 	 4.28454e-02 	 1.34716e-02 	 2.93739e-02 
2.708 	 4.73031e-02 	 1.47297e-02 	 3.25734e-02 
2.690 	 5.23571e-02 	 1.64381e-02 	 3.59190e-02 
2.673 	 5.81744e-02 	 1.87473e-02 	 3.94272e-02 
2.656 	 6.51363e-02 	 2.19436e-02 	 4.31927e-02 
2.639 	 7.37414e-02 	 2.63164e-02 	 4.74250e-02 
2.623 	 8.39458e-02 	 3.17494e-02 	 5.21964e-02 
2.606 	 9.24559e-02 	 3.55585e-02 	 5.68974e-02 
2.590 	 9.47634e-02 	 3.43018e-02 	 6.04616e-02 
2.574 	 9.31947e-02 	 2.99695e-02 	 6.32253e-02 
2.559 	 9.26061e-02 	 2.64213e-02 	 6.61848e-02 
2.543 	 9.46106e-02 	 2.49152e-02 	 6.96954e-02 
2.528 	 9.91147e-02 	 2.54231e-02 	 7.36916e-02 
2.513 	 1.05619e-01 	 2.77650e-02 	 7.78543e-02 
2.498 	 1.12737e-01 	 3.13696e-02 	 8.13678e-02 
2.483 	 1.17073e-01 	 3.42190e-02 	 8.28543e-02 
2.468 	 1.15311e-01 	 3.33933e-02 	 8.19173e-02 
2.454 	 1.09636e-01 	 2.90399e-02 	 8.05961e-02 
2.439 	 1.04810e-01 	 2.40784e-02 	 8.07317e-02 
2.425 	 1.02537e-01 	 2.01864e-02 	 8.23502e-02 
2.411 	 1.02361e-01 	 1.74939e-02 	 8.48667e-02 
2.397 	 1.03525e-01 	 1.56839e-02 	 8.78413e-02 
2.384 	 1.05495e-01 	 1.44591e-02 	 9.10360e-02 
2.370 	 1.07949e-01 	 1.36164e-02 	 9.43330e-02 
2.357 	 1.10702e-01 	 1.30268e-02 	 9.76747e-02 
2.344 	 1.13643e-01 	 1.26093e-02 	 1.01033e-01 
2.331 	 1.16707e-01 	 1.23117e-02 	 1.04395e-01 
2.318 	 1.19853e-01 	 1.21004e-02 	 1.07752e-01 
2.305 	 1.23055e-01 	 1.19523e-02 	 1.11103e-01 
2.292 	 1.26297e-01 	 1.18518e-02 	 1.14445e-01 
2.280 	 1.29567e-01 	 1.17877e-02 	 1.17780e-01 
2.268 	 1.32858e-01 	 1.17522e-02 	 1.21106e-01 
2.255 	 1.36163e-01 	 1.17394e-02 	 1.24424e-01 
2.243 	 1.39479e-01 	 1.17450e-02 	 1.27734e-01 
2.231 	 1.42801e-01 	 1.17656e-02 	 1.31036e-01 
2.220 	 1.46129e-01 	 1.17986e-02 	 1.34330e-01 
2.208 	 1.49459e-01 	 1.18421e-02 	 1.37617e-01 
2.196 	 1.52791e-01 	 1.18944e-02 	 1.40896e-01 
2.185 	 1.56121e-01 	 1.19543e-02 	 1.44167e-01 
2.173 	 1.59450e-01 	 1.20206e-02 	 1.47429e-01 
2.162 	 1.62775e-01 	 1.20925e-02 	 1.50682e-01 
2.151 	 1.66094e-01 	 1.21692e-02 	 1.53925e-01 
2.140 	 1.69406e-01 	 1.22501e-02 	 1.57156e-01 
2.129 	 1.72710e-01 	 1.23346e-02 	 1.60375e-01 
2.118 	 1.76002e-01 	 1.24222e-02 	 1.63580e-01 
2.108 	 1.79282e-01 	 1.25126e-02 	 1.66769e-01 
2.097 	 1.82546e-01 	 1.26052e-02 	 1.69941e-01 
2.087 	 1.85794e-01 	 1.26997e-02 	 1.73094e-01 
2.076 	 1.89021e-01 	 1.27957e-02 	 1.76226e-01 
2.066 	 1.92227e-01 	 1.28930e-02 	 1.79334e-01 
2.056 	 1.95407e-01 	 1.29912e-02 	 1.82416e-01 
2.046 	 1.98560e-01 	 1.30899e-02 	 1.85470e-01 
2.036 	 2.01682e-01 	 1.31890e-02 	 1.88493e-01 
2.026 	 2.04770e-01 	 1.32882e-02 	 1.91482e-01 
2.016 	 2.07821e-01 	 1.33870e-02 	 1.94433e-01 
2.007 	 2.10831e-01 	 1.34853e-02 	 1.97345e-01 
1.997 	 2.13796e-01 	 1.35828e-02 	 2.00214e-01 
1.988 	 2.16715e-01 	 1.36792e-02 	 2.03035e-01 
1.978 	 2.19581e-01 	 1.37742e-02 	 2.05807e-01 
1.969 	 2.22392e-01 	 1.38675e-02 	 2.08524e-01 
1.960 	 2.25143e-01 	 1.39590e-02 	 2.11184e-01 
1.951 	 2.27830e-01 	 1.40483e-02 	 2.13782e-01 
1.942 	 2.30450e-01 	 1.41351e-02 	 2.16315e-01 
1.933 	 2.32998e-01 	 1.42192e-02 	 2.18779e-01 
1.924 	 2.35471e-01 	 1.43003e-02 	 2.21171e-01 
1.915 	 2.37863e-01 	 1.43780e-02 	 2.23485e-01 
1.906 	 2.40171e-01 	 1.44523e-02 	 2.25719e-01 
1.898 	 2.42391e-01 	 1.45228e-02 	 2.27868e-01 
1.889 	 2.44519e-01 	 1.45892e-02 	 2.29929e-01 
1.881 	 2.46550e-01 	 1.46515e-02 	 2.31898e-01 
1.872 	 2.48480e-01 	 1.47092e-02 	 2.33771e-01 
1.864 	 2.50307e-01 	 1.47621e-02 	 2.35545e-01 
1.855 	 2.52026e-01 	 1.48101e-02 	 2.37216e-01 
1.847 	 2.53635e-01 	 1.48530e-02 	 2.38782e-01 
1.839 	 2.55128e-01 	 1.48904e-02 	 2.40238e-01 
1.831 	 2.56505e-01 	 1.49223e-02 	 2.41583e-01 
1.823 	 2.57761e-01 	 1.49484e-02 	 2.42813e-01 
1.815 	 2.58894e-01 	 1.49686e-02 	 2.43926e-01 
1.807 	 2.59902e-01 	 1.49828e-02 	 2.44920e-01 
1.800 	 2.60783e-01 	 1.49908e-02 	 2.45793e-01 
1.792 	 2.61535e-01 	 1.49926e-02 	 2.46543e-01 
1.784 	 2.62157e-01 	 1.49879e-02 	 2.47169e-01 
1.777 	 2.62646e-01 	 1.49769e-02 	 2.47670e-01 
1.769 	 2.63004e-01 	 1.49593e-02 	 2.48045e-01 
1.762 	 2.63228e-01 	 1.49351e-02 	 2.48293e-01 
1.754 	 2.63320e-01 	 1.49044e-02 	 2.48416e-01 
1.747 	 2.63279e-01 	 1.48670e-02 	 2.48412e-01 
1.740 	 2.63106e-01 	 1.48231e-02 	 2.48282e-01 
1.733 	 2.62801e-01 	 1.47727e-02 	 2.48028e-01 
1.725 	 2.62366e-01 	 1.47157e-02 	 2.47650e-01 
1.718 	 2.61803e-01 	 1.46524e-02 	 2.47151e-01 
1.711 	 2.61113e-01 	 1.45827e-02 	 2.46531e-01 
1.704 	 2.60299e-01 	 1.45068e-02 	 2.45792e-01 
1.697 	 2.59363e-01 	 1.44248e-02 	 2.44938e-01 
1.691 	 2.58308e-01 	 1.43369e-02 	 2.43971e-01 
1.684 	 2.57137e-01 	 1.42431e-02 	 2.42894e-01 
1.677 	 2.55853e-01 	 1.41437e-02 	 2.41710e-01 
1.670 	 2.54461e-01 	 1.40389e-02 	 2.40422e-01 
1.664 	 2.52962e-01 	 1.39287e-02 	 2.39034e-01 
1.657 	 2.51363e-01 	 1.38135e-02 	 2.37549e-01 
1.651 	 2.49665e-01 	 1.36934e-02 	 2.35972e-01 
1.644 	 2.47875e-01 	 1.35687e-02 	 2.34306e-01 
1.638 	 2.45996e-01 	 1.34395e-02 	 2.32556e-01 
1.631 	 2.44032e-01 	 1.33061e-02 	 2.30726e-01 
1.625 	 2.41989e-01 	 1.31688e-02 	 2.28820e-01 
1.619 	 2.39871e-01 	 1.30277e-02 	 2.26843e-01 
1.612 	 2.37682e-01 	 1.28832e-02 	 2.24798e-01 
1.606 	 2.35427e-01 	 1.27354e-02 	 2.22691e-01 
1.600 	 2.33110e-01 	 1.25845e-02 	 2.20526e-01 
1.594 	 2.30738e-01 	 1.24309e-02 	 2.18307e-01 
1.588 	 2.28313e-01 	 1.22748e-02 	 2.16038e-01 
1.582 	 2.25840e-01 	 1.21163e-02 	 2.13724e-01 
1.576 	 2.23325e-01 	 1.19558e-02 	 2.11369e-01 
1.570 	 2.20771e-01 	 1.17934e-02 	 2.08977e-01 
1.564 	 2.18182e-01 	 1.16295e-02 	 2.06552e-01 
1.558 	 2.15563e-01 	 1.14641e-02 	 2.04099e-01 
1.553 	 2.12918e-01 	 1.12975e-02 	 2.01620e-01 
1.547 	 2.10250e-01 	 1.11299e-02 	 1.99121e-01 
1.541 	 2.07565e-01 	 1.09615e-02 	 1.96603e-01 
1.536 	 2.04864e-01 	 1.07925e-02 	 1.94071e-01 
1.530 	 2.02152e-01 	 1.06231e-02 	 1.91529e-01 
1.524 	 1.99432e-01 	 1.04534e-02 	 1.88979e-01 
1.519 	 1.96707e-01 	 1.02837e-02 	 1.86424e-01 
1.513 	 1.93981e-01 	 1.01140e-02 	 1.83867e-01 
1.508 	 1.91256e-01 	 9.94454e-03 	 1.81312e-01 
1.503 	 1.88535e-01 	 9.77547e-03 	 1.78760e-01 
1.497 	 1.85821e-01 	 9.60690e-03 	 1.76214e-01 
1.492 	 1.83115e-01 	 9.43896e-03 	 1.73676e-01 
1.487 	 1.80421e-01 	 9.27177e-03 	 1.71150e-01 
1.481 	 1.77741e-01 	 9.10543e-03 	 1.68636e-01 
1.476 	 1.75076e-01 	 8.94007e-03 	 1.66136e-01 
1.471 	 1.72429e-01 	 8.77576e-03 	 1.63653e-01 
1.466 	 1.69801e-01 	 8.61260e-03 	 1.61188e-01 
1.461 	 1.67193e-01 	 8.45068e-03 	 1.58743e-01 
1.455 	 1.64608e-01 	 8.29007e-03 	 1.56318e-01 
1.450 	 1.62047e-01 	 8.13084e-03 	 1.53916e-01 
1.445 	 1.59510e-01 	 7.97305e-03 	 1.51537e-01 
1.440 	 1.56999e-01 	 7.81676e-03 	 1.49183e-01 
1.436 	 1.54516e-01 	 7.66202e-03 	 1.46854e-01 
1.431 	 1.52060e-01 	 7.50888e-03 	 1.44551e-01 
1.426 	 1.49633e-01 	 7.35738e-03 	 1.42276e-01 
1.421 	 1.47236e-01 	 7.20755e-03 	 1.40028e-01 
1.416 	 1.44869e-01 	 7.05943e-03 	 1.37809e-01 
1.411 	 1.42532e-01 	 6.91303e-03 	 1.35619e-01 
1.407 	 1.40226e-01 	 6.76839e-03 	 1.33458e-01 
1.402 	 1.37952e-01 	 6.62551e-03 	 1.31327e-01 
1.397 	 1.35710e-01 	 6.48443e-03 	 1.29225e-01 
1.393 	 1.33500e-01 	 6.34514e-03 	 1.27155e-01 
1.388 	 1.31322e-01 	 6.20766e-03 	 1.25114e-01 
1.383 	 1.29176e-01 	 6.07200e-03 	 1.23104e-01 
1.379 	 1.27063e-01 	 5.93815e-03 	 1.21125e-01 
1.374 	 1.24983e-01 	 5.80611e-03 	 1.19177e-01 
1.370 	 1.22935e-01 	 5.67589e-03 	 1.17259e-01 
1.365 	 1.20920e-01 	 5.54748e-03 	 1.15372e-01 
1.361 	 1.18937e-01 	 5.42086e-03 	 1.13516e-01 
1.356 	 1.16986e-01 	 5.29604e-03 	 1.11690e-01 
1.352 	 1.15067e-01 	 5.17300e-03 	 1.09894e-01 
1.348 	 1.13180e-01 	 5.05173e-03 	 1.08128e-01 
1.343 	 1.11325e-01 	 4.93221e-03 	 1.06392e-01 
1.339 	 1.09501e-01 	 4.81444e-03 	 1.04686e-01 
1.335 	 1.07708e-01 	 4.69838e-03 	 1.03009e-01 
1.331 	 1.05946e-01 	 4.58403e-03 	 1.01362e-01 
1.326 	 1.04214e-01 	 4.47137e-03 	 9.97428e-02 
1.322 	 1.02513e-01 	 4.36038e-03 	 9.81524e-02 
1.318 	 1.00841e-01 	 4.25104e-03 	 9.65900e-02 
1.314 	 9.91989e-02 	 4.14332e-03 	 9.50555e-02 
1.310 	 9.75857e-02 	 4.03721e-03 	 9.35485e-02 
1.306 	 9.60012e-02 	 3.93269e-03 	 9.20685e-02 
1.302 	 9.44450e-02 	 3.82973e-03 	 9.06153e-02 
1.298 	 9.29166e-02 	 3.72831e-03 	 8.91883e-02 
1.294 	 9.14158e-02 	 3.62840e-03 	 8.77874e-02 
1.290 	 8.99419e-02 	 3.52999e-03 	 8.64119e-02 
1.286 	 8.84947e-02 	 3.43305e-03 	 8.50617e-02 
1.282 	 8.70737e-02 	 3.33756e-03 	 8.37362e-02 
1.278 	 8.56786e-02 	 3.24349e-03 	 8.24351e-02 
1.274 	 8.43087e-02 	 3.15082e-03 	 8.11579e-02 
1.270 	 8.29638e-02 	 3.05953e-03 	 7.99043e-02 
1.266 	 8.16435e-02 	 2.96958e-03 	 7.86739e-02 
1.262 	 8.03472e-02 	 2.88097e-03 	 7.74662e-02 
1.259 	 7.90746e-02 	 2.79366e-03 	 7.62810e-02 
1.255 	 7.78253e-02 	 2.70763e-03 	 7.51177e-02 
1.251 	 7.65988e-02 	 2.62286e-03 	 7.39759e-02 
1.247 	 7.53947e-02 	 2.53932e-03 	 7.28554e-02 
1.244 	 7.42126e-02 	 2.45700e-03 	 7.17556e-02 
1.240 	 7.30522e-02 	 2.37586e-03 	 7.06763e-02 
1.236 	 7.19129e-02 	 2.29590e-03 	 6.96170e-02 
1.233 	 7.07944e-02 	 2.21708e-03 	 6.85773e-02 
1.229 	 6.96963e-02 	 2.13938e-03 	 6.75570e-02 
1.225 	 6.86183e-02 	 2.06279e-03 	 6.65555e-02 
1.222 	 6.75598e-02 	 1.98727e-03 	 6.55726e-02 
1.218 	 6.65207e-02 	 1.91281e-03 	 6.46078e-02 
1.215 	 6.55003e-02 	 1.83940e-03 	 6.36610e-02 
1.211 	 6.44985e-02 	 1.76700e-03 	 6.27315e-02 
1.208 	 6.35149e-02 	 1.69560e-03 	 6.18193e-02 
1.204 	 6.25490e-02 	 1.62517e-03 	 6.09238e-02 
1.201 	 6.16005e-02 	 1.55571e-03 	 6.00448e-02 
1.197 	 6.06691e-02 	 1.48718e-03 	 5.91820e-02 
1.194 	 5.97545e-02 	 1.41957e-03 	 5.83349e-02 
1.191 	 5.88562e-02 	 1.35287e-03 	 5.75034e-02 
1.187 	 5.79741e-02 	 1.28704e-03 	 5.66870e-02 
1.184 	 5.71077e-02 	 1.22209e-03 	 5.58856e-02 
1.180 	 5.62567e-02 	 1.15798e-03 	 5.50987e-02 
1.177 	 5.54208e-02 	 1.09470e-03 	 5.43261e-02 
1.174 	 5.45998e-02 	 1.03223e-03 	 5.35675e-02 
1.171 	 5.37932e-02 	 9.70561e-04 	 5.28227e-02 
1.167 	 5.30009e-02 	 9.09672e-04 	 5.20912e-02 
1.164 	 5.22225e-02 	 8.49548e-04 	 5.13730e-02 
1.161 	 5.14578e-02 	 7.90172e-04 	 5.06676e-02 
1.158 	 5.07064e-02 	 7.31529e-04 	 4.99749e-02 
1.154 	 4.99681e-02 	 6.73604e-04 	 4.92945e-02 
1.151 	 4.92427e-02 	 6.16382e-04 	 4.86263e-02 
1.148 	 4.85298e-02 	 5.59849e-04 	 4.79699e-02 
1.145 	 4.78292e-02 	 5.03990e-04 	 4.73252e-02 
1.142 	 4.71407e-02 	 4.48792e-04 	 4.66919e-02 
1.139 	 4.64640e-02 	 3.94240e-04 	 4.60697e-02 
1.136 	 4.57988e-02 	 3.40321e-04 	 4.54585e-02 
1.133 	 4.51451e-02 	 2.87023e-04 	 4.48580e-02 
1.130 	 4.45024e-02 	 2.34332e-04 	 4.42680e-02 
1.126 	 4.38706e-02 	 1.82235e-04 	 4.36883e-02 
1.123 	 4.32494e-02 	 1.30721e-04 	 4.31187e-02 
1.120 	 4.26387e-02 	 7.97773e-05 	 4.25589e-02 
1.117 	 4.20382e-02 	 2.93921e-05 	 4.20088e-02 
1.114 	 4.14478e-02 	 -2.04460e-05 	 4.14682e-02 
1.112 	 4.08671e-02 	 -6.97483e-05 	 4.09369e-02 
1.109 	 4.02961e-02 	 -1.18526e-04 	 4.04146e-02 
1.106 	 3.97345e-02 	 -1.66789e-04 	 3.99013e-02 
1.103 	 3.91822e-02 	 -2.14549e-04 	 3.93967e-02 
1.100 	 3.86389e-02 	 -2.61816e-04 	 3.89007e-02 
1.097 	 3.81044e-02 	 -3.08600e-04 	 3.84130e-02 
1.094 	 3.75787e-02 	 -3.54911e-04 	 3.79336e-02 
1.091 	 3.70615e-02 	 -4.00759e-04 	 3.74622e-02 
1.088 	 3.65526e-02 	 -4.46153e-04 	 3.69987e-02 
1.086 	 3.60519e-02 	 -4.91103e-04 	 3.65430e-02 
1.083 	 3.55592e-02 	 -5.35617e-04 	 3.60948e-02 
1.080 	 3.50743e-02 	 -5.79705e-04 	 3.56541e-02 
1.077 	 3.45972e-02 	 -6.23375e-04 	 3.52206e-02 
1.074 	 3.41276e-02 	 -6.66636e-04 	 3.47943e-02 
1.072 	 3.36654e-02 	 -7.09497e-04 	 3.43749e-02 
1.069 	 3.32105e-02 	 -7.51965e-04 	 3.39625e-02 
1.066 	 3.27627e-02 	 -7.94048e-04 	 3.35567e-02 
1.064 	 3.23218e-02 	 -8.35755e-04 	 3.31576e-02 
1.061 	 3.18878e-02 	 -8.77094e-04 	 3.27649e-02 
1.058 	 3.14605e-02 	 -9.18070e-04 	 3.23785e-02 
1.055 	 3.10397e-02 	 -9.58693e-04 	 3.19984e-02 
1.053 	 3.06254e-02 	 -9.98969e-04 	 3.16244e-02 
1.050 	 3.02174e-02 	 -1.03890e-03 	 3.12563e-02 
1.048 	 2.98156e-02 	 -1.07851e-03 	 3.08941e-02 
1.045 	 2.94199e-02 	 -1.11778e-03 	 3.05376e-02 
1.042 	 2.90301e-02 	 -1.15674e-03 	 3.01868e-02 
1.040 	 2.86461e-02 	 -1.19538e-03 	 2.98415e-02 
1.037 	 2.82679e-02 	 -1.23372e-03 	 2.95016e-02 
1.035 	 2.78953e-02 	 -1.27176e-03 	 2.91671e-02 
1.032 	 2.75283e-02 	 -1.30950e-03 	 2.88378e-02 
1.030 	 2.71666e-02 	 -1.34695e-03 	 2.85135e-02 
1.027 	 2.68102e-02 	 -1.38412e-03 	 2.81943e-02 
1.024 	 2.64590e-02 	 -1.42101e-03 	 2.78801e-02 
1.022 	 2.61130e-02 	 -1.45763e-03 	 2.75706e-02 
1.019 	 2.57719e-02 	 -1.49398e-03 	 2.72659e-02 
1.017 	 2.54358e-02 	 -1.53008e-03 	 2.69659e-02 
1.015 	 2.51045e-02 	 -1.56591e-03 	 2.66704e-02 
1.012 	 2.47779e-02 	 -1.60150e-03 	 2.63794e-02 
1.010 	 2.44559e-02 	 -1.63684e-03 	 2.60928e-02 
1.007 	 2.41385e-02 	 -1.67194e-03 	 2.58105e-02 
1.005 	 2.38256e-02 	 -1.70680e-03 	 2.55324e-02 
1.002 	 2.35171e-02 	 -1.74143e-03 	 2.52585e-02 
1.000 	 2.32129e-02 	 -1.77583e-03 	 2.49887e-02 
