Energy [eV] Ext Cross [um^2] Abs Cross [um^2] Sca Cross [um^2] 
3.000 	 1.07962e-04 	 1.07706e-04 	 2.56531e-07 
2.970 	 1.12730e-04 	 1.12177e-04 	 5.52873e-07 
2.941 	 1.17562e-04 	 1.16553e-04 	 1.00867e-06 
2.912 	 1.23354e-04 	 1.21724e-04 	 1.62955e-06 
2.884 	 1.29240e-04 	 1.26833e-04 	 2.40732e-06 
2.856 	 1.36113e-04 	 1.32783e-04 	 3.33030e-06 
2.829 	 1.42099e-04 	 1.37663e-04 	 4.43615e-06 
2.803 	 1.50302e-04 	 1.44613e-04 	 5.68894e-06 
2.777 	 1.58333e-04 	 1.51222e-04 	 7.11104e-06 
2.751 	 1.67210e-04 	 1.58507e-04 	 8.70336e-06 
2.726 	 1.77165e-04 	 1.66694e-04 	 1.04715e-05 
2.701 	 1.87770e-04 	 1.75347e-04 	 1.24236e-05 
2.677 	 1.98363e-04 	 1.83794e-04 	 1.45691e-05 
2.653 	 2.09527e-04 	 1.92607e-04 	 1.69204e-05 
2.630 	 2.21997e-04 	 2.02505e-04 	 1.94916e-05 
2.607 	 2.35791e-04 	 2.13492e-04 	 2.22993e-05 
2.584 	 2.51000e-04 	 2.25635e-04 	 2.53645e-05 
2.562 	 2.67898e-04 	 2.39190e-04 	 2.87086e-05 
2.540 	 2.86608e-04 	 2.54264e-04 	 3.23436e-05 
2.519 	 3.06632e-04 	 2.70329e-04 	 3.63038e-05 
2.498 	 3.28720e-04 	 2.88053e-04 	 4.06667e-05 
2.477 	 3.54184e-04 	 3.08720e-04 	 4.54646e-05 
2.457 	 3.83186e-04 	 3.32462e-04 	 5.07236e-05 
2.437 	 4.16226e-04 	 3.59683e-04 	 5.65430e-05 
2.417 	 4.53245e-04 	 3.90250e-04 	 6.29950e-05 
2.398 	 4.94035e-04 	 4.23833e-04 	 7.02029e-05 
2.378 	 5.44803e-04 	 4.66556e-04 	 7.82470e-05 
2.360 	 6.06901e-04 	 5.20049e-04 	 8.68514e-05 
2.341 	 6.66519e-04 	 5.70660e-04 	 9.58586e-05 
2.323 	 7.22005e-04 	 6.15413e-04 	 1.06592e-04 
2.305 	 7.93938e-04 	 6.74091e-04 	 1.19847e-04 
2.287 	 8.91198e-04 	 7.55474e-04 	 1.35724e-04 
2.270 	 1.01988e-03 	 8.65160e-04 	 1.54717e-04 
2.253 	 1.19145e-03 	 1.01370e-03 	 1.77747e-04 
2.236 	 1.42666e-03 	 1.22049e-03 	 2.06166e-04 
2.219 	 1.76181e-03 	 1.52006e-03 	 2.41747e-04 
2.203 	 2.25788e-03 	 1.97178e-03 	 2.86096e-04 
2.187 	 2.99377e-03 	 2.65643e-03 	 3.37341e-04 
2.171 	 3.94113e-03 	 3.56087e-03 	 3.80258e-04 
2.155 	 4.67528e-03 	 4.28516e-03 	 3.90125e-04 
2.140 	 4.95529e-03 	 4.55829e-03 	 3.97001e-04 
2.125 	 5.47904e-03 	 5.02061e-03 	 4.58428e-04 
2.110 	 6.77934e-03 	 6.20339e-03 	 5.75949e-04 
2.095 	 8.71532e-03 	 8.01588e-03 	 6.99441e-04 
2.080 	 9.97243e-03 	 9.26654e-03 	 7.05891e-04 
2.066 	 9.00306e-03 	 8.47199e-03 	 5.31070e-04 
2.052 	 6.79759e-03 	 6.47673e-03 	 3.20866e-04 
2.038 	 4.91646e-03 	 4.73263e-03 	 1.83832e-04 
2.024 	 3.68139e-03 	 3.56736e-03 	 1.14035e-04 
2.010 	 2.92190e-03 	 2.83806e-03 	 8.38426e-05 
1.997 	 2.45987e-03 	 2.38467e-03 	 7.51953e-05 
1.983 	 2.18206e-03 	 2.10340e-03 	 7.86597e-05 
1.970 	 2.02272e-03 	 1.93320e-03 	 8.95228e-05 
1.957 	 1.94400e-03 	 1.83854e-03 	 1.05463e-04 
1.945 	 1.92389e-03 	 1.79849e-03 	 1.25398e-04 
1.932 	 1.94964e-03 	 1.80072e-03 	 1.48921e-04 
1.920 	 2.01419e-03 	 1.83816e-03 	 1.76036e-04 
1.907 	 2.11415e-03 	 1.90712e-03 	 2.07023e-04 
1.895 	 2.24874e-03 	 2.00635e-03 	 2.42392e-04 
1.883 	 2.41930e-03 	 2.13643e-03 	 2.82869e-04 
1.871 	 2.62906e-03 	 2.29963e-03 	 3.29424e-04 
1.860 	 2.88316e-03 	 2.49985e-03 	 3.83311e-04 
1.848 	 3.18897e-03 	 2.74282e-03 	 4.46145e-04 
1.837 	 3.55645e-03 	 3.03644e-03 	 5.20010e-04 
1.826 	 3.99897e-03 	 3.39136e-03 	 6.07612e-04 
1.815 	 4.53430e-03 	 3.82181e-03 	 7.12495e-04 
1.804 	 5.18614e-03 	 4.34679e-03 	 8.39344e-04 
1.793 	 5.98631e-03 	 4.99188e-03 	 9.94428e-04 
1.782 	 6.97790e-03 	 5.79167e-03 	 1.18623e-03 
1.772 	 8.21973e-03 	 6.79340e-03 	 1.42632e-03 
1.761 	 9.79250e-03 	 8.06185e-03 	 1.73064e-03 
1.751 	 1.18070e-02 	 9.68585e-03 	 2.12114e-03 
1.741 	 1.44135e-02 	 1.17858e-02 	 2.62774e-03 
1.730 	 1.78090e-02 	 1.45191e-02 	 3.28994e-03 
1.720 	 2.22291e-02 	 1.80735e-02 	 4.15562e-03 
1.711 	 2.78919e-02 	 2.26214e-02 	 5.27044e-03 
1.701 	 3.48209e-02 	 2.81771e-02 	 6.64373e-03 
1.691 	 4.24660e-02 	 3.42925e-02 	 8.17354e-03 
1.682 	 4.92448e-02 	 3.96913e-02 	 9.55346e-03 
1.672 	 5.27473e-02 	 4.24410e-02 	 1.03063e-02 
1.663 	 5.13665e-02 	 4.12650e-02 	 1.01015e-02 
1.654 	 4.58687e-02 	 3.67956e-02 	 9.07310e-03 
1.645 	 3.85723e-02 	 3.09022e-02 	 7.67009e-03 
1.636 	 3.14388e-02 	 2.51575e-02 	 6.28134e-03 
1.627 	 2.53694e-02 	 2.02790e-02 	 5.09038e-03 
1.618 	 2.05233e-02 	 1.63895e-02 	 4.13383e-03 
1.609 	 1.67500e-02 	 1.33646e-02 	 3.38539e-03 
1.601 	 1.38274e-02 	 1.10242e-02 	 2.80326e-03 
1.592 	 1.15534e-02 	 9.20476e-03 	 2.34860e-03 
1.584 	 9.76737e-03 	 7.77706e-03 	 1.99031e-03 
1.575 	 8.34883e-03 	 6.64400e-03 	 1.70483e-03 
1.567 	 7.20881e-03 	 5.73408e-03 	 1.47473e-03 
1.559 	 6.28195e-03 	 4.99480e-03 	 1.28715e-03 
1.551 	 5.52003e-03 	 4.38749e-03 	 1.13254e-03 
1.543 	 4.88720e-03 	 3.88338e-03 	 1.00382e-03 
1.535 	 4.35650e-03 	 3.46088e-03 	 8.95625e-04 
1.527 	 3.90750e-03 	 3.10361e-03 	 8.03887e-04 
1.519 	 3.52450e-03 	 2.79902e-03 	 7.25474e-04 
1.511 	 3.19532e-03 	 2.53737e-03 	 6.57950e-04 
1.504 	 2.91044e-03 	 2.31104e-03 	 5.99404e-04 
1.496 	 2.66231e-03 	 2.11399e-03 	 5.48323e-04 
1.489 	 2.44491e-03 	 1.94141e-03 	 5.03495e-04 
1.481 	 2.25338e-03 	 1.78943e-03 	 4.63942e-04 
1.474 	 2.08378e-03 	 1.65491e-03 	 4.28868e-04 
1.467 	 1.93290e-03 	 1.53528e-03 	 3.97623e-04 
1.460 	 1.79808e-03 	 1.42842e-03 	 3.69668e-04 
1.453 	 1.67712e-03 	 1.33257e-03 	 3.44557e-04 
1.446 	 1.56818e-03 	 1.24626e-03 	 3.21915e-04 
1.439 	 1.46971e-03 	 1.16828e-03 	 3.01429e-04 
1.432 	 1.38040e-03 	 1.09757e-03 	 2.82832e-04 
1.425 	 1.29915e-03 	 1.03325e-03 	 2.65898e-04 
1.418 	 1.22501e-03 	 9.74575e-04 	 2.50434e-04 
1.411 	 1.15717e-03 	 9.20893e-04 	 2.36273e-04 
1.405 	 1.09492e-03 	 8.71651e-04 	 2.23272e-04 
1.398 	 1.03767e-03 	 8.26366e-04 	 2.11308e-04 
1.392 	 9.84894e-04 	 7.84623e-04 	 2.00272e-04 
1.385 	 9.36128e-04 	 7.46058e-04 	 1.90070e-04 
1.379 	 8.90974e-04 	 7.10353e-04 	 1.80620e-04 
1.372 	 8.49080e-04 	 6.77230e-04 	 1.71850e-04 
1.366 	 8.10137e-04 	 6.46442e-04 	 1.63696e-04 
1.360 	 7.73871e-04 	 6.17771e-04 	 1.56100e-04 
1.354 	 7.40039e-04 	 5.91026e-04 	 1.49013e-04 
1.348 	 7.08425e-04 	 5.66035e-04 	 1.42390e-04 
1.342 	 6.78837e-04 	 5.42645e-04 	 1.36192e-04 
1.336 	 6.51103e-04 	 5.20721e-04 	 1.30382e-04 
1.330 	 6.25068e-04 	 5.00140e-04 	 1.24928e-04 
1.324 	 6.00596e-04 	 4.80793e-04 	 1.19803e-04 
1.318 	 5.77562e-04 	 4.62582e-04 	 1.14980e-04 
1.312 	 5.55853e-04 	 4.45418e-04 	 1.10435e-04 
1.306 	 5.35368e-04 	 4.29220e-04 	 1.06148e-04 
1.301 	 5.16016e-04 	 4.13916e-04 	 1.02099e-04 
1.295 	 4.97713e-04 	 3.99441e-04 	 9.82717e-05 
1.289 	 4.80383e-04 	 3.85734e-04 	 9.46492e-05 
1.284 	 4.63958e-04 	 3.72740e-04 	 9.12176e-05 
1.278 	 4.48374e-04 	 3.60410e-04 	 8.79634e-05 
1.273 	 4.33573e-04 	 3.48698e-04 	 8.48748e-05 
1.268 	 4.19504e-04 	 3.37563e-04 	 8.19407e-05 
1.262 	 4.06117e-04 	 3.26966e-04 	 7.91508e-05 
1.257 	 3.93369e-04 	 3.16873e-04 	 7.64960e-05 
1.252 	 3.81218e-04 	 3.07251e-04 	 7.39677e-05 
1.246 	 3.69628e-04 	 2.98070e-04 	 7.15579e-05 
1.241 	 3.58563e-04 	 2.89304e-04 	 6.92593e-05 
1.236 	 3.47992e-04 	 2.80926e-04 	 6.70654e-05 
1.231 	 3.37884e-04 	 2.72915e-04 	 6.49697e-05 
1.226 	 3.28214e-04 	 2.65247e-04 	 6.29666e-05 
1.221 	 3.18954e-04 	 2.57904e-04 	 6.10507e-05 
1.216 	 3.10083e-04 	 2.50866e-04 	 5.92170e-05 
1.211 	 3.01577e-04 	 2.44116e-04 	 5.74610e-05 
1.206 	 2.93417e-04 	 2.37639e-04 	 5.57782e-05 
1.201 	 2.85583e-04 	 2.31419e-04 	 5.41647e-05 
1.196 	 2.78059e-04 	 2.25442e-04 	 5.26169e-05 
1.192 	 2.70827e-04 	 2.19696e-04 	 5.11311e-05 
1.187 	 2.63872e-04 	 2.14167e-04 	 4.97041e-05 
1.182 	 2.57179e-04 	 2.08846e-04 	 4.83330e-05 
1.178 	 2.50736e-04 	 2.03722e-04 	 4.70148e-05 
1.173 	 2.44530e-04 	 1.98784e-04 	 4.57469e-05 
1.168 	 2.38549e-04 	 1.94023e-04 	 4.45268e-05 
1.164 	 2.32782e-04 	 1.89430e-04 	 4.33521e-05 
1.159 	 2.27219e-04 	 1.84998e-04 	 4.22206e-05 
1.155 	 2.21849e-04 	 1.80719e-04 	 4.11303e-05 
1.150 	 2.16664e-04 	 1.76585e-04 	 4.00792e-05 
1.146 	 2.11655e-04 	 1.72589e-04 	 3.90655e-05 
1.141 	 2.06813e-04 	 1.68726e-04 	 3.80874e-05 
1.137 	 2.02132e-04 	 1.64989e-04 	 3.71434e-05 
1.133 	 1.97604e-04 	 1.61372e-04 	 3.62318e-05 
1.129 	 1.93222e-04 	 1.57871e-04 	 3.53512e-05 
1.124 	 1.88980e-04 	 1.54479e-04 	 3.45003e-05 
1.120 	 1.84871e-04 	 1.51193e-04 	 3.36777e-05 
1.116 	 1.80890e-04 	 1.48008e-04 	 3.28822e-05 
1.112 	 1.77031e-04 	 1.44919e-04 	 3.21128e-05 
1.108 	 1.73290e-04 	 1.41922e-04 	 3.13682e-05 
1.104 	 1.69661e-04 	 1.39014e-04 	 3.06474e-05 
1.099 	 1.66140e-04 	 1.36191e-04 	 2.99494e-05 
1.095 	 1.62722e-04 	 1.33449e-04 	 2.92734e-05 
1.091 	 1.59404e-04 	 1.30785e-04 	 2.86184e-05 
1.087 	 1.56181e-04 	 1.28197e-04 	 2.79835e-05 
1.083 	 1.53049e-04 	 1.25681e-04 	 2.73680e-05 
1.080 	 1.50005e-04 	 1.23234e-04 	 2.67711e-05 
1.076 	 1.47045e-04 	 1.20853e-04 	 2.61921e-05 
1.072 	 1.44167e-04 	 1.18537e-04 	 2.56303e-05 
1.068 	 1.41367e-04 	 1.16282e-04 	 2.50849e-05 
1.064 	 1.38642e-04 	 1.14086e-04 	 2.45555e-05 
1.060 	 1.35989e-04 	 1.11948e-04 	 2.40414e-05 
1.057 	 1.33407e-04 	 1.09865e-04 	 2.35420e-05 
1.053 	 1.30891e-04 	 1.07834e-04 	 2.30568e-05 
1.049 	 1.28440e-04 	 1.05855e-04 	 2.25852e-05 
1.046 	 1.26052e-04 	 1.03925e-04 	 2.21269e-05 
1.042 	 1.23723e-04 	 1.02042e-04 	 2.16812e-05 
1.038 	 1.21453e-04 	 1.00206e-04 	 2.12478e-05 
1.035 	 1.19239e-04 	 9.84132e-05 	 2.08261e-05 
1.031 	 1.17079e-04 	 9.66636e-05 	 2.04159e-05 
1.028 	 1.14972e-04 	 9.49553e-05 	 2.00167e-05 
1.024 	 1.12915e-04 	 9.32869e-05 	 1.96281e-05 
1.021 	 1.10907e-04 	 9.16571e-05 	 1.92497e-05 
1.017 	 1.08946e-04 	 9.00646e-05 	 1.88813e-05 
1.014 	 1.07031e-04 	 8.85082e-05 	 1.85224e-05 
1.010 	 1.05159e-04 	 8.69867e-05 	 1.81728e-05 
1.007 	 1.03331e-04 	 8.54989e-05 	 1.78322e-05 
1.003 	 1.01544e-04 	 8.40437e-05 	 1.75002e-05 
1.000 	 9.97968e-05 	 8.26202e-05 	 1.71766e-05 
