Energy [eV] Ext Cross [um^2] Abs Cross [um^2] Sca Cross [um^2] 
3.500 	 6.79252e-02 	 8.14641e-03 	 5.97788e-02 
3.471 	 6.16765e-02 	 8.06390e-03 	 5.36126e-02 
3.442 	 5.61874e-02 	 8.03194e-03 	 4.81554e-02 
3.414 	 5.12348e-02 	 8.04496e-03 	 4.31899e-02 
3.387 	 4.66704e-02 	 8.09904e-03 	 3.85714e-02 
3.360 	 4.23994e-02 	 8.19058e-03 	 3.42088e-02 
3.333 	 3.83672e-02 	 8.31616e-03 	 3.00510e-02 
3.306 	 3.45484e-02 	 8.47248e-03 	 2.60759e-02 
3.281 	 3.09368e-02 	 8.65624e-03 	 2.22806e-02 
3.255 	 2.75436e-02 	 8.86414e-03 	 1.86794e-02 
3.230 	 2.43922e-02 	 9.09279e-03 	 1.52994e-02 
3.205 	 2.15143e-02 	 9.33857e-03 	 1.21757e-02 
3.181 	 1.89448e-02 	 9.59767e-03 	 9.34714e-03 
3.157 	 1.67212e-02 	 9.86633e-03 	 6.85484e-03 
3.133 	 1.48802e-02 	 1.01410e-02 	 4.73919e-03 
3.110 	 1.34544e-02 	 1.04184e-02 	 3.03599e-03 
3.087 	 1.24711e-02 	 1.06957e-02 	 1.77542e-03 
3.064 	 1.19509e-02 	 1.09705e-02 	 9.80386e-04 
3.042 	 1.19072e-02 	 1.12421e-02 	 6.65133e-04 
3.020 	 1.23420e-02 	 1.15078e-02 	 8.34195e-04 
2.999 	 1.32486e-02 	 1.17661e-02 	 1.48251e-03 
2.977 	 1.46292e-02 	 1.20291e-02 	 2.60011e-03 
2.956 	 1.64498e-02 	 1.22867e-02 	 4.16308e-03 
2.935 	 1.86430e-02 	 1.25116e-02 	 6.13135e-03 
2.915 	 2.13103e-02 	 1.27983e-02 	 8.51202e-03 
2.895 	 2.43619e-02 	 1.30832e-02 	 1.12787e-02 
2.875 	 2.76241e-02 	 1.33752e-02 	 1.42489e-02 
2.855 	 3.12764e-02 	 1.37204e-02 	 1.75560e-02 
2.836 	 3.52050e-02 	 1.40085e-02 	 2.11965e-02 
2.817 	 3.94242e-02 	 1.44460e-02 	 2.49783e-02 
2.798 	 4.39393e-02 	 1.49892e-02 	 2.89501e-02 
2.780 	 4.87193e-02 	 1.56020e-02 	 3.31172e-02 
2.761 	 5.38316e-02 	 1.63879e-02 	 3.74436e-02 
2.743 	 5.93530e-02 	 1.74402e-02 	 4.19128e-02 
2.725 	 6.54018e-02 	 1.88686e-02 	 4.65332e-02 
2.708 	 7.21608e-02 	 2.08502e-02 	 5.13107e-02 
2.690 	 7.97831e-02 	 2.35363e-02 	 5.62468e-02 
2.673 	 8.82352e-02 	 2.68495e-02 	 6.13857e-02 
2.656 	 9.78490e-02 	 3.08598e-02 	 6.69892e-02 
2.639 	 1.09372e-01 	 3.58647e-02 	 7.35068e-02 
2.623 	 1.23962e-01 	 4.24732e-02 	 8.14889e-02 
2.606 	 1.41176e-01 	 5.06619e-02 	 9.05145e-02 
2.590 	 1.56295e-01 	 5.74686e-02 	 9.88265e-02 
2.574 	 1.62600e-01 	 5.82393e-02 	 1.04360e-01 
2.559 	 1.60904e-01 	 5.36302e-02 	 1.07274e-01 
2.543 	 1.58294e-01 	 4.88311e-02 	 1.09462e-01 
2.528 	 1.58235e-01 	 4.67556e-02 	 1.11480e-01 
2.513 	 1.58965e-01 	 4.69683e-02 	 1.11997e-01 
2.498 	 1.55966e-01 	 4.67471e-02 	 1.09219e-01 
2.483 	 1.47055e-01 	 4.32603e-02 	 1.03795e-01 
2.468 	 1.36173e-01 	 3.69893e-02 	 9.91838e-02 
2.454 	 1.28049e-01 	 3.05566e-02 	 9.74924e-02 
2.439 	 1.23758e-01 	 2.54318e-02 	 9.83260e-02 
2.425 	 1.22364e-01 	 2.17277e-02 	 1.00636e-01 
2.411 	 1.22786e-01 	 1.91124e-02 	 1.03674e-01 
2.397 	 1.24286e-01 	 1.72521e-02 	 1.07034e-01 
2.384 	 1.26419e-01 	 1.59047e-02 	 1.10514e-01 
2.370 	 1.28929e-01 	 1.49085e-02 	 1.14020e-01 
2.357 	 1.31664e-01 	 1.41574e-02 	 1.17507e-01 
2.344 	 1.34536e-01 	 1.35813e-02 	 1.20954e-01 
2.331 	 1.37488e-01 	 1.31331e-02 	 1.24355e-01 
2.318 	 1.40488e-01 	 1.27803e-02 	 1.27708e-01 
2.305 	 1.43512e-01 	 1.25002e-02 	 1.31012e-01 
2.292 	 1.46547e-01 	 1.22763e-02 	 1.34271e-01 
2.280 	 1.49584e-01 	 1.20967e-02 	 1.37487e-01 
2.268 	 1.52615e-01 	 1.19524e-02 	 1.40662e-01 
2.255 	 1.55636e-01 	 1.18368e-02 	 1.43799e-01 
2.243 	 1.58643e-01 	 1.17448e-02 	 1.46898e-01 
2.231 	 1.61634e-01 	 1.16723e-02 	 1.49962e-01 
2.220 	 1.64608e-01 	 1.16162e-02 	 1.52992e-01 
2.208 	 1.67562e-01 	 1.15738e-02 	 1.55988e-01 
2.196 	 1.70495e-01 	 1.15432e-02 	 1.58952e-01 
2.185 	 1.73407e-01 	 1.15226e-02 	 1.61884e-01 
2.173 	 1.76295e-01 	 1.15107e-02 	 1.64785e-01 
2.162 	 1.79160e-01 	 1.15064e-02 	 1.67654e-01 
2.151 	 1.82000e-01 	 1.15086e-02 	 1.70491e-01 
2.140 	 1.84814e-01 	 1.15166e-02 	 1.73298e-01 
2.129 	 1.87602e-01 	 1.15297e-02 	 1.76073e-01 
2.118 	 1.90363e-01 	 1.15471e-02 	 1.78816e-01 
2.108 	 1.93095e-01 	 1.15685e-02 	 1.81526e-01 
2.097 	 1.95798e-01 	 1.15932e-02 	 1.84204e-01 
2.087 	 1.98470e-01 	 1.16210e-02 	 1.86849e-01 
2.076 	 2.01112e-01 	 1.16514e-02 	 1.89460e-01 
2.066 	 2.03720e-01 	 1.16840e-02 	 1.92036e-01 
2.056 	 2.06296e-01 	 1.17186e-02 	 1.94577e-01 
2.046 	 2.08836e-01 	 1.17548e-02 	 1.97081e-01 
2.036 	 2.11340e-01 	 1.17925e-02 	 1.99548e-01 
2.026 	 2.13807e-01 	 1.18312e-02 	 2.01976e-01 
2.016 	 2.16235e-01 	 1.18709e-02 	 2.04364e-01 
2.007 	 2.18622e-01 	 1.19112e-02 	 2.06711e-01 
1.997 	 2.20967e-01 	 1.19519e-02 	 2.09015e-01 
1.988 	 2.23268e-01 	 1.19929e-02 	 2.11275e-01 
1.978 	 2.25524e-01 	 1.20338e-02 	 2.13490e-01 
1.969 	 2.27732e-01 	 1.20747e-02 	 2.15658e-01 
1.960 	 2.29892e-01 	 1.21152e-02 	 2.17776e-01 
1.951 	 2.32000e-01 	 1.21552e-02 	 2.19845e-01 
1.942 	 2.34055e-01 	 1.21945e-02 	 2.21861e-01 
1.933 	 2.36056e-01 	 1.22329e-02 	 2.23823e-01 
1.924 	 2.38000e-01 	 1.22702e-02 	 2.25730e-01 
1.915 	 2.39885e-01 	 1.23063e-02 	 2.27579e-01 
1.906 	 2.41710e-01 	 1.23410e-02 	 2.29369e-01 
1.898 	 2.43472e-01 	 1.23742e-02 	 2.31097e-01 
1.889 	 2.45169e-01 	 1.24057e-02 	 2.32763e-01 
1.881 	 2.46799e-01 	 1.24354e-02 	 2.34364e-01 
1.872 	 2.48361e-01 	 1.24631e-02 	 2.35898e-01 
1.864 	 2.49852e-01 	 1.24887e-02 	 2.37364e-01 
1.855 	 2.51272e-01 	 1.25121e-02 	 2.38760e-01 
1.847 	 2.52617e-01 	 1.25330e-02 	 2.40084e-01 
1.839 	 2.53886e-01 	 1.25515e-02 	 2.41334e-01 
1.831 	 2.55077e-01 	 1.25673e-02 	 2.42510e-01 
1.823 	 2.56190e-01 	 1.25803e-02 	 2.43610e-01 
1.815 	 2.57222e-01 	 1.25905e-02 	 2.44631e-01 
1.807 	 2.58172e-01 	 1.25977e-02 	 2.45574e-01 
1.800 	 2.59038e-01 	 1.26019e-02 	 2.46436e-01 
1.792 	 2.59820e-01 	 1.26029e-02 	 2.47217e-01 
1.784 	 2.60516e-01 	 1.26006e-02 	 2.47915e-01 
1.777 	 2.61126e-01 	 1.25951e-02 	 2.48530e-01 
1.769 	 2.61648e-01 	 1.25862e-02 	 2.49061e-01 
1.762 	 2.62081e-01 	 1.25738e-02 	 2.49508e-01 
1.754 	 2.62426e-01 	 1.25579e-02 	 2.49869e-01 
1.747 	 2.62682e-01 	 1.25384e-02 	 2.50144e-01 
1.740 	 2.62849e-01 	 1.25153e-02 	 2.50333e-01 
1.733 	 2.62926e-01 	 1.24886e-02 	 2.50437e-01 
1.725 	 2.62913e-01 	 1.24582e-02 	 2.50455e-01 
1.718 	 2.62811e-01 	 1.24241e-02 	 2.50386e-01 
1.711 	 2.62619e-01 	 1.23863e-02 	 2.50233e-01 
1.704 	 2.62339e-01 	 1.23448e-02 	 2.49995e-01 
1.697 	 2.61972e-01 	 1.22996e-02 	 2.49672e-01 
1.691 	 2.61516e-01 	 1.22508e-02 	 2.49266e-01 
1.684 	 2.60975e-01 	 1.21983e-02 	 2.48777e-01 
1.677 	 2.60349e-01 	 1.21422e-02 	 2.48207e-01 
1.670 	 2.59638e-01 	 1.20824e-02 	 2.47556e-01 
1.664 	 2.58845e-01 	 1.20191e-02 	 2.46826e-01 
1.657 	 2.57971e-01 	 1.19524e-02 	 2.46019e-01 
1.651 	 2.57017e-01 	 1.18821e-02 	 2.45135e-01 
1.644 	 2.55986e-01 	 1.18085e-02 	 2.44177e-01 
1.638 	 2.54879e-01 	 1.17316e-02 	 2.43147e-01 
1.631 	 2.53697e-01 	 1.16514e-02 	 2.42046e-01 
1.625 	 2.52444e-01 	 1.15681e-02 	 2.40876e-01 
1.619 	 2.51121e-01 	 1.14816e-02 	 2.39639e-01 
1.612 	 2.49730e-01 	 1.13922e-02 	 2.38338e-01 
1.606 	 2.48274e-01 	 1.12999e-02 	 2.36974e-01 
1.600 	 2.46755e-01 	 1.12048e-02 	 2.35550e-01 
1.594 	 2.45176e-01 	 1.11070e-02 	 2.34069e-01 
1.588 	 2.43539e-01 	 1.10066e-02 	 2.32532e-01 
1.582 	 2.41846e-01 	 1.09037e-02 	 2.30942e-01 
1.576 	 2.40100e-01 	 1.07984e-02 	 2.29302e-01 
1.570 	 2.38304e-01 	 1.06909e-02 	 2.27613e-01 
1.564 	 2.36460e-01 	 1.05811e-02 	 2.25879e-01 
1.558 	 2.34572e-01 	 1.04694e-02 	 2.24102e-01 
1.553 	 2.32640e-01 	 1.03557e-02 	 2.22284e-01 
1.547 	 2.30669e-01 	 1.02401e-02 	 2.20429e-01 
1.541 	 2.28660e-01 	 1.01229e-02 	 2.18537e-01 
1.536 	 2.26617e-01 	 1.00040e-02 	 2.16613e-01 
1.530 	 2.24541e-01 	 9.88371e-03 	 2.14658e-01 
1.524 	 2.22436e-01 	 9.76202e-03 	 2.12674e-01 
1.519 	 2.20304e-01 	 9.63907e-03 	 2.10665e-01 
1.513 	 2.18147e-01 	 9.51496e-03 	 2.08632e-01 
1.508 	 2.15967e-01 	 9.38981e-03 	 2.06577e-01 
1.503 	 2.13768e-01 	 9.26372e-03 	 2.04504e-01 
1.497 	 2.11551e-01 	 9.13679e-03 	 2.02414e-01 
1.492 	 2.09318e-01 	 9.00913e-03 	 2.00309e-01 
1.487 	 2.07073e-01 	 8.88082e-03 	 1.98192e-01 
1.481 	 2.04816e-01 	 8.75198e-03 	 1.96064e-01 
1.476 	 2.02550e-01 	 8.62269e-03 	 1.93927e-01 
1.471 	 2.00277e-01 	 8.49305e-03 	 1.91783e-01 
1.466 	 1.97998e-01 	 8.36313e-03 	 1.89635e-01 
1.461 	 1.95717e-01 	 8.23303e-03 	 1.87484e-01 
1.455 	 1.93433e-01 	 8.10283e-03 	 1.85331e-01 
1.450 	 1.91150e-01 	 7.97260e-03 	 1.83178e-01 
1.445 	 1.88869e-01 	 7.84243e-03 	 1.81027e-01 
1.440 	 1.86591e-01 	 7.71238e-03 	 1.78879e-01 
1.436 	 1.84318e-01 	 7.58252e-03 	 1.76736e-01 
1.431 	 1.82051e-01 	 7.45292e-03 	 1.74598e-01 
1.426 	 1.79792e-01 	 7.32365e-03 	 1.72468e-01 
1.421 	 1.77542e-01 	 7.19475e-03 	 1.70347e-01 
1.416 	 1.75301e-01 	 7.06629e-03 	 1.68235e-01 
1.411 	 1.73072e-01 	 6.93832e-03 	 1.66134e-01 
1.407 	 1.70855e-01 	 6.81090e-03 	 1.64045e-01 
1.402 	 1.68652e-01 	 6.68406e-03 	 1.61968e-01 
1.397 	 1.66463e-01 	 6.55786e-03 	 1.59905e-01 
1.393 	 1.64289e-01 	 6.43233e-03 	 1.57856e-01 
1.388 	 1.62131e-01 	 6.30752e-03 	 1.55823e-01 
1.383 	 1.59989e-01 	 6.18346e-03 	 1.53806e-01 
1.379 	 1.57865e-01 	 6.06019e-03 	 1.51805e-01 
1.374 	 1.55760e-01 	 5.93774e-03 	 1.49822e-01 
1.370 	 1.53672e-01 	 5.81614e-03 	 1.47856e-01 
1.365 	 1.51605e-01 	 5.69541e-03 	 1.45909e-01 
1.361 	 1.49557e-01 	 5.57558e-03 	 1.43981e-01 
1.356 	 1.47529e-01 	 5.45668e-03 	 1.42072e-01 
1.352 	 1.45522e-01 	 5.33871e-03 	 1.40183e-01 
1.348 	 1.43536e-01 	 5.22171e-03 	 1.38314e-01 
1.343 	 1.41571e-01 	 5.10569e-03 	 1.36465e-01 
1.339 	 1.39628e-01 	 4.99065e-03 	 1.34637e-01 
1.335 	 1.37706e-01 	 4.87662e-03 	 1.32830e-01 
1.331 	 1.35807e-01 	 4.76361e-03 	 1.31044e-01 
1.326 	 1.33930e-01 	 4.65162e-03 	 1.29279e-01 
1.322 	 1.32076e-01 	 4.54066e-03 	 1.27535e-01 
1.318 	 1.30244e-01 	 4.43075e-03 	 1.25813e-01 
1.314 	 1.28435e-01 	 4.32188e-03 	 1.24113e-01 
1.310 	 1.26648e-01 	 4.21406e-03 	 1.22434e-01 
1.306 	 1.24884e-01 	 4.10729e-03 	 1.20777e-01 
1.302 	 1.23143e-01 	 4.00158e-03 	 1.19142e-01 
1.298 	 1.21425e-01 	 3.89692e-03 	 1.17528e-01 
1.294 	 1.19730e-01 	 3.79331e-03 	 1.15936e-01 
1.290 	 1.18057e-01 	 3.69076e-03 	 1.14366e-01 
1.286 	 1.16407e-01 	 3.58926e-03 	 1.12817e-01 
1.282 	 1.14779e-01 	 3.48880e-03 	 1.11290e-01 
1.278 	 1.13174e-01 	 3.38939e-03 	 1.09784e-01 
1.274 	 1.11591e-01 	 3.29102e-03 	 1.08300e-01 
1.270 	 1.10030e-01 	 3.19367e-03 	 1.06836e-01 
1.266 	 1.08491e-01 	 3.09736e-03 	 1.05394e-01 
1.262 	 1.06974e-01 	 3.00206e-03 	 1.03972e-01 
1.259 	 1.05479e-01 	 2.90778e-03 	 1.02571e-01 
1.255 	 1.04005e-01 	 2.81450e-03 	 1.01191e-01 
1.251 	 1.02553e-01 	 2.72221e-03 	 9.98309e-02 
1.247 	 1.01122e-01 	 2.63092e-03 	 9.84911e-02 
1.244 	 9.97118e-02 	 2.54060e-03 	 9.71712e-02 
1.240 	 9.83223e-02 	 2.45126e-03 	 9.58711e-02 
1.236 	 9.69534e-02 	 2.36287e-03 	 9.45905e-02 
1.233 	 9.56048e-02 	 2.27544e-03 	 9.33293e-02 
1.229 	 9.42762e-02 	 2.18894e-03 	 9.20873e-02 
1.225 	 9.29675e-02 	 2.10338e-03 	 9.08641e-02 
1.222 	 9.16784e-02 	 2.01873e-03 	 8.96596e-02 
1.218 	 9.04086e-02 	 1.93500e-03 	 8.84736e-02 
1.215 	 8.91580e-02 	 1.85216e-03 	 8.73059e-02 
1.211 	 8.79263e-02 	 1.77020e-03 	 8.61561e-02 
1.208 	 8.67132e-02 	 1.68912e-03 	 8.50241e-02 
1.204 	 8.55185e-02 	 1.60891e-03 	 8.39096e-02 
1.201 	 8.43420e-02 	 1.52954e-03 	 8.28124e-02 
1.197 	 8.31833e-02 	 1.45102e-03 	 8.17323e-02 
1.194 	 8.20423e-02 	 1.37333e-03 	 8.06690e-02 
1.191 	 8.09187e-02 	 1.29645e-03 	 7.96223e-02 
1.187 	 7.98123e-02 	 1.22038e-03 	 7.85919e-02 
1.184 	 7.87227e-02 	 1.14511e-03 	 7.75776e-02 
1.180 	 7.76498e-02 	 1.07061e-03 	 7.65792e-02 
1.177 	 7.65933e-02 	 9.96893e-04 	 7.55964e-02 
1.174 	 7.55530e-02 	 9.23932e-04 	 7.46290e-02 
1.171 	 7.45285e-02 	 8.51720e-04 	 7.36768e-02 
1.167 	 7.35198e-02 	 7.80245e-04 	 7.27395e-02 
1.164 	 7.25264e-02 	 7.09497e-04 	 7.18169e-02 
1.161 	 7.15483e-02 	 6.39463e-04 	 7.09088e-02 
1.158 	 7.05851e-02 	 5.70132e-04 	 7.00150e-02 
1.154 	 6.96366e-02 	 5.01494e-04 	 6.91351e-02 
1.151 	 6.87026e-02 	 4.33537e-04 	 6.82690e-02 
1.148 	 6.77828e-02 	 3.66251e-04 	 6.74166e-02 
1.145 	 6.68770e-02 	 2.99624e-04 	 6.65774e-02 
1.142 	 6.59851e-02 	 2.33646e-04 	 6.57514e-02 
1.139 	 6.51067e-02 	 1.68306e-04 	 6.49384e-02 
1.136 	 6.42416e-02 	 1.03593e-04 	 6.41380e-02 
1.133 	 6.33897e-02 	 3.94982e-05 	 6.33502e-02 
1.130 	 6.25506e-02 	 -2.39902e-05 	 6.25746e-02 
1.126 	 6.17243e-02 	 -8.68819e-05 	 6.18111e-02 
1.123 	 6.09104e-02 	 -1.49187e-04 	 6.10596e-02 
1.120 	 6.01088e-02 	 -2.10915e-04 	 6.03197e-02 
1.117 	 5.93192e-02 	 -2.72076e-04 	 5.95913e-02 
1.114 	 5.85416e-02 	 -3.32680e-04 	 5.88742e-02 
1.112 	 5.77755e-02 	 -3.92736e-04 	 5.81683e-02 
1.109 	 5.70210e-02 	 -4.52254e-04 	 5.74732e-02 
1.106 	 5.62777e-02 	 -5.11242e-04 	 5.67889e-02 
1.103 	 5.55455e-02 	 -5.69710e-04 	 5.61152e-02 
1.100 	 5.48241e-02 	 -6.27667e-04 	 5.54518e-02 
1.097 	 5.41135e-02 	 -6.85121e-04 	 5.47986e-02 
1.094 	 5.34134e-02 	 -7.42082e-04 	 5.41555e-02 
1.091 	 5.27236e-02 	 -7.98558e-04 	 5.35222e-02 
1.088 	 5.20440e-02 	 -8.54558e-04 	 5.28986e-02 
1.086 	 5.13744e-02 	 -9.10090e-04 	 5.22845e-02 
1.083 	 5.07146e-02 	 -9.65162e-04 	 5.16797e-02 
1.080 	 5.00644e-02 	 -1.01978e-03 	 5.10842e-02 
1.077 	 4.94237e-02 	 -1.07396e-03 	 5.04977e-02 
1.074 	 4.87924e-02 	 -1.12770e-03 	 4.99201e-02 
1.072 	 4.81701e-02 	 -1.18101e-03 	 4.93512e-02 
1.069 	 4.75569e-02 	 -1.23391e-03 	 4.87908e-02 
1.066 	 4.69526e-02 	 -1.28639e-03 	 4.82390e-02 
1.064 	 4.63569e-02 	 -1.33846e-03 	 4.76954e-02 
1.061 	 4.57698e-02 	 -1.39014e-03 	 4.71599e-02 
1.058 	 4.51910e-02 	 -1.44143e-03 	 4.66324e-02 
1.055 	 4.46205e-02 	 -1.49233e-03 	 4.61129e-02 
1.053 	 4.40581e-02 	 -1.54286e-03 	 4.56010e-02 
1.050 	 4.35037e-02 	 -1.59301e-03 	 4.50967e-02 
1.048 	 4.29571e-02 	 -1.64280e-03 	 4.46000e-02 
1.045 	 4.24183e-02 	 -1.69224e-03 	 4.41105e-02 
1.042 	 4.18869e-02 	 -1.74132e-03 	 4.36283e-02 
1.040 	 4.13630e-02 	 -1.79006e-03 	 4.31531e-02 
1.037 	 4.08464e-02 	 -1.83847e-03 	 4.26849e-02 
1.035 	 4.03370e-02 	 -1.88654e-03 	 4.22236e-02 
1.032 	 3.98347e-02 	 -1.93428e-03 	 4.17689e-02 
1.030 	 3.93392e-02 	 -1.98171e-03 	 4.13209e-02 
1.027 	 3.88506e-02 	 -2.02882e-03 	 4.08794e-02 
1.024 	 3.83687e-02 	 -2.07562e-03 	 4.04443e-02 
1.022 	 3.78934e-02 	 -2.12212e-03 	 4.00155e-02 
1.019 	 3.74245e-02 	 -2.16832e-03 	 3.95928e-02 
1.017 	 3.69620e-02 	 -2.21423e-03 	 3.91762e-02 
1.015 	 3.65058e-02 	 -2.25986e-03 	 3.87656e-02 
1.012 	 3.60556e-02 	 -2.30520e-03 	 3.83608e-02 
1.010 	 3.56116e-02 	 -2.35027e-03 	 3.79618e-02 
1.007 	 3.51734e-02 	 -2.39506e-03 	 3.75685e-02 
1.005 	 3.47412e-02 	 -2.43959e-03 	 3.71808e-02 
1.002 	 3.43146e-02 	 -2.48386e-03 	 3.67985e-02 
1.000 	 3.38937e-02 	 -2.52787e-03 	 3.64216e-02 
