Energy [eV] Ext Cross [um^2] Abs Cross [um^2] Sca Cross [um^2] 
3.500 	 2.69445e-02 	 3.45308e-03 	 2.34914e-02 
3.471 	 2.47700e-02 	 3.56750e-03 	 2.12025e-02 
3.442 	 2.26686e-02 	 3.67812e-03 	 1.89904e-02 
3.414 	 2.06505e-02 	 3.78638e-03 	 1.68641e-02 
3.387 	 1.87259e-02 	 3.89334e-03 	 1.48326e-02 
3.360 	 1.69046e-02 	 3.99970e-03 	 1.29049e-02 
3.333 	 1.51965e-02 	 4.10584e-03 	 1.10906e-02 
3.306 	 1.36106e-02 	 4.21193e-03 	 9.39871e-03 
3.281 	 1.21541e-02 	 4.31800e-03 	 7.83615e-03 
3.255 	 1.08333e-02 	 4.42403e-03 	 6.40926e-03 
3.230 	 9.65362e-03 	 4.53010e-03 	 5.12352e-03 
3.205 	 8.61959e-03 	 4.63632e-03 	 3.98327e-03 
3.181 	 7.73412e-03 	 4.74283e-03 	 2.99129e-03 
3.157 	 6.99949e-03 	 4.84986e-03 	 2.14963e-03 
3.133 	 6.41698e-03 	 4.95763e-03 	 1.45935e-03 
3.110 	 5.98663e-03 	 5.06642e-03 	 9.20209e-04 
3.087 	 5.70760e-03 	 5.17646e-03 	 5.31142e-04 
3.064 	 5.57836e-03 	 5.28803e-03 	 2.90330e-04 
3.042 	 5.59728e-03 	 5.40201e-03 	 1.95267e-04 
3.020 	 5.76067e-03 	 5.51793e-03 	 2.42736e-04 
2.999 	 6.06455e-03 	 5.63560e-03 	 4.28947e-04 
2.977 	 6.51227e-03 	 5.76141e-03 	 7.50869e-04 
2.956 	 7.09349e-03 	 5.89017e-03 	 1.20332e-03 
2.935 	 7.78516e-03 	 6.00745e-03 	 1.77771e-03 
2.915 	 8.64210e-03 	 6.16032e-03 	 2.48178e-03 
2.895 	 9.62872e-03 	 6.31542e-03 	 3.31330e-03 
2.875 	 1.06978e-02 	 6.47496e-03 	 4.22287e-03 
2.855 	 1.19194e-02 	 6.66094e-03 	 5.25845e-03 
2.836 	 1.32375e-02 	 6.81438e-03 	 6.42311e-03 
2.817 	 1.47053e-02 	 7.03767e-03 	 7.66765e-03 
2.798 	 1.63162e-02 	 7.30493e-03 	 9.01129e-03 
2.780 	 1.80503e-02 	 7.59258e-03 	 1.04577e-02 
2.761 	 1.99482e-02 	 7.94738e-03 	 1.20009e-02 
2.743 	 2.20473e-02 	 8.40848e-03 	 1.36388e-02 
2.725 	 2.43969e-02 	 9.02031e-03 	 1.53765e-02 
2.708 	 2.70822e-02 	 9.86167e-03 	 1.72205e-02 
2.690 	 3.02336e-02 	 1.10523e-02 	 1.91813e-02 
2.673 	 3.40627e-02 	 1.27909e-02 	 2.12718e-02 
2.656 	 3.87508e-02 	 1.52344e-02 	 2.35163e-02 
2.639 	 4.39240e-02 	 1.80127e-02 	 2.59113e-02 
2.623 	 4.75231e-02 	 1.92742e-02 	 2.82489e-02 
2.606 	 4.82448e-02 	 1.78480e-02 	 3.03968e-02 
2.590 	 4.84213e-02 	 1.58359e-02 	 3.25854e-02 
2.574 	 4.97304e-02 	 1.47549e-02 	 3.49755e-02 
2.559 	 5.23590e-02 	 1.47652e-02 	 3.75938e-02 
2.543 	 5.62539e-02 	 1.58330e-02 	 4.04208e-02 
2.528 	 6.14153e-02 	 1.80586e-02 	 4.33567e-02 
2.513 	 6.73627e-02 	 2.13196e-02 	 4.60431e-02 
2.498 	 7.18104e-02 	 2.40579e-02 	 4.77526e-02 
2.483 	 7.18532e-02 	 2.34793e-02 	 4.83739e-02 
2.468 	 6.93292e-02 	 2.01140e-02 	 4.92152e-02 
2.454 	 6.77832e-02 	 1.67843e-02 	 5.09989e-02 
2.439 	 6.79590e-02 	 1.45033e-02 	 5.34557e-02 
2.425 	 6.93498e-02 	 1.30966e-02 	 5.62532e-02 
2.411 	 7.14702e-02 	 1.22501e-02 	 5.92200e-02 
2.397 	 7.40306e-02 	 1.17473e-02 	 6.22833e-02 
2.384 	 7.68725e-02 	 1.14588e-02 	 6.54137e-02 
2.370 	 7.99084e-02 	 1.13086e-02 	 6.85998e-02 
2.357 	 8.30886e-02 	 1.12512e-02 	 7.18374e-02 
2.344 	 8.63840e-02 	 1.12585e-02 	 7.51255e-02 
2.331 	 8.97762e-02 	 1.13124e-02 	 7.84638e-02 
2.318 	 9.32535e-02 	 1.14011e-02 	 8.18524e-02 
2.305 	 9.68079e-02 	 1.15165e-02 	 8.52914e-02 
2.292 	 1.00434e-01 	 1.16530e-02 	 8.87808e-02 
2.280 	 1.04127e-01 	 1.18063e-02 	 9.23204e-02 
2.268 	 1.07883e-01 	 1.19736e-02 	 9.59095e-02 
2.255 	 1.11699e-01 	 1.21524e-02 	 9.95465e-02 
2.243 	 1.15571e-01 	 1.23411e-02 	 1.03230e-01 
2.231 	 1.19495e-01 	 1.25382e-02 	 1.06956e-01 
2.220 	 1.23467e-01 	 1.27425e-02 	 1.10725e-01 
2.208 	 1.27484e-01 	 1.29529e-02 	 1.14531e-01 
2.196 	 1.31542e-01 	 1.31685e-02 	 1.18373e-01 
2.185 	 1.35634e-01 	 1.33885e-02 	 1.22245e-01 
2.173 	 1.39756e-01 	 1.36121e-02 	 1.26144e-01 
2.162 	 1.43901e-01 	 1.38386e-02 	 1.30063e-01 
2.151 	 1.48064e-01 	 1.40672e-02 	 1.33997e-01 
2.140 	 1.52236e-01 	 1.42971e-02 	 1.37939e-01 
2.129 	 1.56410e-01 	 1.45277e-02 	 1.41882e-01 
2.118 	 1.60577e-01 	 1.47581e-02 	 1.45819e-01 
2.108 	 1.64729e-01 	 1.49875e-02 	 1.49741e-01 
2.097 	 1.68855e-01 	 1.52152e-02 	 1.53639e-01 
2.087 	 1.72944e-01 	 1.54403e-02 	 1.57504e-01 
2.076 	 1.76988e-01 	 1.56619e-02 	 1.61326e-01 
2.066 	 1.80972e-01 	 1.58792e-02 	 1.65093e-01 
2.056 	 1.84887e-01 	 1.60913e-02 	 1.68795e-01 
2.046 	 1.88718e-01 	 1.62971e-02 	 1.72421e-01 
2.036 	 1.92454e-01 	 1.64959e-02 	 1.75958e-01 
2.026 	 1.96081e-01 	 1.66866e-02 	 1.79394e-01 
2.016 	 1.99585e-01 	 1.68683e-02 	 1.82717e-01 
2.007 	 2.02955e-01 	 1.70400e-02 	 1.85915e-01 
1.997 	 2.06176e-01 	 1.72008e-02 	 1.88975e-01 
1.988 	 2.09235e-01 	 1.73499e-02 	 1.91885e-01 
1.978 	 2.12119e-01 	 1.74863e-02 	 1.94633e-01 
1.969 	 2.14817e-01 	 1.76093e-02 	 1.97208e-01 
1.960 	 2.17316e-01 	 1.77181e-02 	 1.99597e-01 
1.951 	 2.19604e-01 	 1.78119e-02 	 2.01793e-01 
1.942 	 2.21674e-01 	 1.78902e-02 	 2.03783e-01 
1.933 	 2.23514e-01 	 1.79522e-02 	 2.05562e-01 
1.924 	 2.25117e-01 	 1.79976e-02 	 2.07120e-01 
1.915 	 2.26477e-01 	 1.80259e-02 	 2.08451e-01 
1.906 	 2.27588e-01 	 1.80369e-02 	 2.09551e-01 
1.898 	 2.28446e-01 	 1.80304e-02 	 2.10416e-01 
1.889 	 2.29048e-01 	 1.80064e-02 	 2.11042e-01 
1.881 	 2.29394e-01 	 1.79648e-02 	 2.11429e-01 
1.872 	 2.29484e-01 	 1.79059e-02 	 2.11578e-01 
1.864 	 2.29319e-01 	 1.78297e-02 	 2.11490e-01 
1.855 	 2.28904e-01 	 1.77367e-02 	 2.11168e-01 
1.847 	 2.28244e-01 	 1.76273e-02 	 2.10616e-01 
1.839 	 2.27343e-01 	 1.75019e-02 	 2.09841e-01 
1.831 	 2.26211e-01 	 1.73613e-02 	 2.08849e-01 
1.823 	 2.24855e-01 	 1.72060e-02 	 2.07649e-01 
1.815 	 2.23284e-01 	 1.70369e-02 	 2.06248e-01 
1.807 	 2.21511e-01 	 1.68547e-02 	 2.04656e-01 
1.800 	 2.19545e-01 	 1.66603e-02 	 2.02885e-01 
1.792 	 2.17398e-01 	 1.64546e-02 	 2.00944e-01 
1.784 	 2.15084e-01 	 1.62384e-02 	 1.98846e-01 
1.777 	 2.12614e-01 	 1.60127e-02 	 1.96602e-01 
1.769 	 2.10002e-01 	 1.57785e-02 	 1.94223e-01 
1.762 	 2.07260e-01 	 1.55366e-02 	 1.91723e-01 
1.754 	 2.04401e-01 	 1.52880e-02 	 1.89113e-01 
1.747 	 2.01439e-01 	 1.50336e-02 	 1.86405e-01 
1.740 	 1.98385e-01 	 1.47741e-02 	 1.83611e-01 
1.733 	 1.95252e-01 	 1.45106e-02 	 1.80742e-01 
1.725 	 1.92052e-01 	 1.42438e-02 	 1.77808e-01 
1.718 	 1.88796e-01 	 1.39745e-02 	 1.74822e-01 
1.711 	 1.85495e-01 	 1.37035e-02 	 1.71792e-01 
1.704 	 1.82159e-01 	 1.34313e-02 	 1.68728e-01 
1.697 	 1.78799e-01 	 1.31588e-02 	 1.65640e-01 
1.691 	 1.75422e-01 	 1.28864e-02 	 1.62536e-01 
1.684 	 1.72038e-01 	 1.26148e-02 	 1.59423e-01 
1.677 	 1.68655e-01 	 1.23445e-02 	 1.56310e-01 
1.670 	 1.65279e-01 	 1.20759e-02 	 1.53203e-01 
1.664 	 1.61918e-01 	 1.18095e-02 	 1.50109e-01 
1.657 	 1.58578e-01 	 1.15456e-02 	 1.47032e-01 
1.651 	 1.55263e-01 	 1.12847e-02 	 1.43978e-01 
1.644 	 1.51980e-01 	 1.10269e-02 	 1.40953e-01 
1.638 	 1.48732e-01 	 1.07726e-02 	 1.37959e-01 
1.631 	 1.45523e-01 	 1.05221e-02 	 1.35001e-01 
1.625 	 1.42358e-01 	 1.02754e-02 	 1.32082e-01 
1.619 	 1.39238e-01 	 1.00329e-02 	 1.29205e-01 
1.612 	 1.36167e-01 	 9.79451e-03 	 1.26373e-01 
1.606 	 1.33147e-01 	 9.56052e-03 	 1.23586e-01 
1.600 	 1.30179e-01 	 9.33096e-03 	 1.20848e-01 
1.594 	 1.27265e-01 	 9.10591e-03 	 1.18159e-01 
1.588 	 1.24407e-01 	 8.88541e-03 	 1.15522e-01 
1.582 	 1.21605e-01 	 8.66950e-03 	 1.12935e-01 
1.576 	 1.18860e-01 	 8.45819e-03 	 1.10402e-01 
1.570 	 1.16172e-01 	 8.25148e-03 	 1.07921e-01 
1.564 	 1.13542e-01 	 8.04937e-03 	 1.05493e-01 
1.558 	 1.10970e-01 	 7.85182e-03 	 1.03118e-01 
1.553 	 1.08455e-01 	 7.65881e-03 	 1.00796e-01 
1.547 	 1.05998e-01 	 7.47028e-03 	 9.85274e-02 
1.541 	 1.03597e-01 	 7.28619e-03 	 9.63112e-02 
1.536 	 1.01254e-01 	 7.10648e-03 	 9.41471e-02 
1.530 	 9.89657e-02 	 6.93109e-03 	 9.20346e-02 
1.524 	 9.67330e-02 	 6.75993e-03 	 8.99731e-02 
1.519 	 9.45547e-02 	 6.59294e-03 	 8.79618e-02 
1.513 	 9.24300e-02 	 6.43005e-03 	 8.60000e-02 
1.508 	 9.03581e-02 	 6.27116e-03 	 8.40869e-02 
1.503 	 8.83379e-02 	 6.11620e-03 	 8.22217e-02 
1.497 	 8.63685e-02 	 5.96507e-03 	 8.04034e-02 
1.492 	 8.44488e-02 	 5.81770e-03 	 7.86311e-02 
1.487 	 8.25779e-02 	 5.67400e-03 	 7.69039e-02 
1.481 	 8.07548e-02 	 5.53387e-03 	 7.52209e-02 
1.476 	 7.89782e-02 	 5.39723e-03 	 7.35810e-02 
1.471 	 7.72472e-02 	 5.26400e-03 	 7.19832e-02 
1.466 	 7.55608e-02 	 5.13408e-03 	 7.04267e-02 
1.461 	 7.39177e-02 	 5.00739e-03 	 6.89103e-02 
1.455 	 7.23170e-02 	 4.88385e-03 	 6.74332e-02 
1.450 	 7.07576e-02 	 4.76336e-03 	 6.59943e-02 
1.445 	 6.92385e-02 	 4.64586e-03 	 6.45927e-02 
1.440 	 6.77586e-02 	 4.53125e-03 	 6.32273e-02 
1.436 	 6.63168e-02 	 4.41946e-03 	 6.18974e-02 
1.431 	 6.49123e-02 	 4.31040e-03 	 6.06019e-02 
1.426 	 6.35439e-02 	 4.20400e-03 	 5.93399e-02 
1.421 	 6.22106e-02 	 4.10019e-03 	 5.81105e-02 
1.416 	 6.09117e-02 	 3.99888e-03 	 5.69128e-02 
1.411 	 5.96460e-02 	 3.90001e-03 	 5.57459e-02 
1.407 	 5.84126e-02 	 3.80350e-03 	 5.46091e-02 
1.402 	 5.72108e-02 	 3.70930e-03 	 5.35015e-02 
1.397 	 5.60395e-02 	 3.61732e-03 	 5.24222e-02 
1.393 	 5.48979e-02 	 3.52751e-03 	 5.13704e-02 
1.388 	 5.37853e-02 	 3.43980e-03 	 5.03455e-02 
1.383 	 5.27007e-02 	 3.35413e-03 	 4.93466e-02 
1.379 	 5.16434e-02 	 3.27044e-03 	 4.83729e-02 
1.374 	 5.06126e-02 	 3.18868e-03 	 4.74239e-02 
1.370 	 4.96075e-02 	 3.10878e-03 	 4.64987e-02 
1.365 	 4.86275e-02 	 3.03070e-03 	 4.55968e-02 
1.361 	 4.76717e-02 	 2.95437e-03 	 4.47174e-02 
1.356 	 4.67396e-02 	 2.87975e-03 	 4.38598e-02 
1.352 	 4.58304e-02 	 2.80679e-03 	 4.30236e-02 
1.348 	 4.49435e-02 	 2.73543e-03 	 4.22080e-02 
1.343 	 4.40782e-02 	 2.66564e-03 	 4.14125e-02 
1.339 	 4.32339e-02 	 2.59736e-03 	 4.06365e-02 
1.335 	 4.24100e-02 	 2.53055e-03 	 3.98795e-02 
1.331 	 4.16060e-02 	 2.46516e-03 	 3.91408e-02 
1.326 	 4.08213e-02 	 2.40116e-03 	 3.84201e-02 
1.322 	 4.00552e-02 	 2.33851e-03 	 3.77167e-02 
1.318 	 3.93074e-02 	 2.27716e-03 	 3.70302e-02 
1.314 	 3.85773e-02 	 2.21709e-03 	 3.63602e-02 
1.310 	 3.78643e-02 	 2.15824e-03 	 3.57061e-02 
1.306 	 3.71680e-02 	 2.10059e-03 	 3.50674e-02 
1.302 	 3.64880e-02 	 2.04410e-03 	 3.44439e-02 
1.298 	 3.58237e-02 	 1.98875e-03 	 3.38350e-02 
1.294 	 3.51748e-02 	 1.93448e-03 	 3.32403e-02 
1.290 	 3.45407e-02 	 1.88129e-03 	 3.26594e-02 
1.286 	 3.39211e-02 	 1.82913e-03 	 3.20920e-02 
1.282 	 3.33157e-02 	 1.77797e-03 	 3.15377e-02 
1.278 	 3.27239e-02 	 1.72779e-03 	 3.09961e-02 
1.274 	 3.21454e-02 	 1.67857e-03 	 3.04668e-02 
1.270 	 3.15799e-02 	 1.63026e-03 	 2.99496e-02 
1.266 	 3.10270e-02 	 1.58285e-03 	 2.94441e-02 
1.262 	 3.04863e-02 	 1.53632e-03 	 2.89500e-02 
1.259 	 2.99575e-02 	 1.49063e-03 	 2.84669e-02 
1.255 	 2.94403e-02 	 1.44577e-03 	 2.79946e-02 
1.251 	 2.89344e-02 	 1.40171e-03 	 2.75327e-02 
1.247 	 2.84395e-02 	 1.35842e-03 	 2.70811e-02 
1.244 	 2.79553e-02 	 1.31590e-03 	 2.66394e-02 
1.240 	 2.74814e-02 	 1.27412e-03 	 2.62073e-02 
1.236 	 2.70177e-02 	 1.23305e-03 	 2.57847e-02 
1.233 	 2.65638e-02 	 1.19269e-03 	 2.53712e-02 
1.229 	 2.61196e-02 	 1.15300e-03 	 2.49666e-02 
1.225 	 2.56846e-02 	 1.11398e-03 	 2.45706e-02 
1.222 	 2.52587e-02 	 1.07560e-03 	 2.41831e-02 
1.218 	 2.48417e-02 	 1.03785e-03 	 2.38039e-02 
1.215 	 2.44334e-02 	 1.00070e-03 	 2.34327e-02 
1.211 	 2.40334e-02 	 9.64156e-04 	 2.30692e-02 
1.208 	 2.36416e-02 	 9.28187e-04 	 2.27134e-02 
1.204 	 2.32577e-02 	 8.92781e-04 	 2.23650e-02 
1.201 	 2.28817e-02 	 8.57924e-04 	 2.20238e-02 
1.197 	 2.25132e-02 	 8.23602e-04 	 2.16896e-02 
1.194 	 2.21521e-02 	 7.89801e-04 	 2.13623e-02 
1.191 	 2.17981e-02 	 7.56506e-04 	 2.10416e-02 
1.187 	 2.14512e-02 	 7.23707e-04 	 2.07275e-02 
1.184 	 2.11111e-02 	 6.91389e-04 	 2.04198e-02 
1.180 	 2.07777e-02 	 6.59541e-04 	 2.01182e-02 
1.177 	 2.04508e-02 	 6.28150e-04 	 1.98227e-02 
1.174 	 2.01302e-02 	 5.97206e-04 	 1.95330e-02 
1.171 	 1.98158e-02 	 5.66696e-04 	 1.92491e-02 
1.167 	 1.95074e-02 	 5.36611e-04 	 1.89708e-02 
1.164 	 1.92049e-02 	 5.06939e-04 	 1.86980e-02 
1.161 	 1.89082e-02 	 4.77670e-04 	 1.84305e-02 
1.158 	 1.86170e-02 	 4.48795e-04 	 1.81682e-02 
1.154 	 1.83313e-02 	 4.20303e-04 	 1.79110e-02 
1.151 	 1.80510e-02 	 3.92185e-04 	 1.76588e-02 
1.148 	 1.77758e-02 	 3.64432e-04 	 1.74114e-02 
1.145 	 1.75057e-02 	 3.37036e-04 	 1.71687e-02 
1.142 	 1.72406e-02 	 3.09986e-04 	 1.69306e-02 
1.139 	 1.69803e-02 	 2.83276e-04 	 1.66970e-02 
1.136 	 1.67248e-02 	 2.56896e-04 	 1.64679e-02 
1.133 	 1.64738e-02 	 2.30839e-04 	 1.62430e-02 
1.130 	 1.62274e-02 	 2.05097e-04 	 1.60223e-02 
1.126 	 1.59854e-02 	 1.79663e-04 	 1.58057e-02 
1.123 	 1.57476e-02 	 1.54529e-04 	 1.55931e-02 
1.120 	 1.55141e-02 	 1.29689e-04 	 1.53844e-02 
1.117 	 1.52847e-02 	 1.05134e-04 	 1.51796e-02 
1.114 	 1.50593e-02 	 8.08595e-05 	 1.49785e-02 
1.112 	 1.48378e-02 	 5.68580e-05 	 1.47810e-02 
1.109 	 1.46202e-02 	 3.31232e-05 	 1.45871e-02 
1.106 	 1.44063e-02 	 9.64904e-06 	 1.43967e-02 
1.103 	 1.41961e-02 	 -1.35705e-05 	 1.42096e-02 
1.100 	 1.39894e-02 	 -3.65413e-05 	 1.40260e-02 
1.097 	 1.37863e-02 	 -5.92691e-05 	 1.38455e-02 
1.094 	 1.35865e-02 	 -8.17594e-05 	 1.36683e-02 
1.091 	 1.33901e-02 	 -1.04018e-04 	 1.34942e-02 
1.088 	 1.31970e-02 	 -1.26049e-04 	 1.33231e-02 
1.086 	 1.30071e-02 	 -1.47859e-04 	 1.31550e-02 
1.083 	 1.28203e-02 	 -1.69452e-04 	 1.29898e-02 
1.080 	 1.26366e-02 	 -1.90833e-04 	 1.28274e-02 
1.077 	 1.24559e-02 	 -2.12008e-04 	 1.26679e-02 
1.074 	 1.22781e-02 	 -2.32980e-04 	 1.25111e-02 
1.072 	 1.21032e-02 	 -2.53754e-04 	 1.23569e-02 
1.069 	 1.19311e-02 	 -2.74335e-04 	 1.22054e-02 
1.066 	 1.17617e-02 	 -2.94727e-04 	 1.20564e-02 
1.064 	 1.15950e-02 	 -3.14934e-04 	 1.19100e-02 
1.061 	 1.14310e-02 	 -3.34961e-04 	 1.17660e-02 
1.058 	 1.12695e-02 	 -3.54810e-04 	 1.16243e-02 
1.055 	 1.11106e-02 	 -3.74487e-04 	 1.14851e-02 
1.053 	 1.09541e-02 	 -3.93994e-04 	 1.13481e-02 
1.050 	 1.08001e-02 	 -4.13336e-04 	 1.12134e-02 
1.048 	 1.06484e-02 	 -4.32517e-04 	 1.10809e-02 
1.045 	 1.04990e-02 	 -4.51538e-04 	 1.09506e-02 
1.042 	 1.03520e-02 	 -4.70405e-04 	 1.08224e-02 
1.040 	 1.02071e-02 	 -4.89120e-04 	 1.06962e-02 
1.037 	 1.00644e-02 	 -5.07687e-04 	 1.05721e-02 
1.035 	 9.92388e-03 	 -5.26108e-04 	 1.04500e-02 
1.032 	 9.78544e-03 	 -5.44388e-04 	 1.03298e-02 
1.030 	 9.64904e-03 	 -5.62528e-04 	 1.02116e-02 
1.027 	 9.51465e-03 	 -5.80532e-04 	 1.00952e-02 
1.024 	 9.38224e-03 	 -5.98403e-04 	 9.98064e-03 
1.022 	 9.25175e-03 	 -6.16143e-04 	 9.86789e-03 
1.019 	 9.12316e-03 	 -6.33756e-04 	 9.75691e-03 
1.017 	 8.99642e-03 	 -6.51244e-04 	 9.64766e-03 
1.015 	 8.87150e-03 	 -6.68609e-04 	 9.54011e-03 
1.012 	 8.74836e-03 	 -6.85854e-04 	 9.43421e-03 
1.010 	 8.62697e-03 	 -7.02983e-04 	 9.32995e-03 
1.007 	 8.50729e-03 	 -7.19996e-04 	 9.22729e-03 
1.005 	 8.38930e-03 	 -7.36897e-04 	 9.12619e-03 
1.002 	 8.27295e-03 	 -7.53689e-04 	 9.02664e-03 
1.000 	 8.15822e-03 	 -7.70372e-04 	 8.92859e-03 
