Energy [eV] Ext Cross [um^2] Abs Cross [um^2] Sca Cross [um^2] 
3.000 	 9.56061e-05 	 9.54163e-05 	 1.89729e-07 
2.990 	 9.71839e-05 	 9.69340e-05 	 2.49915e-07 
2.980 	 9.88260e-05 	 9.85019e-05 	 3.24090e-07 
2.970 	 1.00520e-04 	 1.00108e-04 	 4.12232e-07 
2.960 	 1.02240e-04 	 1.01726e-04 	 5.14203e-07 
2.951 	 1.03926e-04 	 1.03297e-04 	 6.29684e-07 
2.941 	 1.05552e-04 	 1.04794e-04 	 7.58445e-07 
2.931 	 1.07315e-04 	 1.06414e-04 	 9.01474e-07 
2.922 	 1.09332e-04 	 1.08272e-04 	 1.06014e-06 
2.912 	 1.11514e-04 	 1.10279e-04 	 1.23590e-06 
2.903 	 1.13656e-04 	 1.12228e-04 	 1.42750e-06 
2.894 	 1.15670e-04 	 1.14040e-04 	 1.63023e-06 
2.884 	 1.17655e-04 	 1.15813e-04 	 1.84222e-06 
2.875 	 1.19960e-04 	 1.17894e-04 	 2.06654e-06 
2.866 	 1.22466e-04 	 1.20157e-04 	 2.30849e-06 
2.857 	 1.24780e-04 	 1.22209e-04 	 2.57099e-06 
2.848 	 1.26856e-04 	 1.24003e-04 	 2.85301e-06 
2.839 	 1.28895e-04 	 1.25747e-04 	 3.14871e-06 
2.830 	 1.31206e-04 	 1.27749e-04 	 3.45686e-06 
2.821 	 1.33909e-04 	 1.30129e-04 	 3.77964e-06 
2.812 	 1.36869e-04 	 1.32750e-04 	 4.11861e-06 
2.803 	 1.39778e-04 	 1.35303e-04 	 4.47475e-06 
2.794 	 1.42601e-04 	 1.37753e-04 	 4.84824e-06 
2.786 	 1.45432e-04 	 1.40193e-04 	 5.23904e-06 
2.777 	 1.48336e-04 	 1.42689e-04 	 5.64731e-06 
2.769 	 1.51355e-04 	 1.45282e-04 	 6.07340e-06 
2.760 	 1.54515e-04 	 1.47998e-04 	 6.51755e-06 
2.752 	 1.57826e-04 	 1.50846e-04 	 6.98001e-06 
2.743 	 1.61278e-04 	 1.53817e-04 	 7.46123e-06 
2.735 	 1.64849e-04 	 1.56888e-04 	 7.96189e-06 
2.726 	 1.68536e-04 	 1.60053e-04 	 8.48244e-06 
2.718 	 1.72337e-04 	 1.63314e-04 	 9.02322e-06 
2.710 	 1.76225e-04 	 1.66640e-04 	 9.58470e-06 
2.702 	 1.80137e-04 	 1.69970e-04 	 1.01675e-05 
2.694 	 1.84013e-04 	 1.73241e-04 	 1.07722e-05 
2.686 	 1.87844e-04 	 1.76445e-04 	 1.13992e-05 
2.678 	 1.91682e-04 	 1.79633e-04 	 1.20491e-05 
2.670 	 1.95605e-04 	 1.82882e-04 	 1.27228e-05 
2.662 	 1.99667e-04 	 1.86246e-04 	 1.34211e-05 
2.654 	 2.03899e-04 	 1.89754e-04 	 1.41446e-05 
2.646 	 2.08306e-04 	 1.93412e-04 	 1.48940e-05 
2.638 	 2.12887e-04 	 1.97217e-04 	 1.56701e-05 
2.630 	 2.17637e-04 	 2.01163e-04 	 1.64738e-05 
2.623 	 2.22555e-04 	 2.05249e-04 	 1.73060e-05 
2.615 	 2.27644e-04 	 2.09476e-04 	 1.81677e-05 
2.608 	 2.32907e-04 	 2.13847e-04 	 1.90598e-05 
2.600 	 2.38347e-04 	 2.18364e-04 	 1.99833e-05 
2.592 	 2.43965e-04 	 2.23026e-04 	 2.09395e-05 
2.585 	 2.49765e-04 	 2.27836e-04 	 2.19294e-05 
2.578 	 2.55752e-04 	 2.32798e-04 	 2.29544e-05 
2.570 	 2.61933e-04 	 2.37918e-04 	 2.40156e-05 
2.563 	 2.68319e-04 	 2.43205e-04 	 2.51147e-05 
2.556 	 2.74920e-04 	 2.48667e-04 	 2.62530e-05 
2.548 	 2.81746e-04 	 2.54314e-04 	 2.74319e-05 
2.541 	 2.88804e-04 	 2.60151e-04 	 2.86531e-05 
2.534 	 2.96105e-04 	 2.66187e-04 	 2.99183e-05 
2.527 	 3.03659e-04 	 2.72430e-04 	 3.12297e-05 
2.520 	 3.11479e-04 	 2.78890e-04 	 3.25892e-05 
2.513 	 3.19579e-04 	 2.85580e-04 	 3.39988e-05 
2.506 	 3.27973e-04 	 2.92512e-04 	 3.54608e-05 
2.499 	 3.36676e-04 	 2.99699e-04 	 3.69773e-05 
2.492 	 3.45704e-04 	 3.07153e-04 	 3.85508e-05 
2.485 	 3.55074e-04 	 3.14890e-04 	 4.01838e-05 
2.478 	 3.64804e-04 	 3.22925e-04 	 4.18790e-05 
2.471 	 3.74916e-04 	 3.31277e-04 	 4.36393e-05 
2.464 	 3.85430e-04 	 3.39963e-04 	 4.54676e-05 
2.458 	 3.96369e-04 	 3.49002e-04 	 4.73673e-05 
2.451 	 4.07756e-04 	 3.58414e-04 	 4.93421e-05 
2.444 	 4.19612e-04 	 3.68216e-04 	 5.13963e-05 
2.438 	 4.31958e-04 	 3.78423e-04 	 5.35351e-05 
2.431 	 4.44810e-04 	 3.89046e-04 	 5.57642e-05 
2.424 	 4.58180e-04 	 4.00091e-04 	 5.80887e-05 
2.418 	 4.72081e-04 	 4.11568e-04 	 6.05134e-05 
2.411 	 4.86541e-04 	 4.23498e-04 	 6.30425e-05 
2.405 	 5.01607e-04 	 4.35927e-04 	 6.56803e-05 
2.398 	 5.17343e-04 	 4.48910e-04 	 6.84323e-05 
2.392 	 5.33812e-04 	 4.62507e-04 	 7.13053e-05 
2.386 	 5.51078e-04 	 4.76771e-04 	 7.43068e-05 
2.379 	 5.69199e-04 	 4.91754e-04 	 7.74452e-05 
2.373 	 5.88236e-04 	 5.07506e-04 	 8.07294e-05 
2.367 	 6.08252e-04 	 5.24083e-04 	 8.41688e-05 
2.361 	 6.29318e-04 	 5.41544e-04 	 8.77738e-05 
2.354 	 6.51512e-04 	 5.59957e-04 	 9.15553e-05 
2.348 	 6.74921e-04 	 5.79396e-04 	 9.55255e-05 
2.342 	 6.99643e-04 	 5.99946e-04 	 9.96973e-05 
2.336 	 7.25787e-04 	 6.21702e-04 	 1.04085e-04 
2.330 	 7.53475e-04 	 6.44772e-04 	 1.08703e-04 
2.324 	 7.82842e-04 	 6.69272e-04 	 1.13570e-04 
2.318 	 8.14038e-04 	 6.95334e-04 	 1.18703e-04 
2.312 	 8.47219e-04 	 7.23095e-04 	 1.24124e-04 
2.306 	 8.82545e-04 	 7.52691e-04 	 1.29854e-04 
2.300 	 9.20162e-04 	 7.84243e-04 	 1.35920e-04 
2.294 	 9.60180e-04 	 8.17832e-04 	 1.42348e-04 
2.288 	 1.00266e-03 	 8.53491e-04 	 1.49171e-04 
2.282 	 1.04765e-03 	 8.91223e-04 	 1.56423e-04 
2.277 	 1.09522e-03 	 9.31080e-04 	 1.64143e-04 
2.271 	 1.14565e-03 	 9.73273e-04 	 1.72374e-04 
2.265 	 1.19937e-03 	 1.01821e-03 	 1.81162e-04 
2.259 	 1.25702e-03 	 1.06646e-03 	 1.90559e-04 
2.254 	 1.31925e-03 	 1.11862e-03 	 2.00625e-04 
2.248 	 1.38673e-03 	 1.17530e-03 	 2.11427e-04 
2.243 	 1.46015e-03 	 1.23711e-03 	 2.23041e-04 
2.237 	 1.54024e-03 	 1.30468e-03 	 2.35553e-04 
2.231 	 1.62778e-03 	 1.37872e-03 	 2.49063e-04 
2.226 	 1.72372e-03 	 1.46003e-03 	 2.63683e-04 
2.220 	 1.82910e-03 	 1.54956e-03 	 2.79543e-04 
2.215 	 1.94519e-03 	 1.64840e-03 	 2.96789e-04 
2.209 	 2.07347e-03 	 1.75788e-03 	 3.15594e-04 
2.204 	 2.21567e-03 	 1.87952e-03 	 3.36151e-04 
2.199 	 2.37385e-03 	 2.01516e-03 	 3.58688e-04 
2.193 	 2.55045e-03 	 2.16699e-03 	 3.83465e-04 
2.188 	 2.74837e-03 	 2.33758e-03 	 4.10783e-04 
2.182 	 2.97105e-03 	 2.53006e-03 	 4.40992e-04 
2.177 	 3.22260e-03 	 2.74810e-03 	 4.74490e-04 
2.172 	 3.50790e-03 	 2.99616e-03 	 5.11739e-04 
2.167 	 3.83278e-03 	 3.27952e-03 	 5.53257e-04 
2.161 	 4.20408e-03 	 3.60446e-03 	 5.99628e-04 
2.156 	 4.62984e-03 	 3.97836e-03 	 6.51482e-04 
2.151 	 5.11928e-03 	 4.40980e-03 	 7.09479e-04 
2.146 	 5.68268e-03 	 4.90844e-03 	 7.74248e-04 
2.141 	 6.33097e-03 	 5.48468e-03 	 8.46291e-04 
2.136 	 7.07463e-03 	 6.14882e-03 	 9.25809e-04 
2.131 	 7.92168e-03 	 6.90925e-03 	 1.01242e-03 
2.126 	 8.87416e-03 	 7.76941e-03 	 1.10474e-03 
2.121 	 9.92257e-03 	 8.72277e-03 	 1.19981e-03 
2.116 	 1.10383e-02 	 9.74588e-03 	 1.29240e-03 
2.111 	 1.21652e-02 	 1.07906e-02 	 1.37457e-03 
2.106 	 1.32149e-02 	 1.17791e-02 	 1.43581e-03 
2.101 	 1.40719e-02 	 1.26073e-02 	 1.46453e-03 
2.096 	 1.46158e-02 	 1.31646e-02 	 1.45112e-03 
2.091 	 1.47577e-02 	 1.33659e-02 	 1.39180e-03 
2.086 	 1.44747e-02 	 1.31837e-02 	 1.29102e-03 
2.081 	 1.38203e-02 	 1.26597e-02 	 1.16060e-03 
2.076 	 1.29034e-02 	 1.18876e-02 	 1.01586e-03 
2.072 	 1.18495e-02 	 1.09784e-02 	 8.71099e-04 
2.067 	 1.07680e-02 	 1.00313e-02 	 7.36656e-04 
2.062 	 9.73594e-03 	 9.11761e-03 	 6.18326e-04 
2.057 	 8.79816e-03 	 8.27997e-03 	 5.18190e-04 
2.053 	 7.97413e-03 	 7.53821e-03 	 4.35920e-04 
2.048 	 7.26696e-03 	 6.89703e-03 	 3.69932e-04 
2.043 	 6.67066e-03 	 6.35249e-03 	 3.18165e-04 
2.039 	 6.17503e-03 	 5.89649e-03 	 2.78533e-04 
2.034 	 5.76866e-03 	 5.51951e-03 	 2.49149e-04 
2.029 	 5.44052e-03 	 5.21211e-03 	 2.28406e-04 
2.025 	 5.18073e-03 	 4.96574e-03 	 2.14990e-04 
2.020 	 4.98082e-03 	 4.77297e-03 	 2.07858e-04 
2.016 	 4.83376e-03 	 4.62757e-03 	 2.06199e-04 
2.011 	 4.73387e-03 	 4.52447e-03 	 2.09406e-04 
2.007 	 4.67669e-03 	 4.45965e-03 	 2.17040e-04 
2.002 	 4.65880e-03 	 4.43000e-03 	 2.28802e-04 
1.998 	 4.67776e-03 	 4.43324e-03 	 2.44520e-04 
1.993 	 4.73196e-03 	 4.46784e-03 	 2.64126e-04 
1.989 	 4.82054e-03 	 4.53289e-03 	 2.87647e-04 
1.985 	 4.94333e-03 	 4.62813e-03 	 3.15205e-04 
1.980 	 5.10084e-03 	 4.75383e-03 	 3.47003e-04 
1.976 	 5.29420e-03 	 4.91086e-03 	 3.83337e-04 
1.971 	 5.52519e-03 	 5.10060e-03 	 4.24589e-04 
1.967 	 5.79626e-03 	 5.32503e-03 	 4.71240e-04 
1.963 	 6.11057e-03 	 5.58670e-03 	 5.23874e-04 
1.959 	 6.47201e-03 	 5.88881e-03 	 5.83194e-04 
1.954 	 6.88528e-03 	 6.23525e-03 	 6.50030e-04 
1.950 	 7.35599e-03 	 6.63063e-03 	 7.25359e-04 
1.946 	 7.89070e-03 	 7.08038e-03 	 8.10321e-04 
1.942 	 8.49702e-03 	 7.59079e-03 	 9.06235e-04 
1.937 	 9.18367e-03 	 8.16905e-03 	 1.01462e-03 
1.933 	 9.96047e-03 	 8.82327e-03 	 1.13720e-03 
1.929 	 1.08384e-02 	 9.56244e-03 	 1.27592e-03 
1.925 	 1.18291e-02 	 1.03962e-02 	 1.43291e-03 
1.921 	 1.29451e-02 	 1.13346e-02 	 1.61046e-03 
1.917 	 1.41983e-02 	 1.23874e-02 	 1.81090e-03 
1.913 	 1.55996e-02 	 1.35631e-02 	 2.03648e-03 
1.909 	 1.71565e-02 	 1.48674e-02 	 2.28902e-03 
1.904 	 1.88704e-02 	 1.63009e-02 	 2.56955e-03 
1.900 	 2.07333e-02 	 1.78556e-02 	 2.87770e-03 
1.896 	 2.27225e-02 	 1.95117e-02 	 3.21086e-03 
1.892 	 2.47955e-02 	 2.12322e-02 	 3.56331e-03 
1.888 	 2.68852e-02 	 2.29599e-02 	 3.92528e-03 
1.884 	 2.88973e-02 	 2.46149e-02 	 4.28242e-03 
1.881 	 3.07138e-02 	 2.60978e-02 	 4.61599e-03 
1.877 	 3.22035e-02 	 2.72991e-02 	 4.90442e-03 
1.873 	 3.32410e-02 	 2.81149e-02 	 5.12612e-03 
1.869 	 3.37305e-02 	 2.84670e-02 	 5.26344e-03 
1.865 	 3.36271e-02 	 2.83208e-02 	 5.30629e-03 
1.861 	 3.29474e-02 	 2.76931e-02 	 5.25434e-03 
1.857 	 3.17646e-02 	 2.66479e-02 	 5.11677e-03 
1.853 	 3.01910e-02 	 2.52813e-02 	 4.90976e-03 
1.849 	 2.83543e-02 	 2.37014e-02 	 4.65287e-03 
1.846 	 2.63768e-02 	 2.20111e-02 	 4.36564e-03 
1.842 	 2.43613e-02 	 2.02962e-02 	 4.06508e-03 
1.838 	 2.23857e-02 	 1.86212e-02 	 3.76450e-03 
1.834 	 2.05027e-02 	 1.70293e-02 	 3.47340e-03 
1.831 	 1.87438e-02 	 1.55459e-02 	 3.19786e-03 
1.827 	 1.71245e-02 	 1.41832e-02 	 2.94126e-03 
1.823 	 1.56487e-02 	 1.29437e-02 	 2.70505e-03 
1.819 	 1.43130e-02 	 1.18237e-02 	 2.48933e-03 
1.816 	 1.31094e-02 	 1.08161e-02 	 2.29336e-03 
1.812 	 1.20278e-02 	 9.91191e-03 	 2.11591e-03 
1.808 	 1.10570e-02 	 9.10148e-03 	 1.95554e-03 
1.805 	 1.01859e-02 	 8.37522e-03 	 1.81070e-03 
1.801 	 9.40391e-03 	 7.72403e-03 	 1.67988e-03 
1.798 	 8.70113e-03 	 7.13950e-03 	 1.56163e-03 
1.794 	 8.06865e-03 	 6.61403e-03 	 1.45463e-03 
1.790 	 7.49847e-03 	 6.14081e-03 	 1.35766e-03 
1.787 	 6.98345e-03 	 5.71382e-03 	 1.26963e-03 
1.783 	 6.51733e-03 	 5.32774e-03 	 1.18958e-03 
1.780 	 6.09455e-03 	 4.97790e-03 	 1.11664e-03 
1.776 	 5.71026e-03 	 4.66021e-03 	 1.05005e-03 
1.773 	 5.36020e-03 	 4.37107e-03 	 9.89134e-04 
1.769 	 5.04064e-03 	 4.10735e-03 	 9.33295e-04 
1.766 	 4.74830e-03 	 3.86629e-03 	 8.82008e-04 
1.762 	 4.48029e-03 	 3.64548e-03 	 8.34812e-04 
1.759 	 4.23410e-03 	 3.44281e-03 	 7.91295e-04 
1.755 	 4.00750e-03 	 3.25640e-03 	 7.51096e-04 
1.752 	 3.79852e-03 	 3.08463e-03 	 7.13895e-04 
1.749 	 3.60544e-03 	 2.92603e-03 	 6.79406e-04 
1.745 	 3.42671e-03 	 2.77934e-03 	 6.47376e-04 
1.742 	 3.26099e-03 	 2.64341e-03 	 6.17582e-04 
1.738 	 3.10707e-03 	 2.51725e-03 	 5.89822e-04 
1.735 	 2.96386e-03 	 2.39995e-03 	 5.63917e-04 
1.732 	 2.83042e-03 	 2.29072e-03 	 5.39707e-04 
1.728 	 2.70589e-03 	 2.18884e-03 	 5.17048e-04 
1.725 	 2.58950e-03 	 2.09369e-03 	 4.95810e-04 
1.722 	 2.48056e-03 	 2.00468e-03 	 4.75878e-04 
1.718 	 2.37846e-03 	 1.92131e-03 	 4.57147e-04 
1.715 	 2.28263e-03 	 1.84311e-03 	 4.39522e-04 
1.712 	 2.19259e-03 	 1.76967e-03 	 4.22917e-04 
1.709 	 2.10787e-03 	 1.70061e-03 	 4.07256e-04 
1.705 	 2.02807e-03 	 1.63560e-03 	 3.92468e-04 
1.702 	 1.95280e-03 	 1.57432e-03 	 3.78488e-04 
1.699 	 1.88175e-03 	 1.51649e-03 	 3.65259e-04 
1.696 	 1.81459e-03 	 1.46186e-03 	 3.52727e-04 
1.692 	 1.75105e-03 	 1.41021e-03 	 3.40844e-04 
1.689 	 1.69087e-03 	 1.36131e-03 	 3.29565e-04 
1.686 	 1.63382e-03 	 1.31497e-03 	 3.18850e-04 
1.683 	 1.57969e-03 	 1.27102e-03 	 3.08661e-04 
1.680 	 1.52827e-03 	 1.22931e-03 	 2.98964e-04 
1.677 	 1.47939e-03 	 1.18966e-03 	 2.89728e-04 
1.674 	 1.43289e-03 	 1.15196e-03 	 2.80923e-04 
1.670 	 1.38860e-03 	 1.11608e-03 	 2.72522e-04 
1.667 	 1.34640e-03 	 1.08190e-03 	 2.64502e-04 
1.664 	 1.30615e-03 	 1.04932e-03 	 2.56839e-04 
1.661 	 1.26774e-03 	 1.01823e-03 	 2.49511e-04 
1.658 	 1.23104e-03 	 9.88543e-04 	 2.42500e-04 
1.655 	 1.19597e-03 	 9.60181e-04 	 2.35787e-04 
1.652 	 1.16242e-03 	 9.33063e-04 	 2.29355e-04 
1.649 	 1.13031e-03 	 9.07117e-04 	 2.23188e-04 
1.646 	 1.09955e-03 	 8.82276e-04 	 2.17272e-04 
1.643 	 1.07007e-03 	 8.58477e-04 	 2.11593e-04 
1.640 	 1.04180e-03 	 8.35662e-04 	 2.06138e-04 
1.637 	 1.01467e-03 	 8.13777e-04 	 2.00897e-04 
1.634 	 9.88629e-04 	 7.92773e-04 	 1.95856e-04 
1.631 	 9.63608e-04 	 7.72601e-04 	 1.91007e-04 
1.628 	 9.39557e-04 	 7.53218e-04 	 1.86339e-04 
1.625 	 9.16426e-04 	 7.34583e-04 	 1.81843e-04 
1.622 	 8.94169e-04 	 7.16658e-04 	 1.77511e-04 
1.619 	 8.72741e-04 	 6.99406e-04 	 1.73335e-04 
1.616 	 8.52101e-04 	 6.82794e-04 	 1.69307e-04 
1.613 	 8.32211e-04 	 6.66790e-04 	 1.65421e-04 
1.610 	 8.13034e-04 	 6.51365e-04 	 1.61669e-04 
1.608 	 7.94535e-04 	 6.36490e-04 	 1.58045e-04 
1.605 	 7.76683e-04 	 6.22139e-04 	 1.54544e-04 
1.602 	 7.59447e-04 	 6.08288e-04 	 1.51159e-04 
1.599 	 7.42800e-04 	 5.94913e-04 	 1.47886e-04 
1.596 	 7.26713e-04 	 5.81993e-04 	 1.44720e-04 
1.593 	 7.11162e-04 	 5.69506e-04 	 1.41656e-04 
1.590 	 6.96123e-04 	 5.57434e-04 	 1.38689e-04 
1.588 	 6.81573e-04 	 5.45757e-04 	 1.35816e-04 
1.585 	 6.67491e-04 	 5.34459e-04 	 1.33032e-04 
1.582 	 6.53857e-04 	 5.23522e-04 	 1.30334e-04 
1.579 	 6.40651e-04 	 5.12933e-04 	 1.27718e-04 
1.576 	 6.27855e-04 	 5.02674e-04 	 1.25181e-04 
1.574 	 6.15453e-04 	 4.92734e-04 	 1.22719e-04 
1.571 	 6.03428e-04 	 4.83098e-04 	 1.20330e-04 
1.568 	 5.91765e-04 	 4.73755e-04 	 1.18011e-04 
1.565 	 5.80450e-04 	 4.64691e-04 	 1.15758e-04 
1.563 	 5.69467e-04 	 4.55897e-04 	 1.13570e-04 
1.560 	 5.58804e-04 	 4.47360e-04 	 1.11444e-04 
1.557 	 5.48449e-04 	 4.39072e-04 	 1.09377e-04 
1.555 	 5.38390e-04 	 4.31022e-04 	 1.07368e-04 
1.552 	 5.28615e-04 	 4.23201e-04 	 1.05414e-04 
1.549 	 5.19113e-04 	 4.15600e-04 	 1.03513e-04 
1.547 	 5.09874e-04 	 4.08212e-04 	 1.01663e-04 
1.544 	 5.00889e-04 	 4.01027e-04 	 9.98622e-05 
1.541 	 4.92148e-04 	 3.94039e-04 	 9.81091e-05 
1.539 	 4.83642e-04 	 3.87240e-04 	 9.64019e-05 
1.536 	 4.75362e-04 	 3.80623e-04 	 9.47389e-05 
1.533 	 4.67301e-04 	 3.74182e-04 	 9.31186e-05 
1.531 	 4.59450e-04 	 3.67911e-04 	 9.15395e-05 
1.528 	 4.51803e-04 	 3.61803e-04 	 9.00003e-05 
1.526 	 4.44352e-04 	 3.55852e-04 	 8.84995e-05 
1.523 	 4.37090e-04 	 3.50054e-04 	 8.70358e-05 
1.520 	 4.30011e-04 	 3.44403e-04 	 8.56082e-05 
1.518 	 4.23109e-04 	 3.38894e-04 	 8.42152e-05 
1.515 	 4.16377e-04 	 3.33521e-04 	 8.28558e-05 
1.513 	 4.09811e-04 	 3.28282e-04 	 8.15290e-05 
1.510 	 4.03403e-04 	 3.23170e-04 	 8.02336e-05 
1.508 	 3.97151e-04 	 3.18182e-04 	 7.89687e-05 
1.505 	 3.91047e-04 	 3.13314e-04 	 7.77333e-05 
1.503 	 3.85088e-04 	 3.08562e-04 	 7.65265e-05 
1.500 	 3.79269e-04 	 3.03922e-04 	 7.53474e-05 
