Energy [eV] Ext Cross [um^2] Abs Cross [um^2] Sca Cross [um^2] 
3.500 	 2.82309e-04 	 1.96022e-04 	 8.62869e-05 
3.471 	 2.73339e-04 	 1.97895e-04 	 7.54438e-05 
3.442 	 2.65436e-04 	 1.99888e-04 	 6.55477e-05 
3.414 	 2.58543e-04 	 2.01997e-04 	 5.65455e-05 
3.387 	 2.52600e-04 	 2.04215e-04 	 4.83845e-05 
3.360 	 2.47553e-04 	 2.06537e-04 	 4.10157e-05 
3.333 	 2.43355e-04 	 2.08960e-04 	 3.43956e-05 
3.306 	 2.39966e-04 	 2.11482e-04 	 2.84841e-05 
3.281 	 2.37338e-04 	 2.14098e-04 	 2.32403e-05 
3.255 	 2.35434e-04 	 2.16807e-04 	 1.86272e-05 
3.230 	 2.34218e-04 	 2.19607e-04 	 1.46114e-05 
3.205 	 2.33659e-04 	 2.22498e-04 	 1.11611e-05 
3.181 	 2.33726e-04 	 2.25480e-04 	 8.24544e-06 
3.157 	 2.34390e-04 	 2.28553e-04 	 5.83648e-06 
3.133 	 2.35627e-04 	 2.31719e-04 	 3.90815e-06 
3.110 	 2.37415e-04 	 2.34979e-04 	 2.43521e-06 
3.087 	 2.39725e-04 	 2.38331e-04 	 1.39414e-06 
3.064 	 2.42536e-04 	 2.41773e-04 	 7.63072e-07 
3.042 	 2.45852e-04 	 2.45330e-04 	 5.21504e-07 
3.020 	 2.49604e-04 	 2.48955e-04 	 6.49876e-07 
2.999 	 2.53734e-04 	 2.52605e-04 	 1.12958e-06 
2.977 	 2.58502e-04 	 2.56556e-04 	 1.94615e-06 
2.956 	 2.63576e-04 	 2.60495e-04 	 3.08115e-06 
2.935 	 2.68156e-04 	 2.63647e-04 	 4.50814e-06 
2.915 	 2.74431e-04 	 2.68185e-04 	 6.24666e-06 
2.895 	 2.80571e-04 	 2.72284e-04 	 8.28702e-06 
2.875 	 2.86534e-04 	 2.76028e-04 	 1.05055e-05 
2.855 	 2.93231e-04 	 2.80210e-04 	 1.30212e-05 
2.836 	 2.97775e-04 	 2.81949e-04 	 1.58261e-05 
2.817 	 3.04910e-04 	 2.86095e-04 	 1.88149e-05 
2.798 	 3.12936e-04 	 2.90909e-04 	 2.20263e-05 
2.780 	 3.20150e-04 	 2.94696e-04 	 2.54544e-05 
2.761 	 3.27802e-04 	 2.98717e-04 	 2.90843e-05 
2.743 	 3.36155e-04 	 3.03249e-04 	 3.29051e-05 
2.725 	 3.44671e-04 	 3.07759e-04 	 3.69114e-05 
2.708 	 3.53127e-04 	 3.12033e-04 	 4.10936e-05 
2.690 	 3.61773e-04 	 3.16327e-04 	 4.54460e-05 
2.673 	 3.70765e-04 	 3.20803e-04 	 4.99623e-05 
2.656 	 3.80051e-04 	 3.25413e-04 	 5.46376e-05 
2.639 	 3.89605e-04 	 3.30140e-04 	 5.94653e-05 
2.623 	 3.99412e-04 	 3.34972e-04 	 6.44395e-05 
2.606 	 4.09462e-04 	 3.39908e-04 	 6.95548e-05 
2.590 	 4.19749e-04 	 3.44942e-04 	 7.48073e-05 
2.574 	 4.30266e-04 	 3.50074e-04 	 8.01926e-05 
2.559 	 4.41010e-04 	 3.55304e-04 	 8.57064e-05 
2.543 	 4.51975e-04 	 3.60630e-04 	 9.13448e-05 
2.528 	 4.63159e-04 	 3.66055e-04 	 9.71037e-05 
2.513 	 4.74559e-04 	 3.71579e-04 	 1.02980e-04 
2.498 	 4.86178e-04 	 3.77208e-04 	 1.08970e-04 
2.483 	 4.98015e-04 	 3.82945e-04 	 1.15070e-04 
2.468 	 5.10072e-04 	 3.88793e-04 	 1.21278e-04 
2.454 	 5.22355e-04 	 3.94763e-04 	 1.27592e-04 
2.439 	 5.34867e-04 	 4.00858e-04 	 1.34009e-04 
2.425 	 5.47566e-04 	 4.07043e-04 	 1.40523e-04 
2.411 	 5.60391e-04 	 4.13255e-04 	 1.47135e-04 
2.397 	 5.73377e-04 	 4.19529e-04 	 1.53848e-04 
2.384 	 5.86595e-04 	 4.25935e-04 	 1.60660e-04 
2.370 	 6.00065e-04 	 4.32497e-04 	 1.67569e-04 
2.357 	 6.13789e-04 	 4.39217e-04 	 1.74572e-04 
2.344 	 6.27782e-04 	 4.46111e-04 	 1.81671e-04 
2.331 	 6.42080e-04 	 4.53216e-04 	 1.88864e-04 
2.318 	 6.56739e-04 	 4.60591e-04 	 1.96148e-04 
2.305 	 6.71833e-04 	 4.68314e-04 	 2.03519e-04 
2.292 	 6.87443e-04 	 4.76475e-04 	 2.10967e-04 
2.280 	 7.03532e-04 	 4.85061e-04 	 2.18471e-04 
2.268 	 7.19632e-04 	 4.93632e-04 	 2.26000e-04 
2.255 	 7.34922e-04 	 5.01352e-04 	 2.33570e-04 
2.243 	 7.49390e-04 	 5.08137e-04 	 2.41252e-04 
2.231 	 7.63867e-04 	 5.14787e-04 	 2.49080e-04 
2.220 	 7.78849e-04 	 5.21813e-04 	 2.57036e-04 
2.208 	 7.94391e-04 	 5.29292e-04 	 2.65099e-04 
2.196 	 8.10427e-04 	 5.37171e-04 	 2.73256e-04 
2.185 	 8.26900e-04 	 5.45397e-04 	 2.81503e-04 
2.173 	 8.43785e-04 	 5.53948e-04 	 2.89837e-04 
2.162 	 8.61072e-04 	 5.62818e-04 	 2.98254e-04 
2.151 	 8.78727e-04 	 5.71984e-04 	 3.06743e-04 
2.140 	 8.96611e-04 	 5.81317e-04 	 3.15294e-04 
2.129 	 9.14426e-04 	 5.90521e-04 	 3.23905e-04 
2.118 	 9.31973e-04 	 5.99364e-04 	 3.32609e-04 
2.108 	 9.49476e-04 	 6.08032e-04 	 3.41444e-04 
2.097 	 9.67287e-04 	 6.16871e-04 	 3.50417e-04 
2.087 	 9.85552e-04 	 6.26037e-04 	 3.59515e-04 
2.076 	 1.00426e-03 	 6.35532e-04 	 3.68729e-04 
2.066 	 1.02337e-03 	 6.45318e-04 	 3.78057e-04 
2.056 	 1.04286e-03 	 6.55361e-04 	 3.87500e-04 
2.046 	 1.06270e-03 	 6.65641e-04 	 3.97061e-04 
2.036 	 1.08289e-03 	 6.76147e-04 	 4.06747e-04 
2.026 	 1.10344e-03 	 6.86877e-04 	 4.16564e-04 
2.016 	 1.12435e-03 	 6.97835e-04 	 4.26518e-04 
2.007 	 1.14565e-03 	 7.09035e-04 	 4.36615e-04 
1.997 	 1.16736e-03 	 7.20498e-04 	 4.46857e-04 
1.988 	 1.18951e-03 	 7.32265e-04 	 4.57240e-04 
1.978 	 1.21214e-03 	 7.44403e-04 	 4.67740e-04 
1.969 	 1.23532e-03 	 7.57024e-04 	 4.78296e-04 
1.960 	 1.25907e-03 	 7.70301e-04 	 4.88773e-04 
1.951 	 1.28338e-03 	 7.84461e-04 	 4.98920e-04 
1.942 	 1.30805e-03 	 7.99673e-04 	 5.08374e-04 
1.933 	 1.33264e-03 	 8.15744e-04 	 5.16893e-04 
1.924 	 1.35669e-03 	 8.31893e-04 	 5.24795e-04 
1.915 	 1.38022e-03 	 8.47247e-04 	 5.32974e-04 
1.906 	 1.40375e-03 	 8.61629e-04 	 5.42124e-04 
1.898 	 1.42779e-03 	 8.75483e-04 	 5.52306e-04 
1.889 	 1.45255e-03 	 8.89304e-04 	 5.63246e-04 
1.881 	 1.47806e-03 	 9.03391e-04 	 5.74667e-04 
1.872 	 1.50427e-03 	 9.17882e-04 	 5.86392e-04 
1.864 	 1.53115e-03 	 9.32828e-04 	 5.98326e-04 
1.855 	 1.55867e-03 	 9.48245e-04 	 6.10421e-04 
1.847 	 1.58680e-03 	 9.64138e-04 	 6.22659e-04 
1.839 	 1.61554e-03 	 9.80512e-04 	 6.35032e-04 
1.831 	 1.64492e-03 	 9.97375e-04 	 6.47543e-04 
1.823 	 1.67493e-03 	 1.01474e-03 	 6.60194e-04 
1.815 	 1.70561e-03 	 1.03262e-03 	 6.72991e-04 
1.807 	 1.73698e-03 	 1.05104e-03 	 6.85940e-04 
1.800 	 1.76907e-03 	 1.07002e-03 	 6.99048e-04 
1.792 	 1.80192e-03 	 1.08960e-03 	 7.12320e-04 
1.784 	 1.83559e-03 	 1.10982e-03 	 7.25763e-04 
1.777 	 1.87011e-03 	 1.13073e-03 	 7.39385e-04 
1.769 	 1.90557e-03 	 1.15238e-03 	 7.53192e-04 
1.762 	 1.94202e-03 	 1.17483e-03 	 7.67191e-04 
1.754 	 1.97956e-03 	 1.19817e-03 	 7.81391e-04 
1.747 	 2.01829e-03 	 1.22250e-03 	 7.95798e-04 
1.740 	 2.05834e-03 	 1.24792e-03 	 8.10420e-04 
1.733 	 2.09984e-03 	 1.27458e-03 	 8.25264e-04 
1.725 	 2.14299e-03 	 1.30265e-03 	 8.40340e-04 
1.718 	 2.18800e-03 	 1.33234e-03 	 8.55655e-04 
1.711 	 2.23514e-03 	 1.36392e-03 	 8.71219e-04 
1.704 	 2.28476e-03 	 1.39772e-03 	 8.87042e-04 
1.697 	 2.33727e-03 	 1.43414e-03 	 9.03134e-04 
1.691 	 2.39323e-03 	 1.47373e-03 	 9.19504e-04 
1.684 	 2.45330e-03 	 1.51714e-03 	 9.36166e-04 
1.677 	 2.51835e-03 	 1.56522e-03 	 9.53127e-04 
1.670 	 2.58944e-03 	 1.61904e-03 	 9.70398e-04 
1.664 	 2.66787e-03 	 1.67989e-03 	 9.87982e-04 
1.657 	 2.75514e-03 	 1.74927e-03 	 1.00588e-03 
1.651 	 2.85278e-03 	 1.82872e-03 	 1.02406e-03 
1.644 	 2.96189e-03 	 1.91939e-03 	 1.04250e-03 
1.638 	 3.08215e-03 	 2.02105e-03 	 1.06110e-03 
1.631 	 3.21008e-03 	 2.13035e-03 	 1.07973e-03 
1.625 	 3.33683e-03 	 2.23862e-03 	 1.09821e-03 
1.619 	 3.44731e-03 	 2.33092e-03 	 1.11639e-03 
1.612 	 3.52406e-03 	 2.38982e-03 	 1.13424e-03 
1.606 	 3.55658e-03 	 2.40459e-03 	 1.15199e-03 
1.600 	 3.54903e-03 	 2.37901e-03 	 1.17003e-03 
1.594 	 3.51758e-03 	 2.32886e-03 	 1.18872e-03 
1.588 	 3.48028e-03 	 2.27203e-03 	 1.20825e-03 
1.582 	 3.44965e-03 	 2.22102e-03 	 1.22864e-03 
1.576 	 3.43151e-03 	 2.18169e-03 	 1.24982e-03 
1.570 	 3.42707e-03 	 2.15537e-03 	 1.27169e-03 
1.564 	 3.43531e-03 	 2.14112e-03 	 1.29419e-03 
1.558 	 3.45447e-03 	 2.13722e-03 	 1.31726e-03 
1.553 	 3.48273e-03 	 2.14187e-03 	 1.34086e-03 
1.547 	 3.51852e-03 	 2.15353e-03 	 1.36499e-03 
1.541 	 3.56056e-03 	 2.17093e-03 	 1.38963e-03 
1.536 	 3.60787e-03 	 2.19307e-03 	 1.41479e-03 
1.530 	 3.65968e-03 	 2.21920e-03 	 1.44048e-03 
1.524 	 3.71542e-03 	 2.24871e-03 	 1.46671e-03 
1.519 	 3.77466e-03 	 2.28118e-03 	 1.49348e-03 
1.513 	 3.83707e-03 	 2.31625e-03 	 1.52082e-03 
1.508 	 3.90242e-03 	 2.35368e-03 	 1.54875e-03 
1.503 	 3.97054e-03 	 2.39326e-03 	 1.57727e-03 
1.497 	 4.04128e-03 	 2.43486e-03 	 1.60642e-03 
1.492 	 4.11458e-03 	 2.47838e-03 	 1.63621e-03 
1.487 	 4.19038e-03 	 2.52372e-03 	 1.66666e-03 
1.481 	 4.26864e-03 	 2.57084e-03 	 1.69780e-03 
1.476 	 4.34935e-03 	 2.61971e-03 	 1.72964e-03 
1.471 	 4.43252e-03 	 2.67031e-03 	 1.76222e-03 
1.466 	 4.51818e-03 	 2.72263e-03 	 1.79555e-03 
1.461 	 4.60634e-03 	 2.77667e-03 	 1.82967e-03 
1.455 	 4.69706e-03 	 2.83247e-03 	 1.86460e-03 
1.450 	 4.79039e-03 	 2.89002e-03 	 1.90037e-03 
1.445 	 4.88638e-03 	 2.94938e-03 	 1.93700e-03 
1.440 	 4.98510e-03 	 3.01056e-03 	 1.97454e-03 
1.436 	 5.08663e-03 	 3.07362e-03 	 2.01300e-03 
1.431 	 5.19104e-03 	 3.13860e-03 	 2.05243e-03 
1.426 	 5.29842e-03 	 3.20556e-03 	 2.09287e-03 
1.421 	 5.40888e-03 	 3.27454e-03 	 2.13433e-03 
1.416 	 5.52250e-03 	 3.34562e-03 	 2.17688e-03 
1.411 	 5.63939e-03 	 3.41885e-03 	 2.22054e-03 
1.407 	 5.75967e-03 	 3.49432e-03 	 2.26535e-03 
1.402 	 5.88346e-03 	 3.57209e-03 	 2.31137e-03 
1.397 	 6.01087e-03 	 3.65224e-03 	 2.35863e-03 
1.393 	 6.14205e-03 	 3.73487e-03 	 2.40718e-03 
1.388 	 6.27713e-03 	 3.82005e-03 	 2.45708e-03 
1.383 	 6.41626e-03 	 3.90789e-03 	 2.50837e-03 
1.379 	 6.55960e-03 	 3.99848e-03 	 2.56111e-03 
1.374 	 6.70730e-03 	 4.09194e-03 	 2.61536e-03 
1.370 	 6.85954e-03 	 4.18836e-03 	 2.67117e-03 
1.365 	 7.01650e-03 	 4.28788e-03 	 2.72862e-03 
1.361 	 7.17836e-03 	 4.39061e-03 	 2.78775e-03 
1.356 	 7.34534e-03 	 4.49668e-03 	 2.84866e-03 
1.352 	 7.51763e-03 	 4.60623e-03 	 2.91140e-03 
1.348 	 7.69547e-03 	 4.71942e-03 	 2.97605e-03 
1.343 	 7.87908e-03 	 4.83638e-03 	 3.04270e-03 
1.339 	 8.06871e-03 	 4.95728e-03 	 3.11143e-03 
1.335 	 8.26462e-03 	 5.08229e-03 	 3.18233e-03 
1.331 	 8.46709e-03 	 5.21159e-03 	 3.25549e-03 
1.326 	 8.67639e-03 	 5.34538e-03 	 3.33102e-03 
1.322 	 8.89285e-03 	 5.48384e-03 	 3.40901e-03 
1.318 	 9.11677e-03 	 5.62719e-03 	 3.48958e-03 
1.314 	 9.34850e-03 	 5.77566e-03 	 3.57284e-03 
1.310 	 9.58839e-03 	 5.92947e-03 	 3.65892e-03 
1.306 	 9.83682e-03 	 6.08888e-03 	 3.74794e-03 
1.302 	 1.00942e-02 	 6.25416e-03 	 3.84004e-03 
1.298 	 1.03609e-02 	 6.42558e-03 	 3.93537e-03 
1.294 	 1.06375e-02 	 6.60343e-03 	 4.03407e-03 
1.290 	 1.09244e-02 	 6.78804e-03 	 4.13632e-03 
1.286 	 1.12220e-02 	 6.97973e-03 	 4.24228e-03 
1.282 	 1.15310e-02 	 7.17886e-03 	 4.35214e-03 
1.278 	 1.18519e-02 	 7.38580e-03 	 4.46609e-03 
1.274 	 1.21853e-02 	 7.60096e-03 	 4.58433e-03 
1.270 	 1.25318e-02 	 7.82475e-03 	 4.70709e-03 
1.266 	 1.28922e-02 	 8.05763e-03 	 4.83459e-03 
1.262 	 1.32672e-02 	 8.30007e-03 	 4.96708e-03 
1.259 	 1.36574e-02 	 8.55259e-03 	 5.10483e-03 
1.255 	 1.40638e-02 	 8.81574e-03 	 5.24810e-03 
1.251 	 1.44873e-02 	 9.09008e-03 	 5.39720e-03 
1.247 	 1.49287e-02 	 9.37624e-03 	 5.55245e-03 
1.244 	 1.53891e-02 	 9.67488e-03 	 5.71418e-03 
1.240 	 1.58695e-02 	 9.98671e-03 	 5.88275e-03 
1.236 	 1.63710e-02 	 1.03125e-02 	 6.05855e-03 
1.233 	 1.68950e-02 	 1.06530e-02 	 6.24199e-03 
1.229 	 1.74426e-02 	 1.10091e-02 	 6.43351e-03 
1.225 	 1.80154e-02 	 1.13818e-02 	 6.63358e-03 
1.222 	 1.86147e-02 	 1.17720e-02 	 6.84270e-03 
1.218 	 1.92423e-02 	 1.21808e-02 	 7.06142e-03 
1.215 	 1.98997e-02 	 1.26094e-02 	 7.29033e-03 
1.211 	 2.05890e-02 	 1.30590e-02 	 7.53003e-03 
1.208 	 2.13120e-02 	 1.35308e-02 	 7.78121e-03 
1.204 	 2.20710e-02 	 1.40264e-02 	 8.04459e-03 
1.201 	 2.28682e-02 	 1.45473e-02 	 8.32093e-03 
1.197 	 2.37062e-02 	 1.50951e-02 	 8.61108e-03 
1.194 	 2.45876e-02 	 1.56716e-02 	 8.91594e-03 
1.191 	 2.55152e-02 	 1.62788e-02 	 9.23648e-03 
1.187 	 2.64924e-02 	 1.69186e-02 	 9.57373e-03 
1.184 	 2.75223e-02 	 1.75935e-02 	 9.92884e-03 
1.180 	 2.86088e-02 	 1.83058e-02 	 1.03030e-02 
1.177 	 2.97557e-02 	 1.90581e-02 	 1.06976e-02 
1.174 	 3.09673e-02 	 1.98533e-02 	 1.11140e-02 
1.171 	 3.22482e-02 	 2.06945e-02 	 1.15538e-02 
1.167 	 3.36036e-02 	 2.15850e-02 	 1.20186e-02 
1.164 	 3.50387e-02 	 2.25285e-02 	 1.25102e-02 
1.161 	 3.65596e-02 	 2.35289e-02 	 1.30307e-02 
1.158 	 3.81726e-02 	 2.45906e-02 	 1.35821e-02 
1.154 	 3.98847e-02 	 2.57181e-02 	 1.41667e-02 
1.151 	 4.17035e-02 	 2.69164e-02 	 1.47870e-02 
1.148 	 4.36370e-02 	 2.81912e-02 	 1.54458e-02 
1.145 	 4.56942e-02 	 2.95482e-02 	 1.61460e-02 
1.142 	 4.78846e-02 	 3.09939e-02 	 1.68907e-02 
1.139 	 5.02187e-02 	 3.25354e-02 	 1.76834e-02 
1.136 	 5.27077e-02 	 3.41800e-02 	 1.85276e-02 
1.133 	 5.53636e-02 	 3.59361e-02 	 1.94276e-02 
1.130 	 5.81996e-02 	 3.78122e-02 	 2.03874e-02 
1.126 	 6.12297e-02 	 3.98180e-02 	 2.14117e-02 
1.123 	 6.44689e-02 	 4.19634e-02 	 2.25055e-02 
1.120 	 6.79331e-02 	 4.42593e-02 	 2.36738e-02 
1.117 	 7.16393e-02 	 4.67171e-02 	 2.49222e-02 
1.114 	 7.56052e-02 	 4.93487e-02 	 2.62565e-02 
1.112 	 7.98496e-02 	 5.21669e-02 	 2.76826e-02 
1.109 	 8.43913e-02 	 5.51846e-02 	 2.92068e-02 
1.106 	 8.92499e-02 	 5.84148e-02 	 3.08350e-02 
1.103 	 9.44443e-02 	 6.18708e-02 	 3.25735e-02 
1.100 	 9.99932e-02 	 6.55652e-02 	 3.44280e-02 
1.097 	 1.05913e-01 	 6.95096e-02 	 3.64037e-02 
1.094 	 1.12219e-01 	 7.37142e-02 	 3.85049e-02 
1.091 	 1.18921e-01 	 7.81866e-02 	 4.07346e-02 
1.088 	 1.26025e-01 	 8.29308e-02 	 4.30940e-02 
1.086 	 1.33528e-01 	 8.79461e-02 	 4.55815e-02 
1.083 	 1.41418e-01 	 9.32254e-02 	 4.81926e-02 
1.080 	 1.49672e-01 	 9.87533e-02 	 5.09184e-02 
1.077 	 1.58249e-01 	 1.04504e-01 	 5.37449e-02 
1.074 	 1.67092e-01 	 1.10440e-01 	 5.66518e-02 
1.072 	 1.76122e-01 	 1.16510e-01 	 5.96119e-02 
1.069 	 1.85234e-01 	 1.22644e-01 	 6.25899e-02 
1.066 	 1.94299e-01 	 1.28757e-01 	 6.55422e-02 
1.064 	 2.03164e-01 	 1.34747e-01 	 6.84168e-02 
1.061 	 2.11648e-01 	 1.40494e-01 	 7.11540e-02 
1.058 	 2.19555e-01 	 1.45867e-01 	 7.36882e-02 
1.055 	 2.26676e-01 	 1.50725e-01 	 7.59506e-02 
1.053 	 2.32802e-01 	 1.54929e-01 	 7.78727e-02 
1.050 	 2.37737e-01 	 1.58346e-01 	 7.93908e-02 
1.048 	 2.41313e-01 	 1.60862e-01 	 8.04508e-02 
1.045 	 2.43402e-01 	 1.62390e-01 	 8.10126e-02 
1.042 	 2.43929e-01 	 1.62876e-01 	 8.10535e-02 
1.040 	 2.42879e-01 	 1.62308e-01 	 8.05709e-02 
1.037 	 2.40294e-01 	 1.60712e-01 	 7.95820e-02 
1.035 	 2.36276e-01 	 1.58153e-01 	 7.81226e-02 
1.032 	 2.30972e-01 	 1.54728e-01 	 7.62436e-02 
1.030 	 2.24564e-01 	 1.50557e-01 	 7.40071e-02 
1.027 	 2.17254e-01 	 1.45773e-01 	 7.14812e-02 
1.024 	 2.09250e-01 	 1.40514e-01 	 6.87357e-02 
1.022 	 2.00754e-01 	 1.34916e-01 	 6.58380e-02 
1.019 	 1.91954e-01 	 1.29103e-01 	 6.28501e-02 
1.017 	 1.83015e-01 	 1.23188e-01 	 5.98269e-02 
1.015 	 1.74080e-01 	 1.17266e-01 	 5.68147e-02 
1.012 	 1.65265e-01 	 1.11414e-01 	 5.38512e-02 
1.010 	 1.56661e-01 	 1.05695e-01 	 5.09660e-02 
1.007 	 1.48337e-01 	 1.00155e-01 	 4.81811e-02 
1.005 	 1.40342e-01 	 9.48297e-02 	 4.55120e-02 
1.002 	 1.32709e-01 	 8.97402e-02 	 4.29687e-02 
1.000 	 1.25457e-01 	 8.49002e-02 	 4.05567e-02 
