Energy [eV] Ext Cross [um^2] Abs Cross [um^2] Sca Cross [um^2] 
3.500 	 1.03950e-01 	 1.33508e-02 	 9.05987e-02 
3.471 	 9.08617e-02 	 1.26358e-02 	 7.82259e-02 
3.442 	 8.01552e-02 	 1.20886e-02 	 6.80666e-02 
3.414 	 7.12606e-02 	 1.16760e-02 	 5.95846e-02 
3.387 	 6.36987e-02 	 1.13833e-02 	 5.23154e-02 
3.360 	 5.71089e-02 	 1.11990e-02 	 4.59100e-02 
3.333 	 5.12365e-02 	 1.11119e-02 	 4.01246e-02 
3.306 	 4.59091e-02 	 1.11116e-02 	 3.47975e-02 
3.281 	 4.10146e-02 	 1.11885e-02 	 2.98261e-02 
3.255 	 3.64913e-02 	 1.13337e-02 	 2.51576e-02 
3.230 	 3.23168e-02 	 1.15393e-02 	 2.07775e-02 
3.205 	 2.84982e-02 	 1.17976e-02 	 1.67007e-02 
3.181 	 2.50635e-02 	 1.21005e-02 	 1.29629e-02 
3.157 	 2.20576e-02 	 1.24402e-02 	 9.61738e-03 
3.133 	 1.95357e-02 	 1.28084e-02 	 6.72733e-03 
3.110 	 1.75558e-02 	 1.31969e-02 	 4.35888e-03 
3.087 	 1.61741e-02 	 1.35978e-02 	 2.57633e-03 
3.064 	 1.54404e-02 	 1.40038e-02 	 1.43659e-03 
3.042 	 1.53936e-02 	 1.44098e-02 	 9.83869e-04 
3.020 	 1.60535e-02 	 1.48085e-02 	 1.24504e-03 
2.999 	 1.74219e-02 	 1.51946e-02 	 2.22730e-03 
2.977 	 1.95049e-02 	 1.55812e-02 	 3.92367e-03 
2.956 	 2.22531e-02 	 1.59540e-02 	 6.29909e-03 
2.935 	 2.55659e-02 	 1.62776e-02 	 9.28830e-03 
2.915 	 2.95620e-02 	 1.66730e-02 	 1.28890e-02 
2.895 	 3.41092e-02 	 1.70611e-02 	 1.70480e-02 
2.875 	 3.89314e-02 	 1.74548e-02 	 2.14766e-02 
2.855 	 4.42741e-02 	 1.79171e-02 	 2.63570e-02 
2.836 	 4.99874e-02 	 1.83117e-02 	 3.16756e-02 
2.817 	 5.60307e-02 	 1.89055e-02 	 3.71252e-02 
2.798 	 6.24234e-02 	 1.96499e-02 	 4.27735e-02 
2.780 	 6.91366e-02 	 2.05065e-02 	 4.86301e-02 
2.761 	 7.62556e-02 	 2.16189e-02 	 5.46367e-02 
2.743 	 8.38933e-02 	 2.31241e-02 	 6.07692e-02 
2.725 	 9.22348e-02 	 2.51922e-02 	 6.70427e-02 
2.708 	 1.01567e-01 	 2.81028e-02 	 7.34638e-02 
2.690 	 1.12176e-01 	 3.21421e-02 	 8.00340e-02 
2.673 	 1.23956e-01 	 3.71001e-02 	 8.68559e-02 
2.656 	 1.36492e-01 	 4.21815e-02 	 9.43104e-02 
2.639 	 1.50071e-01 	 4.69107e-02 	 1.03160e-01 
2.623 	 1.66460e-01 	 5.21718e-02 	 1.14288e-01 
2.606 	 1.87039e-01 	 5.98937e-02 	 1.27145e-01 
2.590 	 2.10545e-01 	 6.99213e-02 	 1.40624e-01 
2.574 	 2.31728e-01 	 7.91500e-02 	 1.52578e-01 
2.559 	 2.42746e-01 	 8.30621e-02 	 1.59684e-01 
2.543 	 2.40997e-01 	 8.05745e-02 	 1.60422e-01 
2.528 	 2.31134e-01 	 7.51507e-02 	 1.55983e-01 
2.513 	 2.16801e-01 	 6.94195e-02 	 1.47381e-01 
2.498 	 1.98399e-01 	 6.28207e-02 	 1.35578e-01 
2.483 	 1.78271e-01 	 5.44781e-02 	 1.23793e-01 
2.468 	 1.61145e-01 	 4.55020e-02 	 1.15643e-01 
2.454 	 1.49557e-01 	 3.75552e-02 	 1.12002e-01 
2.439 	 1.43010e-01 	 3.13160e-02 	 1.11694e-01 
2.425 	 1.39991e-01 	 2.66635e-02 	 1.13328e-01 
2.411 	 1.39195e-01 	 2.32342e-02 	 1.15961e-01 
2.397 	 1.39752e-01 	 2.06879e-02 	 1.19064e-01 
2.384 	 1.41129e-01 	 1.87686e-02 	 1.22360e-01 
2.370 	 1.43006e-01 	 1.72967e-02 	 1.25709e-01 
2.357 	 1.45190e-01 	 1.61488e-02 	 1.29041e-01 
2.344 	 1.47562e-01 	 1.52393e-02 	 1.32323e-01 
2.331 	 1.50049e-01 	 1.45086e-02 	 1.35541e-01 
2.318 	 1.52604e-01 	 1.39143e-02 	 1.38690e-01 
2.305 	 1.55196e-01 	 1.34258e-02 	 1.41770e-01 
2.292 	 1.57805e-01 	 1.30205e-02 	 1.44785e-01 
2.280 	 1.60420e-01 	 1.26816e-02 	 1.47738e-01 
2.268 	 1.63031e-01 	 1.23962e-02 	 1.50635e-01 
2.255 	 1.65633e-01 	 1.21546e-02 	 1.53479e-01 
2.243 	 1.68222e-01 	 1.19492e-02 	 1.56273e-01 
2.231 	 1.70796e-01 	 1.17741e-02 	 1.59022e-01 
2.220 	 1.73353e-01 	 1.16244e-02 	 1.61728e-01 
2.208 	 1.75892e-01 	 1.14962e-02 	 1.64396e-01 
2.196 	 1.78413e-01 	 1.13863e-02 	 1.67026e-01 
2.185 	 1.80914e-01 	 1.12922e-02 	 1.69622e-01 
2.173 	 1.83397e-01 	 1.12117e-02 	 1.72185e-01 
2.162 	 1.85860e-01 	 1.11431e-02 	 1.74716e-01 
2.151 	 1.88302e-01 	 1.10849e-02 	 1.77217e-01 
2.140 	 1.90724e-01 	 1.10358e-02 	 1.79688e-01 
2.129 	 1.93124e-01 	 1.09946e-02 	 1.82129e-01 
2.118 	 1.95502e-01 	 1.09605e-02 	 1.84542e-01 
2.108 	 1.97858e-01 	 1.09326e-02 	 1.86925e-01 
2.097 	 2.00190e-01 	 1.09103e-02 	 1.89279e-01 
2.087 	 2.02497e-01 	 1.08930e-02 	 1.91604e-01 
2.076 	 2.04779e-01 	 1.08800e-02 	 1.93899e-01 
2.066 	 2.07035e-01 	 1.08709e-02 	 1.96164e-01 
2.056 	 2.09263e-01 	 1.08654e-02 	 1.98398e-01 
2.046 	 2.11463e-01 	 1.08629e-02 	 2.00600e-01 
2.036 	 2.13634e-01 	 1.08633e-02 	 2.02770e-01 
2.026 	 2.15774e-01 	 1.08661e-02 	 2.04908e-01 
2.016 	 2.17882e-01 	 1.08712e-02 	 2.07011e-01 
2.007 	 2.19958e-01 	 1.08781e-02 	 2.09080e-01 
1.997 	 2.22000e-01 	 1.08868e-02 	 2.11113e-01 
1.988 	 2.24007e-01 	 1.08970e-02 	 2.13110e-01 
1.978 	 2.25979e-01 	 1.09084e-02 	 2.15071e-01 
1.969 	 2.27914e-01 	 1.09210e-02 	 2.16993e-01 
1.960 	 2.29811e-01 	 1.09345e-02 	 2.18876e-01 
1.951 	 2.31669e-01 	 1.09487e-02 	 2.20720e-01 
1.942 	 2.33488e-01 	 1.09636e-02 	 2.22524e-01 
1.933 	 2.35265e-01 	 1.09788e-02 	 2.24286e-01 
1.924 	 2.37001e-01 	 1.09944e-02 	 2.26006e-01 
1.915 	 2.38694e-01 	 1.10100e-02 	 2.27684e-01 
1.906 	 2.40342e-01 	 1.10257e-02 	 2.29317e-01 
1.898 	 2.41946e-01 	 1.10412e-02 	 2.30905e-01 
1.889 	 2.43504e-01 	 1.10565e-02 	 2.32447e-01 
1.881 	 2.45014e-01 	 1.10714e-02 	 2.33943e-01 
1.872 	 2.46477e-01 	 1.10858e-02 	 2.35391e-01 
1.864 	 2.47890e-01 	 1.10996e-02 	 2.36791e-01 
1.855 	 2.49253e-01 	 1.11126e-02 	 2.38140e-01 
1.847 	 2.50565e-01 	 1.11248e-02 	 2.39440e-01 
1.839 	 2.51824e-01 	 1.11360e-02 	 2.40688e-01 
1.831 	 2.53030e-01 	 1.11461e-02 	 2.41883e-01 
1.823 	 2.54181e-01 	 1.11551e-02 	 2.43026e-01 
1.815 	 2.55277e-01 	 1.11628e-02 	 2.44114e-01 
1.807 	 2.56317e-01 	 1.11691e-02 	 2.45148e-01 
1.800 	 2.57299e-01 	 1.11740e-02 	 2.46125e-01 
1.792 	 2.58223e-01 	 1.11773e-02 	 2.47046e-01 
1.784 	 2.59088e-01 	 1.11791e-02 	 2.47909e-01 
1.777 	 2.59893e-01 	 1.11791e-02 	 2.48714e-01 
1.769 	 2.60638e-01 	 1.11773e-02 	 2.49460e-01 
1.762 	 2.61321e-01 	 1.11737e-02 	 2.50147e-01 
1.754 	 2.61942e-01 	 1.11682e-02 	 2.50774e-01 
1.747 	 2.62500e-01 	 1.11606e-02 	 2.51339e-01 
1.740 	 2.62995e-01 	 1.11510e-02 	 2.51844e-01 
1.733 	 2.63426e-01 	 1.11392e-02 	 2.52287e-01 
1.725 	 2.63793e-01 	 1.11253e-02 	 2.52667e-01 
1.718 	 2.64095e-01 	 1.11091e-02 	 2.52985e-01 
1.711 	 2.64332e-01 	 1.10907e-02 	 2.53241e-01 
1.704 	 2.64504e-01 	 1.10700e-02 	 2.53434e-01 
1.697 	 2.64611e-01 	 1.10469e-02 	 2.53564e-01 
1.691 	 2.64652e-01 	 1.10214e-02 	 2.53630e-01 
1.684 	 2.64628e-01 	 1.09935e-02 	 2.53634e-01 
1.677 	 2.64538e-01 	 1.09632e-02 	 2.53575e-01 
1.670 	 2.64383e-01 	 1.09304e-02 	 2.53453e-01 
1.664 	 2.64164e-01 	 1.08951e-02 	 2.53269e-01 
1.657 	 2.63880e-01 	 1.08573e-02 	 2.53022e-01 
1.651 	 2.63531e-01 	 1.08170e-02 	 2.52714e-01 
1.644 	 2.63119e-01 	 1.07743e-02 	 2.52345e-01 
1.638 	 2.62643e-01 	 1.07290e-02 	 2.51914e-01 
1.631 	 2.62105e-01 	 1.06812e-02 	 2.51424e-01 
1.625 	 2.61505e-01 	 1.06310e-02 	 2.50874e-01 
1.619 	 2.60844e-01 	 1.05782e-02 	 2.50266e-01 
1.612 	 2.60123e-01 	 1.05230e-02 	 2.49600e-01 
1.606 	 2.59343e-01 	 1.04654e-02 	 2.48877e-01 
1.600 	 2.58504e-01 	 1.04053e-02 	 2.48098e-01 
1.594 	 2.57608e-01 	 1.03429e-02 	 2.47265e-01 
1.588 	 2.56656e-01 	 1.02781e-02 	 2.46377e-01 
1.582 	 2.55648e-01 	 1.02110e-02 	 2.45437e-01 
1.576 	 2.54588e-01 	 1.01416e-02 	 2.44446e-01 
1.570 	 2.53474e-01 	 1.00700e-02 	 2.43404e-01 
1.564 	 2.52310e-01 	 9.99618e-03 	 2.42314e-01 
1.558 	 2.51096e-01 	 9.92021e-03 	 2.41176e-01 
1.553 	 2.49834e-01 	 9.84214e-03 	 2.39991e-01 
1.547 	 2.48524e-01 	 9.76202e-03 	 2.38762e-01 
1.541 	 2.47170e-01 	 9.67990e-03 	 2.37490e-01 
1.536 	 2.45772e-01 	 9.59585e-03 	 2.36176e-01 
1.530 	 2.44332e-01 	 9.50992e-03 	 2.34822e-01 
1.524 	 2.42851e-01 	 9.42216e-03 	 2.33429e-01 
1.519 	 2.41331e-01 	 9.33264e-03 	 2.31998e-01 
1.513 	 2.39774e-01 	 9.24143e-03 	 2.30532e-01 
1.508 	 2.38181e-01 	 9.14858e-03 	 2.29032e-01 
1.503 	 2.36554e-01 	 9.05416e-03 	 2.27500e-01 
1.497 	 2.34894e-01 	 8.95823e-03 	 2.25936e-01 
1.492 	 2.33204e-01 	 8.86086e-03 	 2.24343e-01 
1.487 	 2.31484e-01 	 8.76211e-03 	 2.22722e-01 
1.481 	 2.29737e-01 	 8.66205e-03 	 2.21075e-01 
1.476 	 2.27964e-01 	 8.56075e-03 	 2.19403e-01 
1.471 	 2.26167e-01 	 8.45826e-03 	 2.17709e-01 
1.466 	 2.24347e-01 	 8.35467e-03 	 2.15992e-01 
1.461 	 2.22506e-01 	 8.25003e-03 	 2.14256e-01 
1.455 	 2.20645e-01 	 8.14441e-03 	 2.12501e-01 
1.450 	 2.18767e-01 	 8.03787e-03 	 2.10729e-01 
1.445 	 2.16872e-01 	 7.93048e-03 	 2.08941e-01 
1.440 	 2.14962e-01 	 7.82231e-03 	 2.07140e-01 
1.436 	 2.13039e-01 	 7.71340e-03 	 2.05325e-01 
1.431 	 2.11103e-01 	 7.60383e-03 	 2.03499e-01 
1.426 	 2.09157e-01 	 7.49366e-03 	 2.01663e-01 
1.421 	 2.07201e-01 	 7.38294e-03 	 1.99819e-01 
1.416 	 2.05238e-01 	 7.27174e-03 	 1.97966e-01 
1.411 	 2.03268e-01 	 7.16010e-03 	 1.96108e-01 
1.407 	 2.01293e-01 	 7.04808e-03 	 1.94245e-01 
1.402 	 1.99313e-01 	 6.93574e-03 	 1.92377e-01 
1.397 	 1.97331e-01 	 6.82314e-03 	 1.90507e-01 
1.393 	 1.95346e-01 	 6.71031e-03 	 1.88636e-01 
1.388 	 1.93361e-01 	 6.59732e-03 	 1.86764e-01 
1.383 	 1.91377e-01 	 6.48421e-03 	 1.84892e-01 
1.379 	 1.89394e-01 	 6.37102e-03 	 1.83023e-01 
1.374 	 1.87413e-01 	 6.25781e-03 	 1.81155e-01 
1.370 	 1.85435e-01 	 6.14461e-03 	 1.79291e-01 
1.365 	 1.83462e-01 	 6.03147e-03 	 1.77431e-01 
1.361 	 1.81495e-01 	 5.91844e-03 	 1.75576e-01 
1.356 	 1.79533e-01 	 5.80553e-03 	 1.73727e-01 
1.352 	 1.77578e-01 	 5.69280e-03 	 1.71885e-01 
1.348 	 1.75631e-01 	 5.58029e-03 	 1.70050e-01 
1.343 	 1.73692e-01 	 5.46801e-03 	 1.68223e-01 
1.339 	 1.71762e-01 	 5.35601e-03 	 1.66406e-01 
1.335 	 1.69841e-01 	 5.24432e-03 	 1.64597e-01 
1.331 	 1.67931e-01 	 5.13297e-03 	 1.62798e-01 
1.326 	 1.66032e-01 	 5.02198e-03 	 1.61010e-01 
1.322 	 1.64145e-01 	 4.91139e-03 	 1.59233e-01 
1.318 	 1.62269e-01 	 4.80121e-03 	 1.57468e-01 
1.314 	 1.60406e-01 	 4.69148e-03 	 1.55715e-01 
1.310 	 1.58556e-01 	 4.58221e-03 	 1.53974e-01 
1.306 	 1.56719e-01 	 4.47342e-03 	 1.52246e-01 
1.302 	 1.54896e-01 	 4.36515e-03 	 1.50531e-01 
1.298 	 1.53087e-01 	 4.25739e-03 	 1.48830e-01 
1.294 	 1.51293e-01 	 4.15018e-03 	 1.47143e-01 
1.290 	 1.49513e-01 	 4.04353e-03 	 1.45470e-01 
1.286 	 1.47749e-01 	 3.93745e-03 	 1.43811e-01 
1.282 	 1.46000e-01 	 3.83196e-03 	 1.42168e-01 
1.278 	 1.44266e-01 	 3.72707e-03 	 1.40539e-01 
1.274 	 1.42549e-01 	 3.62279e-03 	 1.38926e-01 
1.270 	 1.40847e-01 	 3.51914e-03 	 1.37328e-01 
1.266 	 1.39162e-01 	 3.41611e-03 	 1.35746e-01 
1.262 	 1.37493e-01 	 3.31374e-03 	 1.34179e-01 
1.259 	 1.35840e-01 	 3.21201e-03 	 1.32628e-01 
1.255 	 1.34204e-01 	 3.11094e-03 	 1.31093e-01 
1.251 	 1.32585e-01 	 3.01053e-03 	 1.29574e-01 
1.247 	 1.30983e-01 	 2.91080e-03 	 1.28072e-01 
1.244 	 1.29397e-01 	 2.81174e-03 	 1.26585e-01 
1.240 	 1.27828e-01 	 2.71336e-03 	 1.25115e-01 
1.236 	 1.26277e-01 	 2.61567e-03 	 1.23661e-01 
1.233 	 1.24742e-01 	 2.51866e-03 	 1.22224e-01 
1.229 	 1.23225e-01 	 2.42233e-03 	 1.20802e-01 
1.225 	 1.21724e-01 	 2.32670e-03 	 1.19397e-01 
1.222 	 1.20240e-01 	 2.23176e-03 	 1.18008e-01 
1.218 	 1.18773e-01 	 2.13751e-03 	 1.16636e-01 
1.215 	 1.17323e-01 	 2.04396e-03 	 1.15279e-01 
1.211 	 1.15890e-01 	 1.95109e-03 	 1.13939e-01 
1.208 	 1.14474e-01 	 1.85892e-03 	 1.12615e-01 
1.204 	 1.13075e-01 	 1.76743e-03 	 1.11307e-01 
1.201 	 1.11692e-01 	 1.67663e-03 	 1.10015e-01 
1.197 	 1.10326e-01 	 1.58651e-03 	 1.08739e-01 
1.194 	 1.08976e-01 	 1.49708e-03 	 1.07479e-01 
1.191 	 1.07643e-01 	 1.40832e-03 	 1.06234e-01 
1.187 	 1.06326e-01 	 1.32025e-03 	 1.05005e-01 
1.184 	 1.05025e-01 	 1.23284e-03 	 1.03792e-01 
1.180 	 1.03740e-01 	 1.14610e-03 	 1.02594e-01 
1.177 	 1.02471e-01 	 1.06003e-03 	 1.01411e-01 
1.174 	 1.01218e-01 	 9.74616e-04 	 1.00243e-01 
1.171 	 9.99806e-02 	 8.89858e-04 	 9.90907e-02 
1.167 	 9.87588e-02 	 8.05751e-04 	 9.79530e-02 
1.164 	 9.75524e-02 	 7.22290e-04 	 9.68301e-02 
1.161 	 9.63612e-02 	 6.39469e-04 	 9.57218e-02 
1.158 	 9.51853e-02 	 5.57283e-04 	 9.46280e-02 
1.154 	 9.40243e-02 	 4.75727e-04 	 9.35485e-02 
1.151 	 9.28781e-02 	 3.94794e-04 	 9.24833e-02 
1.148 	 9.17467e-02 	 3.14480e-04 	 9.14322e-02 
1.145 	 9.06297e-02 	 2.34777e-04 	 9.03950e-02 
1.142 	 8.95272e-02 	 1.55680e-04 	 8.93715e-02 
1.139 	 8.84389e-02 	 7.71834e-05 	 8.83617e-02 
1.136 	 8.73647e-02 	 -7.20284e-07 	 8.73654e-02 
1.133 	 8.63043e-02 	 -7.80369e-05 	 8.63824e-02 
1.130 	 8.52578e-02 	 -1.54773e-04 	 8.54125e-02 
1.126 	 8.42248e-02 	 -2.30935e-04 	 8.44557e-02 
1.123 	 8.32052e-02 	 -3.06529e-04 	 8.35118e-02 
1.120 	 8.21990e-02 	 -3.81561e-04 	 8.25805e-02 
1.117 	 8.12058e-02 	 -4.56039e-04 	 8.16618e-02 
1.114 	 8.02256e-02 	 -5.29969e-04 	 8.07555e-02 
1.112 	 7.92581e-02 	 -6.03358e-04 	 7.98615e-02 
1.109 	 7.83033e-02 	 -6.76212e-04 	 7.89796e-02 
1.106 	 7.73610e-02 	 -7.48537e-04 	 7.81095e-02 
1.103 	 7.64310e-02 	 -8.20341e-04 	 7.72513e-02 
1.100 	 7.55131e-02 	 -8.91629e-04 	 7.64047e-02 
1.097 	 7.46072e-02 	 -9.62409e-04 	 7.55696e-02 
1.094 	 7.37131e-02 	 -1.03269e-03 	 7.47458e-02 
1.091 	 7.28307e-02 	 -1.10247e-03 	 7.39332e-02 
1.088 	 7.19599e-02 	 -1.17177e-03 	 7.31316e-02 
1.086 	 7.11003e-02 	 -1.24058e-03 	 7.23409e-02 
1.083 	 7.02520e-02 	 -1.30892e-03 	 7.15609e-02 
1.080 	 6.94148e-02 	 -1.37679e-03 	 7.07915e-02 
1.077 	 6.85884e-02 	 -1.44419e-03 	 7.00326e-02 
1.074 	 6.77728e-02 	 -1.51114e-03 	 6.92839e-02 
1.072 	 6.69678e-02 	 -1.57764e-03 	 6.85454e-02 
1.069 	 6.61732e-02 	 -1.64370e-03 	 6.78169e-02 
1.066 	 6.53890e-02 	 -1.70932e-03 	 6.70983e-02 
1.064 	 6.46149e-02 	 -1.77452e-03 	 6.63894e-02 
1.061 	 6.38508e-02 	 -1.83928e-03 	 6.56901e-02 
1.058 	 6.30966e-02 	 -1.90363e-03 	 6.50003e-02 
1.055 	 6.23522e-02 	 -1.96757e-03 	 6.43197e-02 
1.053 	 6.16173e-02 	 -2.03110e-03 	 6.36484e-02 
1.050 	 6.08919e-02 	 -2.09423e-03 	 6.29861e-02 
1.048 	 6.01758e-02 	 -2.15697e-03 	 6.23328e-02 
1.045 	 5.94689e-02 	 -2.21932e-03 	 6.16882e-02 
1.042 	 5.87710e-02 	 -2.28129e-03 	 6.10523e-02 
1.040 	 5.80821e-02 	 -2.34289e-03 	 6.04250e-02 
1.037 	 5.74019e-02 	 -2.40411e-03 	 5.98060e-02 
1.035 	 5.67304e-02 	 -2.46497e-03 	 5.91954e-02 
1.032 	 5.60674e-02 	 -2.52546e-03 	 5.85929e-02 
1.030 	 5.54129e-02 	 -2.58561e-03 	 5.79985e-02 
1.027 	 5.47666e-02 	 -2.64541e-03 	 5.74120e-02 
1.024 	 5.41284e-02 	 -2.70486e-03 	 5.68333e-02 
1.022 	 5.34983e-02 	 -2.76398e-03 	 5.62623e-02 
1.019 	 5.28762e-02 	 -2.82277e-03 	 5.56989e-02 
1.017 	 5.22618e-02 	 -2.88122e-03 	 5.51430e-02 
1.015 	 5.16551e-02 	 -2.93936e-03 	 5.45944e-02 
1.012 	 5.10559e-02 	 -2.99718e-03 	 5.40531e-02 
1.010 	 5.04643e-02 	 -3.05469e-03 	 5.35190e-02 
1.007 	 4.98799e-02 	 -3.11189e-03 	 5.29918e-02 
1.005 	 4.93029e-02 	 -3.16880e-03 	 5.24716e-02 
1.002 	 4.87329e-02 	 -3.22540e-03 	 5.19583e-02 
1.000 	 4.81700e-02 	 -3.28172e-03 	 5.14517e-02 
