Energy [eV] Ext Cross [um^2] Abs Cross [um^2] Sca Cross [um^2] 
3.000 	 1.08159e-04 	 1.07912e-04 	 2.47033e-07 
2.970 	 1.13117e-04 	 1.12583e-04 	 5.33563e-07 
2.941 	 1.18154e-04 	 1.17179e-04 	 9.75647e-07 
2.912 	 1.24177e-04 	 1.22597e-04 	 1.57991e-06 
2.884 	 1.30315e-04 	 1.27975e-04 	 2.33959e-06 
2.856 	 1.37470e-04 	 1.34225e-04 	 3.24444e-06 
2.829 	 1.43761e-04 	 1.39428e-04 	 4.33262e-06 
2.803 	 1.52322e-04 	 1.46752e-04 	 5.57018e-06 
2.777 	 1.60746e-04 	 1.53765e-04 	 6.98051e-06 
2.751 	 1.70068e-04 	 1.61502e-04 	 8.56595e-06 
2.726 	 1.80525e-04 	 1.70191e-04 	 1.03335e-05 
2.701 	 1.91643e-04 	 1.79349e-04 	 1.22932e-05 
2.677 	 2.02778e-04 	 1.88322e-04 	 1.44559e-05 
2.653 	 2.14590e-04 	 1.97754e-04 	 1.68361e-05 
2.630 	 2.27756e-04 	 2.08306e-04 	 1.94502e-05 
2.607 	 2.42278e-04 	 2.19961e-04 	 2.23173e-05 
2.584 	 2.58217e-04 	 2.32756e-04 	 2.54606e-05 
2.562 	 2.75728e-04 	 2.46822e-04 	 2.89066e-05 
2.540 	 2.94983e-04 	 2.62299e-04 	 3.26840e-05 
2.519 	 3.16090e-04 	 2.79259e-04 	 3.68308e-05 
2.498 	 3.39374e-04 	 2.97975e-04 	 4.13984e-05 
2.477 	 3.65317e-04 	 3.18877e-04 	 4.64400e-05 
2.457 	 3.94384e-04 	 3.42364e-04 	 5.20201e-05 
2.437 	 4.27134e-04 	 3.68908e-04 	 5.82260e-05 
2.417 	 4.63955e-04 	 3.98791e-04 	 6.51643e-05 
2.398 	 5.05273e-04 	 4.32335e-04 	 7.29383e-05 
2.378 	 5.52720e-04 	 4.71043e-04 	 8.16763e-05 
2.360 	 6.07828e-04 	 5.16286e-04 	 9.15413e-05 
2.341 	 6.71606e-04 	 5.68849e-04 	 1.02757e-04 
2.323 	 7.46286e-04 	 6.30555e-04 	 1.15731e-04 
2.305 	 8.35840e-04 	 7.04933e-04 	 1.30907e-04 
2.287 	 9.44919e-04 	 7.96105e-04 	 1.48815e-04 
2.270 	 1.07990e-03 	 9.09690e-04 	 1.70211e-04 
2.253 	 1.25019e-03 	 1.05403e-03 	 1.96166e-04 
2.236 	 1.47008e-03 	 1.24187e-03 	 2.28212e-04 
2.219 	 1.76192e-03 	 1.49333e-03 	 2.68587e-04 
2.203 	 2.16168e-03 	 1.84110e-03 	 3.20578e-04 
2.187 	 2.72752e-03 	 2.33865e-03 	 3.88872e-04 
2.171 	 3.54591e-03 	 3.06650e-03 	 4.79405e-04 
2.155 	 4.70802e-03 	 4.10976e-03 	 5.98262e-04 
2.140 	 6.29577e-03 	 5.53910e-03 	 7.56666e-04 
2.125 	 8.57160e-03 	 7.59529e-03 	 9.76315e-04 
2.110 	 1.16454e-02 	 1.04153e-02 	 1.23006e-03 
2.095 	 1.41279e-02 	 1.27854e-02 	 1.34243e-03 
2.080 	 1.35075e-02 	 1.23874e-02 	 1.12004e-03 
2.066 	 1.04192e-02 	 9.68706e-03 	 7.32130e-04 
2.052 	 7.40689e-03 	 6.97728e-03 	 4.29608e-04 
2.038 	 5.32897e-03 	 5.07819e-03 	 2.50777e-04 
2.024 	 4.01909e-03 	 3.86514e-03 	 1.53951e-04 
2.010 	 3.20085e-03 	 3.09713e-03 	 1.03718e-04 
1.997 	 2.68538e-03 	 2.60559e-03 	 7.97942e-05 
1.983 	 2.36071e-03 	 2.28931e-03 	 7.14004e-05 
1.970 	 2.16169e-03 	 2.08887e-03 	 7.28257e-05 
1.957 	 2.05000e-03 	 1.96897e-03 	 8.10217e-05 
1.945 	 2.00278e-03 	 1.90839e-03 	 9.43881e-05 
1.932 	 2.00646e-03 	 1.89430e-03 	 1.12158e-04 
1.920 	 2.05332e-03 	 1.91923e-03 	 1.34083e-04 
1.907 	 2.13952e-03 	 1.97925e-03 	 1.60273e-04 
1.895 	 2.26413e-03 	 2.07300e-03 	 1.91122e-04 
1.883 	 2.42853e-03 	 2.20123e-03 	 2.27294e-04 
1.871 	 2.63630e-03 	 2.36657e-03 	 2.69737e-04 
1.860 	 2.89333e-03 	 2.57360e-03 	 3.19734e-04 
1.848 	 3.20811e-03 	 2.82912e-03 	 3.78986e-04 
1.837 	 3.59238e-03 	 3.14264e-03 	 4.49741e-04 
1.826 	 4.06212e-03 	 3.52714e-03 	 5.34982e-04 
1.815 	 4.63889e-03 	 4.00020e-03 	 6.38693e-04 
1.804 	 5.35198e-03 	 4.58573e-03 	 7.66248e-04 
1.793 	 6.24134e-03 	 5.31637e-03 	 9.24978e-04 
1.782 	 7.36198e-03 	 6.23700e-03 	 1.12498e-03 
1.772 	 8.79004e-03 	 7.40974e-03 	 1.38030e-03 
1.761 	 1.06311e-02 	 8.92059e-03 	 1.71050e-03 
1.751 	 1.30300e-02 	 1.08874e-02 	 2.14262e-03 
1.741 	 1.61790e-02 	 1.34661e-02 	 2.71294e-03 
1.730 	 2.03115e-02 	 1.68452e-02 	 3.46631e-03 
1.720 	 2.56464e-02 	 2.11997e-02 	 4.44670e-03 
1.711 	 3.22072e-02 	 2.65424e-02 	 5.66481e-03 
1.701 	 3.94248e-02 	 3.24000e-02 	 7.02475e-03 
1.691 	 4.56688e-02 	 3.74353e-02 	 8.23344e-03 
1.682 	 4.85404e-02 	 3.96955e-02 	 8.84488e-03 
1.672 	 4.66536e-02 	 3.80699e-02 	 8.58368e-03 
1.663 	 4.10629e-02 	 3.34412e-02 	 7.62172e-03 
1.654 	 3.41136e-02 	 2.77310e-02 	 6.38261e-03 
1.645 	 2.75664e-02 	 2.23712e-02 	 5.19519e-03 
1.636 	 2.21240e-02 	 1.79269e-02 	 4.19709e-03 
1.627 	 1.78423e-02 	 1.44372e-02 	 3.40515e-03 
1.618 	 1.45392e-02 	 1.17493e-02 	 2.78988e-03 
1.609 	 1.19956e-02 	 9.68245e-03 	 2.31316e-03 
1.601 	 1.00234e-02 	 8.08195e-03 	 1.94150e-03 
1.592 	 8.47782e-03 	 6.82907e-03 	 1.64874e-03 
1.584 	 7.25160e-03 	 5.83620e-03 	 1.41540e-03 
1.575 	 6.26664e-03 	 5.03949e-03 	 1.22715e-03 
1.567 	 5.46593e-03 	 4.39245e-03 	 1.07348e-03 
1.559 	 4.80760e-03 	 3.86095e-03 	 9.46650e-04 
1.551 	 4.26061e-03 	 3.41972e-03 	 8.40883e-04 
1.543 	 3.80167e-03 	 3.04984e-03 	 7.51835e-04 
1.535 	 3.41316e-03 	 2.73696e-03 	 6.76204e-04 
1.527 	 3.08155e-03 	 2.47011e-03 	 6.11447e-04 
1.519 	 2.79636e-03 	 2.24077e-03 	 5.55589e-04 
1.511 	 2.54937e-03 	 2.04229e-03 	 5.07076e-04 
1.504 	 2.33409e-03 	 1.86941e-03 	 4.64679e-04 
1.496 	 2.14533e-03 	 1.71792e-03 	 4.27410e-04 
1.489 	 1.97893e-03 	 1.58445e-03 	 3.94474e-04 
1.481 	 1.83147e-03 	 1.46625e-03 	 3.65224e-04 
1.474 	 1.70020e-03 	 1.36107e-03 	 3.39126e-04 
1.467 	 1.58282e-03 	 1.26708e-03 	 3.15741e-04 
1.460 	 1.47743e-03 	 1.18272e-03 	 2.94705e-04 
1.453 	 1.38245e-03 	 1.10673e-03 	 2.75711e-04 
1.446 	 1.29654e-03 	 1.03803e-03 	 2.58501e-04 
1.439 	 1.21857e-03 	 9.75713e-04 	 2.42858e-04 
1.432 	 1.14760e-03 	 9.19001e-04 	 2.28594e-04 
1.425 	 1.08279e-03 	 8.67237e-04 	 2.15552e-04 
1.418 	 1.02345e-03 	 8.19859e-04 	 2.03594e-04 
1.411 	 9.68980e-04 	 7.76377e-04 	 1.92603e-04 
1.405 	 9.18849e-04 	 7.36373e-04 	 1.82476e-04 
1.398 	 8.72604e-04 	 6.99480e-04 	 1.73123e-04 
1.392 	 8.29850e-04 	 6.65381e-04 	 1.64469e-04 
1.385 	 7.90240e-04 	 6.33797e-04 	 1.56443e-04 
1.379 	 7.53470e-04 	 6.04484e-04 	 1.48986e-04 
1.372 	 7.19272e-04 	 5.77226e-04 	 1.42045e-04 
1.366 	 6.87407e-04 	 5.51833e-04 	 1.35574e-04 
1.360 	 6.57665e-04 	 5.28135e-04 	 1.29530e-04 
1.354 	 6.29859e-04 	 5.05983e-04 	 1.23876e-04 
1.348 	 6.03821e-04 	 4.85242e-04 	 1.18579e-04 
1.342 	 5.79403e-04 	 4.65793e-04 	 1.13610e-04 
1.336 	 5.56470e-04 	 4.47529e-04 	 1.08941e-04 
1.330 	 5.34903e-04 	 4.30354e-04 	 1.04549e-04 
1.324 	 5.14593e-04 	 4.14180e-04 	 1.00413e-04 
1.318 	 4.95443e-04 	 3.98931e-04 	 9.65120e-05 
1.312 	 4.77365e-04 	 3.84536e-04 	 9.28291e-05 
1.306 	 4.60278e-04 	 3.70930e-04 	 8.93482e-05 
1.301 	 4.44110e-04 	 3.58056e-04 	 8.60547e-05 
1.295 	 4.28796e-04 	 3.45861e-04 	 8.29353e-05 
1.289 	 4.14275e-04 	 3.34297e-04 	 7.99779e-05 
1.284 	 4.00491e-04 	 3.23320e-04 	 7.71714e-05 
1.278 	 3.87395e-04 	 3.12889e-04 	 7.45057e-05 
1.273 	 3.74941e-04 	 3.02970e-04 	 7.19715e-05 
1.268 	 3.63086e-04 	 2.93526e-04 	 6.95602e-05 
1.262 	 3.51793e-04 	 2.84529e-04 	 6.72640e-05 
1.257 	 3.41024e-04 	 2.75948e-04 	 6.50757e-05 
1.252 	 3.30748e-04 	 2.67759e-04 	 6.29886e-05 
1.246 	 3.20934e-04 	 2.59937e-04 	 6.09966e-05 
1.241 	 3.11554e-04 	 2.52460e-04 	 5.90940e-05 
1.236 	 3.02583e-04 	 2.45307e-04 	 5.72755e-05 
1.231 	 2.93996e-04 	 2.38460e-04 	 5.55362e-05 
1.226 	 2.85771e-04 	 2.31900e-04 	 5.38717e-05 
1.221 	 2.77888e-04 	 2.25611e-04 	 5.22776e-05 
1.216 	 2.70328e-04 	 2.19578e-04 	 5.07501e-05 
1.211 	 2.63072e-04 	 2.13786e-04 	 4.92855e-05 
1.206 	 2.56104e-04 	 2.08223e-04 	 4.78805e-05 
1.201 	 2.49408e-04 	 2.02876e-04 	 4.65318e-05 
1.196 	 2.42971e-04 	 1.97734e-04 	 4.52366e-05 
1.192 	 2.36778e-04 	 1.92786e-04 	 4.39919e-05 
1.187 	 2.30817e-04 	 1.88022e-04 	 4.27953e-05 
1.182 	 2.25077e-04 	 1.83432e-04 	 4.16443e-05 
1.178 	 2.19545e-04 	 1.79009e-04 	 4.05367e-05 
1.173 	 2.14213e-04 	 1.74743e-04 	 3.94703e-05 
1.168 	 2.09070e-04 	 1.70626e-04 	 3.84431e-05 
1.164 	 2.04106e-04 	 1.66653e-04 	 3.74532e-05 
1.159 	 1.99314e-04 	 1.62815e-04 	 3.64989e-05 
1.155 	 1.94686e-04 	 1.59107e-04 	 3.55784e-05 
1.150 	 1.90213e-04 	 1.55523e-04 	 3.46903e-05 
1.146 	 1.85889e-04 	 1.52056e-04 	 3.38330e-05 
1.141 	 1.81706e-04 	 1.48701e-04 	 3.30052e-05 
1.137 	 1.77659e-04 	 1.45454e-04 	 3.22055e-05 
1.133 	 1.73742e-04 	 1.42309e-04 	 3.14327e-05 
1.129 	 1.69948e-04 	 1.39263e-04 	 3.06856e-05 
1.124 	 1.66273e-04 	 1.36310e-04 	 2.99631e-05 
1.120 	 1.62711e-04 	 1.33447e-04 	 2.92641e-05 
1.116 	 1.59258e-04 	 1.30670e-04 	 2.85877e-05 
1.112 	 1.55908e-04 	 1.27976e-04 	 2.79329e-05 
1.108 	 1.52659e-04 	 1.25360e-04 	 2.72987e-05 
1.104 	 1.49505e-04 	 1.22820e-04 	 2.66845e-05 
1.099 	 1.46443e-04 	 1.20353e-04 	 2.60893e-05 
1.095 	 1.43469e-04 	 1.17956e-04 	 2.55124e-05 
1.091 	 1.40579e-04 	 1.15626e-04 	 2.49530e-05 
1.087 	 1.37771e-04 	 1.13360e-04 	 2.44105e-05 
1.083 	 1.35041e-04 	 1.11156e-04 	 2.38843e-05 
1.080 	 1.32386e-04 	 1.09012e-04 	 2.33736e-05 
1.076 	 1.29803e-04 	 1.06925e-04 	 2.28779e-05 
1.072 	 1.27289e-04 	 1.04893e-04 	 2.23966e-05 
1.068 	 1.24843e-04 	 1.02914e-04 	 2.19291e-05 
1.064 	 1.22461e-04 	 1.00986e-04 	 2.14751e-05 
1.060 	 1.20141e-04 	 9.91068e-05 	 2.10339e-05 
1.057 	 1.17880e-04 	 9.72753e-05 	 2.06051e-05 
1.053 	 1.15678e-04 	 9.54895e-05 	 2.01882e-05 
1.049 	 1.13531e-04 	 9.37478e-05 	 1.97829e-05 
1.046 	 1.11437e-04 	 9.20485e-05 	 1.93886e-05 
1.042 	 1.09395e-04 	 9.03904e-05 	 1.90051e-05 
1.038 	 1.07404e-04 	 8.87718e-05 	 1.86319e-05 
1.035 	 1.05460e-04 	 8.71915e-05 	 1.82687e-05 
1.031 	 1.03563e-04 	 8.56482e-05 	 1.79152e-05 
1.028 	 1.01712e-04 	 8.41406e-05 	 1.75709e-05 
1.024 	 9.99033e-05 	 8.26676e-05 	 1.72357e-05 
1.021 	 9.81371e-05 	 8.12280e-05 	 1.69091e-05 
1.017 	 9.64116e-05 	 7.98207e-05 	 1.65909e-05 
1.014 	 9.47255e-05 	 7.84446e-05 	 1.62809e-05 
1.010 	 9.30775e-05 	 7.70988e-05 	 1.59787e-05 
1.007 	 9.14664e-05 	 7.57823e-05 	 1.56842e-05 
1.003 	 8.98910e-05 	 7.44941e-05 	 1.53970e-05 
1.000 	 8.83502e-05 	 7.32333e-05 	 1.51169e-05 
