Energy [eV] Ext Cross [um^2] Abs Cross [um^2] Sca Cross [um^2] 
3.000 	 6.49011e-04 	 6.41080e-04 	 7.93087e-06 
2.990 	 6.59454e-04 	 6.49037e-04 	 1.04166e-05 
2.980 	 6.70752e-04 	 6.57282e-04 	 1.34701e-05 
2.970 	 6.82820e-04 	 6.65735e-04 	 1.70851e-05 
2.960 	 6.95474e-04 	 6.74223e-04 	 2.12507e-05 
2.951 	 7.08316e-04 	 6.82367e-04 	 2.59489e-05 
2.941 	 7.21168e-04 	 6.90002e-04 	 3.11657e-05 
2.931 	 7.35339e-04 	 6.98403e-04 	 3.69357e-05 
2.922 	 7.51597e-04 	 7.08289e-04 	 4.33083e-05 
2.912 	 7.69388e-04 	 7.19053e-04 	 5.03349e-05 
2.903 	 7.87355e-04 	 7.29395e-04 	 5.79603e-05 
2.894 	 8.04852e-04 	 7.38858e-04 	 6.59935e-05 
2.884 	 8.22457e-04 	 7.48099e-04 	 7.43581e-05 
2.875 	 8.42460e-04 	 7.59291e-04 	 8.31698e-05 
2.866 	 8.64211e-04 	 7.71580e-04 	 9.26312e-05 
2.857 	 8.85300e-04 	 7.82449e-04 	 1.02852e-04 
2.848 	 9.05424e-04 	 7.91640e-04 	 1.13785e-04 
2.839 	 9.25734e-04 	 8.00536e-04 	 1.25198e-04 
2.830 	 9.48131e-04 	 8.11092e-04 	 1.37039e-04 
2.821 	 9.73416e-04 	 8.24032e-04 	 1.49385e-04 
2.812 	 1.00078e-03 	 8.38491e-04 	 1.62291e-04 
2.803 	 1.02835e-03 	 8.52559e-04 	 1.75795e-04 
2.794 	 1.05594e-03 	 8.66044e-04 	 1.89898e-04 
2.786 	 1.08417e-03 	 8.79572e-04 	 2.04594e-04 
2.777 	 1.11348e-03 	 8.93596e-04 	 2.19884e-04 
2.769 	 1.14420e-03 	 9.08423e-04 	 2.35777e-04 
2.760 	 1.17656e-03 	 9.24284e-04 	 2.52277e-04 
2.752 	 1.21073e-03 	 9.41341e-04 	 2.69391e-04 
2.743 	 1.24681e-03 	 9.59678e-04 	 2.87135e-04 
2.735 	 1.28487e-03 	 9.79338e-04 	 3.05533e-04 
2.726 	 1.32515e-03 	 1.00055e-03 	 3.24601e-04 
2.718 	 1.36799e-03 	 1.02363e-03 	 3.44352e-04 
2.710 	 1.41350e-03 	 1.04870e-03 	 3.64801e-04 
2.702 	 1.46126e-03 	 1.07531e-03 	 3.85956e-04 
2.694 	 1.50984e-03 	 1.10203e-03 	 4.07809e-04 
2.686 	 1.55688e-03 	 1.12654e-03 	 4.30341e-04 
2.678 	 1.60018e-03 	 1.14663e-03 	 4.53547e-04 
2.670 	 1.63926e-03 	 1.16181e-03 	 4.77450e-04 
2.662 	 1.67578e-03 	 1.17368e-03 	 5.02096e-04 
2.654 	 1.71227e-03 	 1.18475e-03 	 5.27525e-04 
2.646 	 1.75078e-03 	 1.19701e-03 	 5.53770e-04 
2.638 	 1.79239e-03 	 1.21153e-03 	 5.80853e-04 
2.630 	 1.83739e-03 	 1.22860e-03 	 6.08792e-04 
2.623 	 1.88569e-03 	 1.24808e-03 	 6.37603e-04 
2.615 	 1.93702e-03 	 1.26972e-03 	 6.67299e-04 
2.608 	 1.99115e-03 	 1.29325e-03 	 6.97905e-04 
2.600 	 2.04800e-03 	 1.31855e-03 	 7.29451e-04 
2.592 	 2.10766e-03 	 1.34570e-03 	 7.61957e-04 
2.585 	 2.17023e-03 	 1.37482e-03 	 7.95407e-04 
2.578 	 2.23559e-03 	 1.40583e-03 	 8.29758e-04 
2.570 	 2.30325e-03 	 1.43827e-03 	 8.64981e-04 
2.563 	 2.37258e-03 	 1.47144e-03 	 9.01147e-04 
2.556 	 2.44336e-03 	 1.50487e-03 	 9.38488e-04 
2.548 	 2.51631e-03 	 1.53899e-03 	 9.77326e-04 
2.541 	 2.59289e-03 	 1.57500e-03 	 1.01789e-03 
2.534 	 2.67453e-03 	 1.61426e-03 	 1.06027e-03 
2.527 	 2.76236e-03 	 1.65793e-03 	 1.10444e-03 
2.520 	 2.85728e-03 	 1.70696e-03 	 1.15033e-03 
2.513 	 2.96015e-03 	 1.76229e-03 	 1.19787e-03 
2.506 	 3.07182e-03 	 1.82489e-03 	 1.24693e-03 
2.499 	 3.19293e-03 	 1.89566e-03 	 1.29727e-03 
2.492 	 3.32343e-03 	 1.97500e-03 	 1.34843e-03 
2.485 	 3.46157e-03 	 2.06187e-03 	 1.39970e-03 
2.478 	 3.60269e-03 	 2.15248e-03 	 1.45021e-03 
2.471 	 3.73887e-03 	 2.23945e-03 	 1.49942e-03 
2.464 	 3.86167e-03 	 2.31385e-03 	 1.54783e-03 
2.458 	 3.96788e-03 	 2.37058e-03 	 1.59730e-03 
2.451 	 4.06304e-03 	 2.41275e-03 	 1.65029e-03 
2.444 	 4.15817e-03 	 2.44964e-03 	 1.70853e-03 
2.438 	 4.26351e-03 	 2.49096e-03 	 1.77254e-03 
2.431 	 4.38549e-03 	 2.54343e-03 	 1.84206e-03 
2.424 	 4.52735e-03 	 2.61074e-03 	 1.91661e-03 
2.418 	 4.69076e-03 	 2.69494e-03 	 1.99581e-03 
2.411 	 4.87715e-03 	 2.79768e-03 	 2.07947e-03 
2.405 	 5.08845e-03 	 2.92091e-03 	 2.16754e-03 
2.398 	 5.32740e-03 	 3.06738e-03 	 2.26003e-03 
2.392 	 5.59778e-03 	 3.24084e-03 	 2.35694e-03 
2.386 	 5.90444e-03 	 3.44630e-03 	 2.45814e-03 
2.379 	 6.25328e-03 	 3.69006e-03 	 2.56322e-03 
2.373 	 6.65084e-03 	 3.97962e-03 	 2.67122e-03 
2.367 	 7.10330e-03 	 4.32304e-03 	 2.78026e-03 
2.361 	 7.61409e-03 	 4.72708e-03 	 2.88701e-03 
2.354 	 8.17937e-03 	 5.19328e-03 	 2.98610e-03 
2.348 	 8.78043e-03 	 5.71077e-03 	 3.06966e-03 
2.342 	 9.37444e-03 	 6.24629e-03 	 3.12815e-03 
2.336 	 9.89020e-03 	 6.73687e-03 	 3.15334e-03 
2.330 	 1.02419e-02 	 7.09766e-03 	 3.14421e-03 
2.324 	 1.03675e-02 	 7.25532e-03 	 3.11217e-03 
2.318 	 1.02704e-02 	 7.19100e-03 	 3.07937e-03 
2.312 	 1.00224e-02 	 6.95351e-03 	 3.06887e-03 
2.306 	 9.72285e-03 	 6.62809e-03 	 3.09476e-03 
2.300 	 9.45356e-03 	 6.29356e-03 	 3.16000e-03 
2.294 	 9.26101e-03 	 6.00055e-03 	 3.26046e-03 
2.288 	 9.16207e-03 	 5.77233e-03 	 3.38974e-03 
2.282 	 9.15659e-03 	 5.61456e-03 	 3.54203e-03 
2.277 	 9.23736e-03 	 5.52428e-03 	 3.71307e-03 
2.271 	 9.39581e-03 	 5.49562e-03 	 3.90019e-03 
2.265 	 9.62461e-03 	 5.52262e-03 	 4.10199e-03 
2.259 	 9.91854e-03 	 5.60051e-03 	 4.31803e-03 
2.254 	 1.02747e-02 	 5.72614e-03 	 4.54854e-03 
2.248 	 1.06922e-02 	 5.89797e-03 	 4.79426e-03 
2.243 	 1.11724e-02 	 6.11607e-03 	 5.05630e-03 
2.237 	 1.17181e-02 	 6.38204e-03 	 5.33602e-03 
2.231 	 1.23339e-02 	 6.69893e-03 	 5.63499e-03 
2.226 	 1.30261e-02 	 7.07125e-03 	 5.95490e-03 
2.220 	 1.38024e-02 	 7.50498e-03 	 6.29742e-03 
2.215 	 1.46716e-02 	 8.00754e-03 	 6.66404e-03 
2.209 	 1.56436e-02 	 8.58776e-03 	 7.05583e-03 
2.204 	 1.67286e-02 	 9.25557e-03 	 7.47300e-03 
2.199 	 1.79358e-02 	 1.00215e-02 	 7.91425e-03 
2.193 	 1.92717e-02 	 1.08958e-02 	 8.37593e-03 
2.188 	 2.07367e-02 	 1.18860e-02 	 8.85068e-03 
2.182 	 2.23201e-02 	 1.29943e-02 	 9.32576e-03 
2.177 	 2.39935e-02 	 1.42124e-02 	 9.78114e-03 
2.172 	 2.57027e-02 	 1.55150e-02 	 1.01878e-02 
2.167 	 2.73594e-02 	 1.68523e-02 	 1.05071e-02 
2.161 	 2.88388e-02 	 1.81450e-02 	 1.06938e-02 
2.156 	 2.99885e-02 	 1.92858e-02 	 1.07027e-02 
2.151 	 3.06544e-02 	 2.01529e-02 	 1.05015e-02 
2.146 	 3.07224e-02 	 2.06381e-02 	 1.00843e-02 
2.141 	 3.01603e-02 	 2.06799e-02 	 9.48042e-03 
2.136 	 2.90359e-02 	 2.02849e-02 	 8.75097e-03 
2.131 	 2.74992e-02 	 1.95260e-02 	 7.97323e-03 
2.126 	 2.57375e-02 	 1.85169e-02 	 7.22065e-03 
2.121 	 2.39269e-02 	 1.73788e-02 	 6.54814e-03 
2.116 	 2.22021e-02 	 1.62150e-02 	 5.98706e-03 
2.111 	 2.06478e-02 	 1.50996e-02 	 5.54819e-03 
2.106 	 1.93053e-02 	 1.40772e-02 	 5.22811e-03 
2.101 	 1.81851e-02 	 1.31694e-02 	 5.01567e-03 
2.096 	 1.72787e-02 	 1.23820e-02 	 4.89667e-03 
2.091 	 1.65681e-02 	 1.17113e-02 	 4.85684e-03 
2.086 	 1.60318e-02 	 1.11485e-02 	 4.88325e-03 
2.081 	 1.56481e-02 	 1.06831e-02 	 4.96494e-03 
2.076 	 1.53971e-02 	 1.03042e-02 	 5.09295e-03 
2.072 	 1.52615e-02 	 1.00014e-02 	 5.26017e-03 
2.067 	 1.52265e-02 	 9.76542e-03 	 5.46106e-03 
2.062 	 1.52797e-02 	 9.58832e-03 	 5.69139e-03 
2.057 	 1.54112e-02 	 9.46319e-03 	 5.94800e-03 
2.053 	 1.56128e-02 	 9.38424e-03 	 6.22858e-03 
2.048 	 1.58782e-02 	 9.34665e-03 	 6.53152e-03 
2.043 	 1.62022e-02 	 9.34642e-03 	 6.85576e-03 
2.039 	 1.65810e-02 	 9.38028e-03 	 7.20068e-03 
2.034 	 1.70116e-02 	 9.44560e-03 	 7.56604e-03 
2.029 	 1.74921e-02 	 9.54025e-03 	 7.95190e-03 
2.025 	 1.80212e-02 	 9.66256e-03 	 8.35859e-03 
2.020 	 1.85979e-02 	 9.81127e-03 	 8.78666e-03 
2.016 	 1.92223e-02 	 9.98543e-03 	 9.23684e-03 
2.011 	 1.98945e-02 	 1.01844e-02 	 9.71008e-03 
2.007 	 2.06152e-02 	 1.04078e-02 	 1.02075e-02 
2.002 	 2.13857e-02 	 1.06554e-02 	 1.07302e-02 
1.998 	 2.22072e-02 	 1.09274e-02 	 1.12798e-02 
1.993 	 2.30817e-02 	 1.12240e-02 	 1.18577e-02 
1.989 	 2.40112e-02 	 1.15455e-02 	 1.24657e-02 
1.985 	 2.49981e-02 	 1.18927e-02 	 1.31055e-02 
1.980 	 2.60453e-02 	 1.22661e-02 	 1.37792e-02 
1.976 	 2.71556e-02 	 1.26667e-02 	 1.44889e-02 
1.971 	 2.83326e-02 	 1.30956e-02 	 1.52369e-02 
1.967 	 2.95797e-02 	 1.35539e-02 	 1.60258e-02 
1.963 	 3.09011e-02 	 1.40430e-02 	 1.68582e-02 
1.959 	 3.23010e-02 	 1.45642e-02 	 1.77368e-02 
1.954 	 3.37840e-02 	 1.51191e-02 	 1.86649e-02 
1.950 	 3.53550e-02 	 1.57096e-02 	 1.96454e-02 
1.946 	 3.70193e-02 	 1.63373e-02 	 2.06820e-02 
1.942 	 3.87823e-02 	 1.70043e-02 	 2.17780e-02 
1.937 	 4.06500e-02 	 1.77126e-02 	 2.29373e-02 
1.933 	 4.26282e-02 	 1.84644e-02 	 2.41638e-02 
1.929 	 4.47234e-02 	 1.92620e-02 	 2.54615e-02 
1.925 	 4.69419e-02 	 2.01075e-02 	 2.68344e-02 
1.921 	 4.92903e-02 	 2.10033e-02 	 2.82870e-02 
1.917 	 5.17749e-02 	 2.19517e-02 	 2.98232e-02 
1.913 	 5.44023e-02 	 2.29550e-02 	 3.14473e-02 
1.909 	 5.71785e-02 	 2.40153e-02 	 3.31632e-02 
1.904 	 6.01092e-02 	 2.51344e-02 	 3.49747e-02 
1.900 	 6.31993e-02 	 2.63141e-02 	 3.68852e-02 
1.896 	 6.64528e-02 	 2.75555e-02 	 3.88973e-02 
1.892 	 6.98724e-02 	 2.88594e-02 	 4.10130e-02 
1.888 	 7.34591e-02 	 3.02257e-02 	 4.32333e-02 
1.884 	 7.72115e-02 	 3.16537e-02 	 4.55578e-02 
1.881 	 8.11257e-02 	 3.31412e-02 	 4.79845e-02 
1.877 	 8.51944e-02 	 3.46852e-02 	 5.05092e-02 
1.873 	 8.94063e-02 	 3.62808e-02 	 5.31255e-02 
1.869 	 9.37454e-02 	 3.79214e-02 	 5.58240e-02 
1.865 	 9.81905e-02 	 3.95983e-02 	 5.85922e-02 
1.861 	 1.02714e-01 	 4.13006e-02 	 6.14137e-02 
1.857 	 1.07283e-01 	 4.30149e-02 	 6.42682e-02 
1.853 	 1.11856e-01 	 4.47250e-02 	 6.71312e-02 
1.849 	 1.16386e-01 	 4.64125e-02 	 6.99737e-02 
1.846 	 1.20819e-01 	 4.80562e-02 	 7.27628e-02 
1.842 	 1.25095e-01 	 4.96329e-02 	 7.54616e-02 
1.838 	 1.29148e-01 	 5.11177e-02 	 7.80304e-02 
1.834 	 1.32912e-01 	 5.24848e-02 	 8.04272e-02 
1.831 	 1.36318e-01 	 5.37081e-02 	 8.26097e-02 
1.827 	 1.39299e-01 	 5.47627e-02 	 8.45366e-02 
1.823 	 1.41795e-01 	 5.56259e-02 	 8.61696e-02 
1.819 	 1.43753e-01 	 5.62780e-02 	 8.74751e-02 
1.816 	 1.45130e-01 	 5.67040e-02 	 8.84260e-02 
1.812 	 1.45898e-01 	 5.68939e-02 	 8.90036e-02 
1.808 	 1.46042e-01 	 5.68437e-02 	 8.91983e-02 
1.805 	 1.45565e-01 	 5.65554e-02 	 8.90098e-02 
1.801 	 1.44485e-01 	 5.60369e-02 	 8.84479e-02 
1.798 	 1.42833e-01 	 5.53017e-02 	 8.75310e-02 
1.794 	 1.40653e-01 	 5.43676e-02 	 8.62852e-02 
1.790 	 1.37999e-01 	 5.32563e-02 	 8.47429e-02 
1.787 	 1.34932e-01 	 5.19916e-02 	 8.29407e-02 
1.783 	 1.31517e-01 	 5.05991e-02 	 8.09178e-02 
1.780 	 1.27818e-01 	 4.91040e-02 	 7.87142e-02 
1.776 	 1.23901e-01 	 4.75313e-02 	 7.63694e-02 
1.773 	 1.19825e-01 	 4.59043e-02 	 7.39207e-02 
1.769 	 1.15647e-01 	 4.42444e-02 	 7.14027e-02 
1.766 	 1.11417e-01 	 4.25708e-02 	 6.88466e-02 
1.762 	 1.07180e-01 	 4.08999e-02 	 6.62797e-02 
1.759 	 1.02971e-01 	 3.92459e-02 	 6.37254e-02 
1.755 	 9.88238e-02 	 3.76203e-02 	 6.12035e-02 
1.752 	 9.47624e-02 	 3.60326e-02 	 5.87298e-02 
1.749 	 9.08071e-02 	 3.44899e-02 	 5.63172e-02 
1.745 	 8.69731e-02 	 3.29978e-02 	 5.39754e-02 
1.742 	 8.32715e-02 	 3.15600e-02 	 5.17115e-02 
1.738 	 7.97095e-02 	 3.01790e-02 	 4.95305e-02 
1.735 	 7.62917e-02 	 2.88563e-02 	 4.74354e-02 
1.732 	 7.30201e-02 	 2.75922e-02 	 4.54279e-02 
1.728 	 6.98944e-02 	 2.63863e-02 	 4.35081e-02 
1.725 	 6.69132e-02 	 2.52379e-02 	 4.16753e-02 
1.722 	 6.40736e-02 	 2.41456e-02 	 3.99280e-02 
1.718 	 6.13716e-02 	 2.31075e-02 	 3.82640e-02 
1.715 	 5.88028e-02 	 2.21220e-02 	 3.66808e-02 
1.712 	 5.63623e-02 	 2.11868e-02 	 3.51755e-02 
1.709 	 5.40447e-02 	 2.02997e-02 	 3.37450e-02 
1.705 	 5.18445e-02 	 1.94586e-02 	 3.23860e-02 
1.702 	 4.97563e-02 	 1.86611e-02 	 3.10952e-02 
1.699 	 4.77746e-02 	 1.79051e-02 	 2.98695e-02 
1.696 	 4.58938e-02 	 1.71883e-02 	 2.87054e-02 
1.692 	 4.41087e-02 	 1.65087e-02 	 2.76000e-02 
1.689 	 4.24141e-02 	 1.58642e-02 	 2.65499e-02 
1.686 	 4.08052e-02 	 1.52529e-02 	 2.55523e-02 
1.683 	 3.92771e-02 	 1.46728e-02 	 2.46044e-02 
1.680 	 3.78254e-02 	 1.41221e-02 	 2.37033e-02 
1.677 	 3.64457e-02 	 1.35993e-02 	 2.28464e-02 
1.674 	 3.51340e-02 	 1.31026e-02 	 2.20314e-02 
1.670 	 3.38864e-02 	 1.26306e-02 	 2.12558e-02 
1.667 	 3.26992e-02 	 1.21818e-02 	 2.05174e-02 
1.664 	 3.15691e-02 	 1.17550e-02 	 1.98141e-02 
1.661 	 3.04927e-02 	 1.13487e-02 	 1.91440e-02 
1.658 	 2.94671e-02 	 1.09619e-02 	 1.85052e-02 
1.655 	 2.84893e-02 	 1.05934e-02 	 1.78959e-02 
1.652 	 2.75567e-02 	 1.02422e-02 	 1.73145e-02 
1.649 	 2.66667e-02 	 9.90724e-03 	 1.67595e-02 
1.646 	 2.58170e-02 	 9.58769e-03 	 1.62293e-02 
1.643 	 2.50054e-02 	 9.28265e-03 	 1.57227e-02 
1.640 	 2.42297e-02 	 8.99132e-03 	 1.52383e-02 
1.637 	 2.34879e-02 	 8.71293e-03 	 1.47750e-02 
1.634 	 2.27784e-02 	 8.44677e-03 	 1.43316e-02 
1.631 	 2.20992e-02 	 8.19218e-03 	 1.39070e-02 
1.628 	 2.14488e-02 	 7.94853e-03 	 1.35003e-02 
1.625 	 2.08257e-02 	 7.71524e-03 	 1.31105e-02 
1.622 	 2.02284e-02 	 7.49175e-03 	 1.27367e-02 
1.619 	 1.96557e-02 	 7.27754e-03 	 1.23781e-02 
1.616 	 1.91061e-02 	 7.07213e-03 	 1.20340e-02 
1.613 	 1.85786e-02 	 6.87507e-03 	 1.17035e-02 
1.610 	 1.80720e-02 	 6.68593e-03 	 1.13861e-02 
1.608 	 1.75852e-02 	 6.50429e-03 	 1.10810e-02 
1.605 	 1.71174e-02 	 6.32980e-03 	 1.07876e-02 
1.602 	 1.66675e-02 	 6.16208e-03 	 1.05054e-02 
1.599 	 1.62346e-02 	 6.00080e-03 	 1.02338e-02 
1.596 	 1.58180e-02 	 5.84565e-03 	 9.97236e-03 
1.593 	 1.54169e-02 	 5.69632e-03 	 9.72054e-03 
1.590 	 1.50304e-02 	 5.55255e-03 	 9.47789e-03 
1.588 	 1.46580e-02 	 5.41406e-03 	 9.24399e-03 
1.585 	 1.42990e-02 	 5.28060e-03 	 9.01843e-03 
1.582 	 1.39528e-02 	 5.15194e-03 	 8.80083e-03 
1.579 	 1.36187e-02 	 5.02786e-03 	 8.59083e-03 
1.576 	 1.32962e-02 	 4.90815e-03 	 8.38809e-03 
1.574 	 1.29849e-02 	 4.79261e-03 	 8.19228e-03 
1.571 	 1.26841e-02 	 4.68104e-03 	 8.00310e-03 
1.568 	 1.23935e-02 	 4.57329e-03 	 7.82025e-03 
1.565 	 1.21126e-02 	 4.46916e-03 	 7.64347e-03 
1.563 	 1.18410e-02 	 4.36852e-03 	 7.47249e-03 
1.560 	 1.15783e-02 	 4.27120e-03 	 7.30706e-03 
1.557 	 1.13240e-02 	 4.17707e-03 	 7.14696e-03 
1.555 	 1.10779e-02 	 4.08598e-03 	 6.99195e-03 
1.552 	 1.08396e-02 	 3.99781e-03 	 6.84183e-03 
1.549 	 1.06088e-02 	 3.91245e-03 	 6.69640e-03 
1.547 	 1.03852e-02 	 3.82976e-03 	 6.55547e-03 
1.544 	 1.01685e-02 	 3.74965e-03 	 6.41885e-03 
1.541 	 9.95838e-03 	 3.67200e-03 	 6.28638e-03 
1.539 	 9.75460e-03 	 3.59672e-03 	 6.15788e-03 
1.536 	 9.55693e-03 	 3.52372e-03 	 6.03321e-03 
1.533 	 9.36511e-03 	 3.45290e-03 	 5.91221e-03 
1.531 	 9.17893e-03 	 3.38418e-03 	 5.79475e-03 
1.528 	 8.99816e-03 	 3.31747e-03 	 5.68069e-03 
1.526 	 8.82260e-03 	 3.25271e-03 	 5.56989e-03 
1.523 	 8.65205e-03 	 3.18981e-03 	 5.46224e-03 
1.520 	 8.48633e-03 	 3.12870e-03 	 5.35763e-03 
1.518 	 8.32526e-03 	 3.06933e-03 	 5.25593e-03 
1.515 	 8.16866e-03 	 3.01161e-03 	 5.15704e-03 
1.513 	 8.01637e-03 	 2.95550e-03 	 5.06087e-03 
1.510 	 7.86823e-03 	 2.90093e-03 	 4.96730e-03 
1.508 	 7.72410e-03 	 2.84785e-03 	 4.87626e-03 
1.505 	 7.58384e-03 	 2.79620e-03 	 4.78765e-03 
1.503 	 7.44731e-03 	 2.74593e-03 	 4.70138e-03 
1.500 	 7.31437e-03 	 2.69700e-03 	 4.61737e-03 
