Energy [eV] Ext Cross [um^2] Abs Cross [um^2] Sca Cross [um^2] 
3.000 	 6.51628e-04 	 6.44072e-04 	 7.55571e-06 
2.990 	 6.62685e-04 	 6.52749e-04 	 9.93683e-06 
2.980 	 6.74601e-04 	 6.61734e-04 	 1.28668e-05 
2.970 	 6.87292e-04 	 6.70950e-04 	 1.63418e-05 
2.960 	 7.00575e-04 	 6.80221e-04 	 2.03538e-05 
2.951 	 7.14052e-04 	 6.89164e-04 	 2.48877e-05 
2.941 	 7.27541e-04 	 6.97609e-04 	 2.99321e-05 
2.931 	 7.42371e-04 	 7.06848e-04 	 3.55227e-05 
2.922 	 7.59327e-04 	 7.17618e-04 	 4.17096e-05 
2.912 	 7.77858e-04 	 7.29312e-04 	 4.85455e-05 
2.903 	 7.96587e-04 	 7.40608e-04 	 5.59797e-05 
2.894 	 8.14848e-04 	 7.51020e-04 	 6.38283e-05 
2.884 	 8.33227e-04 	 7.61208e-04 	 7.20185e-05 
2.875 	 8.54062e-04 	 7.73397e-04 	 8.06643e-05 
2.866 	 8.76707e-04 	 7.86740e-04 	 8.99666e-05 
2.857 	 8.98713e-04 	 7.98678e-04 	 1.00036e-04 
2.848 	 9.19765e-04 	 8.08936e-04 	 1.10830e-04 
2.839 	 9.41027e-04 	 8.18904e-04 	 1.22122e-04 
2.830 	 9.64443e-04 	 8.30579e-04 	 1.33863e-04 
2.821 	 9.90844e-04 	 8.44713e-04 	 1.46131e-04 
2.812 	 1.01941e-03 	 8.60429e-04 	 1.58983e-04 
2.803 	 1.04823e-03 	 8.75773e-04 	 1.72458e-04 
2.794 	 1.07710e-03 	 8.90542e-04 	 1.86560e-04 
2.786 	 1.10666e-03 	 9.05379e-04 	 2.01284e-04 
2.777 	 1.13739e-03 	 9.20749e-04 	 2.16636e-04 
2.769 	 1.16960e-03 	 9.36972e-04 	 2.32625e-04 
2.760 	 1.20354e-03 	 9.54287e-04 	 2.49258e-04 
2.752 	 1.23941e-03 	 9.72868e-04 	 2.66543e-04 
2.743 	 1.27731e-03 	 9.92811e-04 	 2.84497e-04 
2.735 	 1.31731e-03 	 1.01417e-03 	 3.03146e-04 
2.726 	 1.35968e-03 	 1.03717e-03 	 3.22508e-04 
2.718 	 1.40474e-03 	 1.06215e-03 	 3.42594e-04 
2.710 	 1.45254e-03 	 1.08912e-03 	 3.63422e-04 
2.702 	 1.50243e-03 	 1.11742e-03 	 3.85004e-04 
2.694 	 1.55255e-03 	 1.14521e-03 	 4.07341e-04 
2.686 	 1.60016e-03 	 1.16974e-03 	 4.30422e-04 
2.678 	 1.64307e-03 	 1.18882e-03 	 4.54258e-04 
2.670 	 1.68149e-03 	 1.20261e-03 	 4.78880e-04 
2.662 	 1.71793e-03 	 1.21360e-03 	 5.04329e-04 
2.654 	 1.75531e-03 	 1.22467e-03 	 5.30640e-04 
2.646 	 1.79543e-03 	 1.23759e-03 	 5.57845e-04 
2.638 	 1.83891e-03 	 1.25294e-03 	 5.85972e-04 
2.630 	 1.88573e-03 	 1.27067e-03 	 6.15053e-04 
2.623 	 1.93563e-03 	 1.29051e-03 	 6.45115e-04 
2.615 	 1.98837e-03 	 1.31218e-03 	 6.76186e-04 
2.608 	 2.04374e-03 	 1.33544e-03 	 7.08298e-04 
2.600 	 2.10163e-03 	 1.36013e-03 	 7.41492e-04 
2.592 	 2.16200e-03 	 1.38619e-03 	 7.75809e-04 
2.585 	 2.22489e-03 	 1.41361e-03 	 8.11285e-04 
2.578 	 2.29033e-03 	 1.44237e-03 	 8.47956e-04 
2.570 	 2.35834e-03 	 1.47248e-03 	 8.85862e-04 
2.563 	 2.42896e-03 	 1.50390e-03 	 9.25059e-04 
2.556 	 2.50231e-03 	 1.53670e-03 	 9.65613e-04 
2.548 	 2.57859e-03 	 1.57100e-03 	 1.00760e-03 
2.541 	 2.65807e-03 	 1.60701e-03 	 1.05107e-03 
2.534 	 2.74104e-03 	 1.64494e-03 	 1.09610e-03 
2.527 	 2.82779e-03 	 1.68504e-03 	 1.14275e-03 
2.520 	 2.91865e-03 	 1.72754e-03 	 1.19110e-03 
2.513 	 3.01393e-03 	 1.77270e-03 	 1.24123e-03 
2.506 	 3.11389e-03 	 1.82065e-03 	 1.29324e-03 
2.499 	 3.21855e-03 	 1.87133e-03 	 1.34722e-03 
2.492 	 3.32746e-03 	 1.92420e-03 	 1.40326e-03 
2.485 	 3.43951e-03 	 1.97808e-03 	 1.46142e-03 
2.478 	 3.55321e-03 	 2.03147e-03 	 1.52174e-03 
2.471 	 3.66760e-03 	 2.08336e-03 	 1.58424e-03 
2.464 	 3.78320e-03 	 2.13415e-03 	 1.64905e-03 
2.458 	 3.90184e-03 	 2.18550e-03 	 1.71635e-03 
2.451 	 4.02568e-03 	 2.23937e-03 	 1.78632e-03 
2.444 	 4.15635e-03 	 2.29721e-03 	 1.85915e-03 
2.438 	 4.29491e-03 	 2.35989e-03 	 1.93502e-03 
2.431 	 4.44206e-03 	 2.42794e-03 	 2.01412e-03 
2.424 	 4.59843e-03 	 2.50179e-03 	 2.09664e-03 
2.418 	 4.76468e-03 	 2.58189e-03 	 2.18279e-03 
2.411 	 4.94164e-03 	 2.66886e-03 	 2.27279e-03 
2.405 	 5.13036e-03 	 2.76350e-03 	 2.36686e-03 
2.398 	 5.33212e-03 	 2.86685e-03 	 2.46527e-03 
2.392 	 5.54850e-03 	 2.98023e-03 	 2.56827e-03 
2.386 	 5.78141e-03 	 3.10530e-03 	 2.67611e-03 
2.379 	 6.03312e-03 	 3.24409e-03 	 2.78903e-03 
2.373 	 6.30623e-03 	 3.39901e-03 	 2.90722e-03 
2.367 	 6.60347e-03 	 3.57272e-03 	 3.03075e-03 
2.361 	 6.92728e-03 	 3.76776e-03 	 3.15952e-03 
2.354 	 7.27881e-03 	 3.98564e-03 	 3.29317e-03 
2.348 	 7.65605e-03 	 4.22509e-03 	 3.43096e-03 
2.342 	 8.05118e-03 	 4.47933e-03 	 3.57186e-03 
2.336 	 8.44839e-03 	 4.73350e-03 	 3.71489e-03 
2.330 	 8.82535e-03 	 4.96528e-03 	 3.86007e-03 
2.324 	 9.16187e-03 	 5.15254e-03 	 4.00933e-03 
2.318 	 9.45278e-03 	 5.28605e-03 	 4.16673e-03 
2.312 	 9.71344e-03 	 5.37644e-03 	 4.33700e-03 
2.306 	 9.97164e-03 	 5.44786e-03 	 4.52377e-03 
2.300 	 1.02542e-02 	 5.52530e-03 	 4.72891e-03 
2.294 	 1.05795e-02 	 5.62652e-03 	 4.95301e-03 
2.288 	 1.09575e-02 	 5.76124e-03 	 5.19626e-03 
2.282 	 1.13928e-02 	 5.93374e-03 	 5.45903e-03 
2.277 	 1.18878e-02 	 6.14569e-03 	 5.74210e-03 
2.271 	 1.24447e-02 	 6.39799e-03 	 6.04668e-03 
2.265 	 1.30662e-02 	 6.69184e-03 	 6.37440e-03 
2.259 	 1.37564e-02 	 7.02917e-03 	 6.72724e-03 
2.254 	 1.45204e-02 	 7.41288e-03 	 7.10756e-03 
2.248 	 1.53650e-02 	 7.84695e-03 	 7.51800e-03 
2.243 	 1.62980e-02 	 8.33649e-03 	 7.96149e-03 
2.237 	 1.73290e-02 	 8.88778e-03 	 8.44122e-03 
2.231 	 1.84689e-02 	 9.50836e-03 	 8.96052e-03 
2.226 	 1.97298e-02 	 1.02070e-02 	 9.52278e-03 
2.220 	 2.11251e-02 	 1.09939e-02 	 1.01312e-02 
2.215 	 2.26686e-02 	 1.18800e-02 	 1.07886e-02 
2.209 	 2.43740e-02 	 1.28775e-02 	 1.14965e-02 
2.204 	 2.62532e-02 	 1.39983e-02 	 1.22550e-02 
2.199 	 2.83142e-02 	 1.52534e-02 	 1.30607e-02 
2.193 	 3.05571e-02 	 1.66510e-02 	 1.39062e-02 
2.188 	 3.29696e-02 	 1.81927e-02 	 1.47770e-02 
2.182 	 3.55195e-02 	 1.98700e-02 	 1.56495e-02 
2.177 	 3.81464e-02 	 2.16581e-02 	 1.64883e-02 
2.172 	 4.07537e-02 	 2.35093e-02 	 1.72444e-02 
2.167 	 4.32027e-02 	 2.53476e-02 	 1.78552e-02 
2.161 	 4.53162e-02 	 2.70669e-02 	 1.82492e-02 
2.156 	 4.68945e-02 	 2.85381e-02 	 1.83564e-02 
2.151 	 4.77495e-02 	 2.96263e-02 	 1.81232e-02 
2.146 	 4.77488e-02 	 3.02187e-02 	 1.75301e-02 
2.141 	 4.68562e-02 	 3.02537e-02 	 1.66025e-02 
2.136 	 4.51495e-02 	 2.97392e-02 	 1.54103e-02 
2.131 	 4.28031e-02 	 2.87501e-02 	 1.40530e-02 
2.126 	 4.00458e-02 	 2.74078e-02 	 1.26380e-02 
2.121 	 3.71095e-02 	 2.58494e-02 	 1.12601e-02 
2.116 	 3.41913e-02 	 2.42021e-02 	 9.98925e-03 
2.111 	 3.14346e-02 	 2.25670e-02 	 8.86766e-03 
2.106 	 2.89287e-02 	 2.10148e-02 	 7.91387e-03 
2.101 	 2.67173e-02 	 1.95882e-02 	 7.12912e-03 
2.096 	 2.48123e-02 	 1.83083e-02 	 6.50402e-03 
2.091 	 2.32047e-02 	 1.71809e-02 	 6.02376e-03 
2.086 	 2.18741e-02 	 1.62025e-02 	 5.67166e-03 
2.081 	 2.07954e-02 	 1.53641e-02 	 5.43134e-03 
2.076 	 1.99421e-02 	 1.46542e-02 	 5.28787e-03 
2.072 	 1.92891e-02 	 1.40608e-02 	 5.22825e-03 
2.067 	 1.88136e-02 	 1.35721e-02 	 5.24148e-03 
2.062 	 1.84957e-02 	 1.31772e-02 	 5.31853e-03 
2.057 	 1.83184e-02 	 1.28664e-02 	 5.45206e-03 
2.053 	 1.82674e-02 	 1.26312e-02 	 5.63627e-03 
2.048 	 1.83310e-02 	 1.24643e-02 	 5.86663e-03 
2.043 	 1.84995e-02 	 1.23598e-02 	 6.13971e-03 
2.039 	 1.87653e-02 	 1.23123e-02 	 6.45303e-03 
2.034 	 1.91226e-02 	 1.23177e-02 	 6.80488e-03 
2.029 	 1.95668e-02 	 1.23726e-02 	 7.19423e-03 
2.025 	 2.00949e-02 	 1.24742e-02 	 7.62065e-03 
2.020 	 2.07048e-02 	 1.26205e-02 	 8.08421e-03 
2.016 	 2.13955e-02 	 1.28100e-02 	 8.58543e-03 
2.011 	 2.21669e-02 	 1.30416e-02 	 9.12526e-03 
2.007 	 2.30198e-02 	 1.33148e-02 	 9.70501e-03 
2.002 	 2.39556e-02 	 1.36293e-02 	 1.03264e-02 
1.998 	 2.49766e-02 	 1.39853e-02 	 1.09913e-02 
1.993 	 2.60856e-02 	 1.43834e-02 	 1.17022e-02 
1.989 	 2.72860e-02 	 1.48244e-02 	 1.24616e-02 
1.985 	 2.85820e-02 	 1.53094e-02 	 1.32726e-02 
1.980 	 2.99782e-02 	 1.58399e-02 	 1.41383e-02 
1.976 	 3.14798e-02 	 1.64174e-02 	 1.50624e-02 
1.971 	 3.30926e-02 	 1.70440e-02 	 1.60486e-02 
1.967 	 3.48228e-02 	 1.77217e-02 	 1.71011e-02 
1.963 	 3.66772e-02 	 1.84528e-02 	 1.82244e-02 
1.959 	 3.86631e-02 	 1.92399e-02 	 1.94232e-02 
1.954 	 4.07878e-02 	 2.00856e-02 	 2.07022e-02 
1.950 	 4.30594e-02 	 2.09927e-02 	 2.20667e-02 
1.946 	 4.54857e-02 	 2.19639e-02 	 2.35218e-02 
1.942 	 4.80747e-02 	 2.30020e-02 	 2.50727e-02 
1.937 	 5.08342e-02 	 2.41097e-02 	 2.67245e-02 
1.933 	 5.37715e-02 	 2.52892e-02 	 2.84823e-02 
1.929 	 5.68930e-02 	 2.65427e-02 	 3.03503e-02 
1.925 	 6.02038e-02 	 2.78715e-02 	 3.23323e-02 
1.921 	 6.37073e-02 	 2.92762e-02 	 3.44311e-02 
1.917 	 6.74045e-02 	 3.07564e-02 	 3.66481e-02 
1.913 	 7.12932e-02 	 3.23104e-02 	 3.89829e-02 
1.909 	 7.53673e-02 	 3.39347e-02 	 4.14327e-02 
1.904 	 7.96158e-02 	 3.56237e-02 	 4.39920e-02 
1.900 	 8.40215e-02 	 3.73696e-02 	 4.66518e-02 
1.896 	 8.85605e-02 	 3.91615e-02 	 4.93991e-02 
1.892 	 9.32011e-02 	 4.09852e-02 	 5.22159e-02 
1.888 	 9.79024e-02 	 4.28232e-02 	 5.50791e-02 
1.884 	 1.02614e-01 	 4.46542e-02 	 5.79602e-02 
1.881 	 1.07278e-01 	 4.64532e-02 	 6.08246e-02 
1.877 	 1.11824e-01 	 4.81917e-02 	 6.36324e-02 
1.873 	 1.16177e-01 	 4.98384e-02 	 6.63386e-02 
1.869 	 1.20255e-01 	 5.13601e-02 	 6.88947e-02 
1.865 	 1.23973e-01 	 5.27227e-02 	 7.12501e-02 
1.861 	 1.27247e-01 	 5.38932e-02 	 7.33543e-02 
1.857 	 1.30001e-01 	 5.48411e-02 	 7.51595e-02 
1.853 	 1.32164e-01 	 5.55404e-02 	 7.66234e-02 
1.849 	 1.33683e-01 	 5.59715e-02 	 7.77119e-02 
1.846 	 1.34523e-01 	 5.61220e-02 	 7.84009e-02 
1.842 	 1.34667e-01 	 5.59883e-02 	 7.86785e-02 
1.838 	 1.34120e-01 	 5.55751e-02 	 7.85450e-02 
1.834 	 1.32909e-01 	 5.48957e-02 	 7.80134e-02 
1.831 	 1.31078e-01 	 5.39705e-02 	 7.71074e-02 
1.827 	 1.28686e-01 	 5.28258e-02 	 7.58604e-02 
1.823 	 1.25804e-01 	 5.14919e-02 	 7.43125e-02 
1.819 	 1.22510e-01 	 5.00015e-02 	 7.25082e-02 
1.816 	 1.18882e-01 	 4.83878e-02 	 7.04939e-02 
1.812 	 1.14999e-01 	 4.66832e-02 	 6.83158e-02 
1.808 	 1.10935e-01 	 4.49177e-02 	 6.60176e-02 
1.805 	 1.06759e-01 	 4.31189e-02 	 6.36399e-02 
1.801 	 1.02529e-01 	 4.13105e-02 	 6.12187e-02 
1.798 	 9.82982e-02 	 3.95130e-02 	 5.87853e-02 
1.794 	 9.41089e-02 	 3.77430e-02 	 5.63659e-02 
1.790 	 8.99963e-02 	 3.60141e-02 	 5.39822e-02 
1.787 	 8.59877e-02 	 3.43363e-02 	 5.16514e-02 
1.783 	 8.21040e-02 	 3.27175e-02 	 4.93865e-02 
1.780 	 7.83601e-02 	 3.11627e-02 	 4.71974e-02 
1.776 	 7.47660e-02 	 2.96752e-02 	 4.50908e-02 
1.773 	 7.13277e-02 	 2.82568e-02 	 4.30709e-02 
1.769 	 6.80479e-02 	 2.69078e-02 	 4.11401e-02 
1.766 	 6.49264e-02 	 2.56275e-02 	 3.92989e-02 
1.762 	 6.19614e-02 	 2.44147e-02 	 3.75467e-02 
1.759 	 5.91491e-02 	 2.32672e-02 	 3.58819e-02 
1.755 	 5.64848e-02 	 2.21827e-02 	 3.43022e-02 
1.752 	 5.39632e-02 	 2.11586e-02 	 3.28046e-02 
1.749 	 5.15779e-02 	 2.01920e-02 	 3.13859e-02 
1.745 	 4.93229e-02 	 1.92801e-02 	 3.00428e-02 
1.742 	 4.71914e-02 	 1.84199e-02 	 2.87715e-02 
1.738 	 4.51771e-02 	 1.76086e-02 	 2.75685e-02 
1.735 	 4.32734e-02 	 1.68432e-02 	 2.64301e-02 
1.732 	 4.14741e-02 	 1.61212e-02 	 2.53529e-02 
1.728 	 3.97732e-02 	 1.54398e-02 	 2.43334e-02 
1.725 	 3.81649e-02 	 1.47966e-02 	 2.33682e-02 
1.722 	 3.66435e-02 	 1.41892e-02 	 2.24542e-02 
1.718 	 3.52038e-02 	 1.36154e-02 	 2.15884e-02 
1.715 	 3.38408e-02 	 1.30729e-02 	 2.07679e-02 
1.712 	 3.25499e-02 	 1.25600e-02 	 1.99900e-02 
1.709 	 3.13266e-02 	 1.20746e-02 	 1.92520e-02 
1.705 	 3.01667e-02 	 1.16150e-02 	 1.85517e-02 
1.702 	 2.90664e-02 	 1.11796e-02 	 1.78867e-02 
1.699 	 2.80219e-02 	 1.07670e-02 	 1.72550e-02 
1.696 	 2.70300e-02 	 1.03755e-02 	 1.66544e-02 
1.692 	 2.60873e-02 	 1.00041e-02 	 1.60832e-02 
1.689 	 2.51909e-02 	 9.65131e-03 	 1.55396e-02 
1.686 	 2.43381e-02 	 9.31610e-03 	 1.50220e-02 
1.683 	 2.35263e-02 	 8.99737e-03 	 1.45289e-02 
1.680 	 2.27529e-02 	 8.69413e-03 	 1.40587e-02 
1.677 	 2.20157e-02 	 8.40543e-03 	 1.36103e-02 
1.674 	 2.13127e-02 	 8.13043e-03 	 1.31823e-02 
1.670 	 2.06419e-02 	 7.86829e-03 	 1.27736e-02 
1.667 	 2.00014e-02 	 7.61828e-03 	 1.23831e-02 
1.664 	 1.93894e-02 	 7.37969e-03 	 1.20097e-02 
1.661 	 1.88045e-02 	 7.15186e-03 	 1.16526e-02 
1.658 	 1.82450e-02 	 6.93419e-03 	 1.13108e-02 
1.655 	 1.77096e-02 	 6.72609e-03 	 1.09835e-02 
1.652 	 1.71970e-02 	 6.52704e-03 	 1.06699e-02 
1.649 	 1.67059e-02 	 6.33654e-03 	 1.03693e-02 
1.646 	 1.62351e-02 	 6.15411e-03 	 1.00810e-02 
1.643 	 1.57837e-02 	 5.97933e-03 	 9.80435e-03 
1.640 	 1.53505e-02 	 5.81178e-03 	 9.53874e-03 
1.637 	 1.49347e-02 	 5.65109e-03 	 9.28360e-03 
1.634 	 1.45353e-02 	 5.49688e-03 	 9.03842e-03 
1.631 	 1.41515e-02 	 5.34884e-03 	 8.80269e-03 
1.628 	 1.37826e-02 	 5.20663e-03 	 8.57594e-03 
1.625 	 1.34277e-02 	 5.06997e-03 	 8.35773e-03 
1.622 	 1.30862e-02 	 4.93857e-03 	 8.14764e-03 
1.619 	 1.27575e-02 	 4.81218e-03 	 7.94528e-03 
1.616 	 1.24408e-02 	 4.69054e-03 	 7.75028e-03 
1.613 	 1.21357e-02 	 4.57343e-03 	 7.56230e-03 
1.610 	 1.18416e-02 	 4.46063e-03 	 7.38100e-03 
1.608 	 1.15580e-02 	 4.35192e-03 	 7.20608e-03 
1.605 	 1.12844e-02 	 4.24713e-03 	 7.03724e-03 
1.602 	 1.10203e-02 	 4.14606e-03 	 6.87422e-03 
1.599 	 1.07653e-02 	 4.04854e-03 	 6.71673e-03 
1.596 	 1.05190e-02 	 3.95441e-03 	 6.56455e-03 
1.593 	 1.02809e-02 	 3.86351e-03 	 6.41744e-03 
1.590 	 1.00509e-02 	 3.77571e-03 	 6.27517e-03 
1.588 	 9.82840e-03 	 3.69086e-03 	 6.13753e-03 
1.585 	 9.61317e-03 	 3.60883e-03 	 6.00434e-03 
1.582 	 9.40490e-03 	 3.52951e-03 	 5.87540e-03 
1.579 	 9.20329e-03 	 3.45276e-03 	 5.75053e-03 
1.576 	 9.00806e-03 	 3.37849e-03 	 5.62956e-03 
1.574 	 8.81893e-03 	 3.30659e-03 	 5.51234e-03 
1.571 	 8.63567e-03 	 3.23696e-03 	 5.39871e-03 
1.568 	 8.45803e-03 	 3.16950e-03 	 5.28852e-03 
1.565 	 8.28578e-03 	 3.10413e-03 	 5.18165e-03 
1.563 	 8.11872e-03 	 3.04077e-03 	 5.07795e-03 
1.560 	 7.95663e-03 	 2.97932e-03 	 4.97731e-03 
1.557 	 7.79932e-03 	 2.91971e-03 	 4.87960e-03 
1.555 	 7.64660e-03 	 2.86188e-03 	 4.78472e-03 
1.552 	 7.49830e-03 	 2.80575e-03 	 4.69255e-03 
1.549 	 7.35424e-03 	 2.75125e-03 	 4.60299e-03 
1.547 	 7.21427e-03 	 2.69832e-03 	 4.51595e-03 
1.544 	 7.07824e-03 	 2.64691e-03 	 4.43133e-03 
1.541 	 6.94600e-03 	 2.59695e-03 	 4.34904e-03 
1.539 	 6.81740e-03 	 2.54839e-03 	 4.26900e-03 
1.536 	 6.69232e-03 	 2.50119e-03 	 4.19113e-03 
1.533 	 6.57062e-03 	 2.45528e-03 	 4.11535e-03 
1.531 	 6.45219e-03 	 2.41062e-03 	 4.04158e-03 
1.528 	 6.33692e-03 	 2.36717e-03 	 3.96975e-03 
1.526 	 6.22468e-03 	 2.32488e-03 	 3.89980e-03 
1.523 	 6.11537e-03 	 2.28371e-03 	 3.83166e-03 
1.520 	 6.00890e-03 	 2.24363e-03 	 3.76527e-03 
1.518 	 5.90515e-03 	 2.20458e-03 	 3.70057e-03 
1.515 	 5.80405e-03 	 2.16655e-03 	 3.63750e-03 
1.513 	 5.70550e-03 	 2.12949e-03 	 3.57601e-03 
1.510 	 5.60942e-03 	 2.09337e-03 	 3.51605e-03 
1.508 	 5.51572e-03 	 2.05816e-03 	 3.45756e-03 
1.505 	 5.42433e-03 	 2.02383e-03 	 3.40050e-03 
1.503 	 5.33516e-03 	 1.99034e-03 	 3.34482e-03 
1.500 	 5.24816e-03 	 1.95768e-03 	 3.29048e-03 
