Energy [eV] Ext Cross [um^2] Abs Cross [um^2] Sca Cross [um^2] 
3.000 	 1.44737e-04 	 1.44280e-04 	 4.56913e-07 
2.970 	 1.49959e-04 	 1.48987e-04 	 9.71390e-07 
2.941 	 1.55208e-04 	 1.53457e-04 	 1.75187e-06 
2.912 	 1.61641e-04 	 1.58840e-04 	 2.80073e-06 
2.884 	 1.68074e-04 	 1.63977e-04 	 4.09682e-06 
2.856 	 1.75666e-04 	 1.70052e-04 	 5.61411e-06 
2.829 	 1.81968e-04 	 1.74562e-04 	 7.40594e-06 
2.803 	 1.91039e-04 	 1.81633e-04 	 9.40603e-06 
2.777 	 1.99748e-04 	 1.88106e-04 	 1.16423e-05 
2.751 	 2.09353e-04 	 1.95245e-04 	 1.41080e-05 
2.726 	 2.20008e-04 	 2.03205e-04 	 1.68036e-05 
2.701 	 2.31229e-04 	 2.11498e-04 	 1.97315e-05 
2.677 	 2.42682e-04 	 2.19785e-04 	 2.28980e-05 
2.653 	 2.54715e-04 	 2.28402e-04 	 2.63123e-05 
2.630 	 2.67950e-04 	 2.37966e-04 	 2.99845e-05 
2.607 	 2.82415e-04 	 2.48487e-04 	 3.39285e-05 
2.584 	 2.98185e-04 	 2.60023e-04 	 3.81622e-05 
2.562 	 3.15424e-04 	 2.72718e-04 	 4.27056e-05 
2.540 	 3.34247e-04 	 2.86669e-04 	 4.75779e-05 
2.519 	 3.54728e-04 	 3.01911e-04 	 5.28165e-05 
2.498 	 3.77324e-04 	 3.18856e-04 	 5.84681e-05 
2.477 	 4.02465e-04 	 3.37887e-04 	 6.45788e-05 
2.457 	 4.30841e-04 	 3.59631e-04 	 7.12103e-05 
2.437 	 4.63155e-04 	 3.84716e-04 	 7.84390e-05 
2.417 	 4.99408e-04 	 4.13040e-04 	 8.63674e-05 
2.398 	 5.39956e-04 	 4.44882e-04 	 9.50745e-05 
2.378 	 5.87184e-04 	 4.82566e-04 	 1.04618e-04 
2.360 	 6.39943e-04 	 5.24827e-04 	 1.15116e-04 
2.341 	 6.98894e-04 	 5.71882e-04 	 1.27012e-04 
2.323 	 7.70892e-04 	 6.30176e-04 	 1.40715e-04 
2.305 	 8.61452e-04 	 7.04916e-04 	 1.56536e-04 
2.287 	 9.76712e-04 	 8.01859e-04 	 1.74853e-04 
2.270 	 1.12220e-03 	 9.26294e-04 	 1.95902e-04 
2.253 	 1.29312e-03 	 1.07305e-03 	 2.20066e-04 
2.236 	 1.49408e-03 	 1.24412e-03 	 2.49961e-04 
2.219 	 1.76712e-03 	 1.47808e-03 	 2.89039e-04 
2.203 	 2.16018e-03 	 1.81983e-03 	 3.40354e-04 
2.187 	 2.73738e-03 	 2.32866e-03 	 4.08725e-04 
2.171 	 3.60807e-03 	 3.10651e-03 	 5.01552e-04 
2.155 	 4.94897e-03 	 4.32169e-03 	 6.27281e-04 
2.140 	 6.95654e-03 	 6.17281e-03 	 7.83734e-04 
2.125 	 9.43795e-03 	 8.52122e-03 	 9.16729e-04 
2.110 	 1.10404e-02 	 1.01419e-02 	 8.98577e-04 
2.095 	 1.07972e-02 	 1.00615e-02 	 7.35723e-04 
2.080 	 9.98848e-03 	 9.39301e-03 	 5.95472e-04 
2.066 	 8.87283e-03 	 8.39742e-03 	 4.75411e-04 
2.052 	 6.99201e-03 	 6.66381e-03 	 3.28199e-04 
2.038 	 5.09716e-03 	 4.89427e-03 	 2.02895e-04 
2.024 	 3.72379e-03 	 3.59893e-03 	 1.24861e-04 
2.010 	 2.82673e-03 	 2.74441e-03 	 8.23232e-05 
1.997 	 2.24476e-03 	 2.18399e-03 	 6.07646e-05 
1.983 	 1.85872e-03 	 1.80765e-03 	 5.10625e-05 
1.970 	 1.59585e-03 	 1.54769e-03 	 4.81591e-05 
1.957 	 1.41291e-03 	 1.36363e-03 	 4.92802e-05 
1.945 	 1.28375e-03 	 1.23088e-03 	 5.28738e-05 
1.932 	 1.19215e-03 	 1.13410e-03 	 5.80493e-05 
1.920 	 1.12776e-03 	 1.06347e-03 	 6.42843e-05 
1.907 	 1.08387e-03 	 1.01260e-03 	 7.12683e-05 
1.895 	 1.05615e-03 	 9.77328e-04 	 7.88180e-05 
1.883 	 1.04186e-03 	 9.55033e-04 	 8.68307e-05 
1.871 	 1.03958e-03 	 9.44326e-04 	 9.52566e-05 
1.860 	 1.04899e-03 	 9.44912e-04 	 1.04081e-04 
1.848 	 1.07086e-03 	 9.57560e-04 	 1.13305e-04 
1.837 	 1.10671e-03 	 9.83809e-04 	 1.22906e-04 
1.826 	 1.15689e-03 	 1.02415e-03 	 1.32742e-04 
1.815 	 1.21460e-03 	 1.07221e-03 	 1.42390e-04 
1.804 	 1.25880e-03 	 1.10760e-03 	 1.51201e-04 
1.793 	 1.26840e-03 	 1.10929e-03 	 1.59110e-04 
1.782 	 1.25207e-03 	 1.08500e-03 	 1.67069e-04 
1.772 	 1.23466e-03 	 1.05877e-03 	 1.75893e-04 
1.761 	 1.22897e-03 	 1.04328e-03 	 1.85692e-04 
1.751 	 1.23615e-03 	 1.03985e-03 	 1.96295e-04 
1.741 	 1.25380e-03 	 1.04625e-03 	 2.07552e-04 
1.730 	 1.27952e-03 	 1.06014e-03 	 2.19380e-04 
1.720 	 1.31162e-03 	 1.07987e-03 	 2.31749e-04 
1.711 	 1.34901e-03 	 1.10435e-03 	 2.44662e-04 
1.701 	 1.39104e-03 	 1.13290e-03 	 2.58137e-04 
1.691 	 1.43732e-03 	 1.16512e-03 	 2.72206e-04 
1.682 	 1.48769e-03 	 1.20079e-03 	 2.86908e-04 
1.672 	 1.54208e-03 	 1.23979e-03 	 3.02288e-04 
1.663 	 1.60053e-03 	 1.28213e-03 	 3.18398e-04 
1.654 	 1.66314e-03 	 1.32784e-03 	 3.35294e-04 
1.645 	 1.73007e-03 	 1.37703e-03 	 3.53038e-04 
1.636 	 1.80154e-03 	 1.42984e-03 	 3.71698e-04 
1.627 	 1.87779e-03 	 1.48645e-03 	 3.91347e-04 
1.618 	 1.95914e-03 	 1.54707e-03 	 4.12068e-04 
1.609 	 2.04592e-03 	 1.61198e-03 	 4.33949e-04 
1.601 	 2.13854e-03 	 1.68145e-03 	 4.57088e-04 
1.592 	 2.23742e-03 	 1.75583e-03 	 4.81595e-04 
1.584 	 2.34308e-03 	 1.83549e-03 	 5.07588e-04 
1.575 	 2.45606e-03 	 1.92086e-03 	 5.35201e-04 
1.567 	 2.57700e-03 	 2.01242e-03 	 5.64578e-04 
1.559 	 2.70658e-03 	 2.11069e-03 	 5.95883e-04 
1.551 	 2.84558e-03 	 2.21629e-03 	 6.29295e-04 
1.543 	 2.99489e-03 	 2.32987e-03 	 6.65016e-04 
1.535 	 3.15547e-03 	 2.45220e-03 	 7.03271e-04 
1.527 	 3.32844e-03 	 2.58413e-03 	 7.44312e-04 
1.519 	 3.51503e-03 	 2.72661e-03 	 7.88422e-04 
1.511 	 3.71665e-03 	 2.88073e-03 	 8.35922e-04 
1.504 	 3.93489e-03 	 3.04772e-03 	 8.87171e-04 
1.496 	 4.17154e-03 	 3.22896e-03 	 9.42579e-04 
1.489 	 4.42866e-03 	 3.42605e-03 	 1.00261e-03 
1.481 	 4.70859e-03 	 3.64079e-03 	 1.06779e-03 
1.474 	 5.01399e-03 	 3.87526e-03 	 1.13873e-03 
1.467 	 5.34794e-03 	 4.13182e-03 	 1.21612e-03 
1.460 	 5.71398e-03 	 4.41322e-03 	 1.30076e-03 
1.453 	 6.11618e-03 	 4.72262e-03 	 1.39356e-03 
1.446 	 6.55929e-03 	 5.06369e-03 	 1.49560e-03 
1.439 	 7.04881e-03 	 5.44070e-03 	 1.60811e-03 
1.432 	 7.59118e-03 	 5.85865e-03 	 1.73253e-03 
1.425 	 8.19395e-03 	 6.32337e-03 	 1.87058e-03 
1.418 	 8.86601e-03 	 6.84178e-03 	 2.02423e-03 
1.411 	 9.61785e-03 	 7.42200e-03 	 2.19585e-03 
1.405 	 1.04619e-02 	 8.07370e-03 	 2.38822e-03 
1.398 	 1.14131e-02 	 8.80840e-03 	 2.60466e-03 
1.392 	 1.24890e-02 	 9.63982e-03 	 2.84914e-03 
1.385 	 1.37109e-02 	 1.05845e-02 	 3.12640e-03 
1.379 	 1.51043e-02 	 1.16622e-02 	 3.44213e-03 
1.372 	 1.67001e-02 	 1.28968e-02 	 3.80321e-03 
1.366 	 1.85352e-02 	 1.43173e-02 	 4.21790e-03 
1.360 	 2.06546e-02 	 1.59585e-02 	 4.69616e-03 
1.354 	 2.31121e-02 	 1.78621e-02 	 5.24996e-03 
1.348 	 2.59719e-02 	 2.00783e-02 	 5.89356e-03 
1.342 	 2.93099e-02 	 2.26662e-02 	 6.64375e-03 
1.336 	 3.32136e-02 	 2.56938e-02 	 7.51982e-03 
1.330 	 3.77799e-02 	 2.92367e-02 	 8.54311e-03 
1.324 	 4.31089e-02 	 3.33734e-02 	 9.73551e-03 
1.318 	 4.92901e-02 	 3.81738e-02 	 1.11163e-02 
1.312 	 5.63748e-02 	 4.36788e-02 	 1.26960e-02 
1.306 	 6.43316e-02 	 4.98650e-02 	 1.44666e-02 
1.301 	 7.29785e-02 	 5.65925e-02 	 1.63860e-02 
1.295 	 8.19028e-02 	 6.35421e-02 	 1.83607e-02 
1.289 	 9.04003e-02 	 7.01677e-02 	 2.02327e-02 
1.284 	 9.75002e-02 	 7.57151e-02 	 2.17851e-02 
1.278 	 1.02146e-01 	 7.93620e-02 	 2.27840e-02 
1.273 	 1.03525e-01 	 8.04744e-02 	 2.30510e-02 
1.268 	 1.01398e-01 	 7.88613e-02 	 2.25367e-02 
1.262 	 9.61994e-02 	 7.48574e-02 	 2.13420e-02 
1.257 	 8.88448e-02 	 6.91714e-02 	 1.96735e-02 
1.252 	 8.03794e-02 	 6.26144e-02 	 1.77650e-02 
1.246 	 7.16909e-02 	 5.58769e-02 	 1.58140e-02 
1.241 	 6.33856e-02 	 4.94312e-02 	 1.39544e-02 
1.236 	 5.57986e-02 	 4.35390e-02 	 1.22596e-02 
1.231 	 4.90630e-02 	 3.83051e-02 	 1.07579e-02 
1.226 	 4.31866e-02 	 3.37367e-02 	 9.44997e-03 
1.221 	 3.81105e-02 	 2.97886e-02 	 8.32193e-03 
1.216 	 3.37468e-02 	 2.63932e-02 	 7.35360e-03 
1.211 	 3.00011e-02 	 2.34776e-02 	 6.52352e-03 
1.206 	 2.67833e-02 	 2.09719e-02 	 5.81137e-03 
1.201 	 2.40128e-02 	 1.88138e-02 	 5.19900e-03 
1.196 	 2.16201e-02 	 1.69493e-02 	 4.67075e-03 
1.192 	 1.95458e-02 	 1.53324e-02 	 4.21337e-03 
1.187 	 1.77404e-02 	 1.39247e-02 	 3.81575e-03 
1.182 	 1.61625e-02 	 1.26939e-02 	 3.46864e-03 
1.178 	 1.47777e-02 	 1.16134e-02 	 3.16435e-03 
1.173 	 1.35573e-02 	 1.06608e-02 	 2.89650e-03 
1.168 	 1.24775e-02 	 9.81770e-03 	 2.65977e-03 
1.164 	 1.15182e-02 	 9.06850e-03 	 2.44971e-03 
1.159 	 1.06629e-02 	 8.40026e-03 	 2.26264e-03 
1.155 	 9.89749e-03 	 7.80207e-03 	 2.09541e-03 
1.150 	 9.21015e-03 	 7.26473e-03 	 1.94542e-03 
1.146 	 8.59090e-03 	 6.78046e-03 	 1.81044e-03 
1.141 	 8.03122e-03 	 6.34263e-03 	 1.68859e-03 
1.137 	 7.52386e-03 	 5.94560e-03 	 1.57826e-03 
1.133 	 7.06261e-03 	 5.58454e-03 	 1.47807e-03 
1.129 	 6.64215e-03 	 5.25529e-03 	 1.38686e-03 
1.124 	 6.25786e-03 	 4.95428e-03 	 1.30358e-03 
1.120 	 5.90578e-03 	 4.67839e-03 	 1.22738e-03 
1.116 	 5.58243e-03 	 4.42494e-03 	 1.15749e-03 
1.112 	 5.28481e-03 	 4.19158e-03 	 1.09323e-03 
1.108 	 5.01029e-03 	 3.97625e-03 	 1.03403e-03 
1.104 	 4.75655e-03 	 3.77716e-03 	 9.79387e-04 
1.099 	 4.52156e-03 	 3.59271e-03 	 9.28841e-04 
1.095 	 4.30352e-03 	 3.42152e-03 	 8.82003e-04 
1.091 	 4.10087e-03 	 3.26234e-03 	 8.38523e-04 
1.087 	 3.91217e-03 	 3.11408e-03 	 7.98092e-04 
1.083 	 3.73620e-03 	 2.97576e-03 	 7.60434e-04 
1.080 	 3.57182e-03 	 2.84652e-03 	 7.25306e-04 
1.076 	 3.41805e-03 	 2.72556e-03 	 6.92487e-04 
1.072 	 3.27399e-03 	 2.61221e-03 	 6.61782e-04 
1.068 	 3.13884e-03 	 2.50582e-03 	 6.33016e-04 
1.064 	 3.01188e-03 	 2.40585e-03 	 6.06030e-04 
1.060 	 2.89246e-03 	 2.31177e-03 	 5.80682e-04 
1.057 	 2.77999e-03 	 2.22314e-03 	 5.56843e-04 
1.053 	 2.67394e-03 	 2.13954e-03 	 5.34397e-04 
1.049 	 2.57383e-03 	 2.06059e-03 	 5.13239e-04 
1.046 	 2.47923e-03 	 1.98596e-03 	 4.93274e-04 
1.042 	 2.38974e-03 	 1.91532e-03 	 4.74413e-04 
1.038 	 2.30498e-03 	 1.84840e-03 	 4.56579e-04 
1.035 	 2.22464e-03 	 1.78494e-03 	 4.39698e-04 
1.031 	 2.14841e-03 	 1.72471e-03 	 4.23704e-04 
1.028 	 2.07601e-03 	 1.66747e-03 	 4.08538e-04 
1.024 	 2.00719e-03 	 1.61305e-03 	 3.94143e-04 
1.021 	 1.94171e-03 	 1.56124e-03 	 3.80469e-04 
1.017 	 1.87936e-03 	 1.51189e-03 	 3.67469e-04 
1.014 	 1.81995e-03 	 1.46485e-03 	 3.55099e-04 
1.010 	 1.76328e-03 	 1.41996e-03 	 3.43321e-04 
1.007 	 1.70919e-03 	 1.37709e-03 	 3.32096e-04 
1.003 	 1.65752e-03 	 1.33613e-03 	 3.21392e-04 
1.000 	 1.60813e-03 	 1.29696e-03 	 3.11177e-04 
