Energy [eV] Ext Cross [um^2] Abs Cross [um^2] Sca Cross [um^2] 
3.000 	 4.45055e-04 	 4.41027e-04 	 4.02764e-06 
2.990 	 4.55291e-04 	 4.49960e-04 	 5.33075e-06 
2.980 	 4.66221e-04 	 4.59274e-04 	 6.94691e-06 
2.970 	 4.77804e-04 	 4.68924e-04 	 8.88002e-06 
2.960 	 4.89929e-04 	 4.78797e-04 	 1.11318e-05 
2.951 	 5.02324e-04 	 4.88624e-04 	 1.37003e-05 
2.941 	 5.14872e-04 	 4.98286e-04 	 1.65857e-05 
2.931 	 5.28548e-04 	 5.08732e-04 	 1.98154e-05 
2.922 	 5.43973e-04 	 5.20546e-04 	 2.34267e-05 
2.912 	 5.60818e-04 	 5.33357e-04 	 2.74604e-05 
2.903 	 5.78094e-04 	 5.46196e-04 	 3.18976e-05 
2.894 	 5.95251e-04 	 5.58614e-04 	 3.66373e-05 
2.884 	 6.12709e-04 	 5.71067e-04 	 4.16422e-05 
2.875 	 6.32294e-04 	 5.85305e-04 	 4.69888e-05 
2.866 	 6.53671e-04 	 6.00857e-04 	 5.28137e-05 
2.857 	 6.75076e-04 	 6.15873e-04 	 5.92037e-05 
2.848 	 6.96265e-04 	 6.30113e-04 	 6.61514e-05 
2.839 	 7.18058e-04 	 6.44531e-04 	 7.35271e-05 
2.830 	 7.42004e-04 	 6.60694e-04 	 8.13100e-05 
2.821 	 7.68888e-04 	 6.79321e-04 	 8.95668e-05 
2.812 	 7.98196e-04 	 6.99841e-04 	 9.83543e-05 
2.803 	 8.28499e-04 	 7.20776e-04 	 1.07723e-04 
2.794 	 8.59705e-04 	 7.42006e-04 	 1.17699e-04 
2.786 	 8.92414e-04 	 7.64107e-04 	 1.28307e-04 
2.777 	 9.27119e-04 	 7.87543e-04 	 1.39577e-04 
2.769 	 9.64228e-04 	 8.12681e-04 	 1.51547e-04 
2.760 	 1.00410e-03 	 8.39846e-04 	 1.64256e-04 
2.752 	 1.04707e-03 	 8.69320e-04 	 1.77749e-04 
2.743 	 1.09343e-03 	 9.01345e-04 	 1.92081e-04 
2.735 	 1.14347e-03 	 9.36151e-04 	 2.07319e-04 
2.726 	 1.19771e-03 	 9.74182e-04 	 2.23531e-04 
2.718 	 1.25687e-03 	 1.01608e-03 	 2.40791e-04 
2.710 	 1.32174e-03 	 1.06255e-03 	 2.59184e-04 
2.702 	 1.39300e-03 	 1.11418e-03 	 2.78812e-04 
2.694 	 1.47090e-03 	 1.17113e-03 	 2.99777e-04 
2.686 	 1.55481e-03 	 1.23264e-03 	 3.22173e-04 
2.678 	 1.64316e-03 	 1.29707e-03 	 3.46092e-04 
2.670 	 1.73431e-03 	 1.36269e-03 	 3.71622e-04 
2.662 	 1.82767e-03 	 1.42881e-03 	 3.98866e-04 
2.654 	 1.92454e-03 	 1.49658e-03 	 4.27958e-04 
2.646 	 2.02823e-03 	 1.56915e-03 	 4.59085e-04 
2.638 	 2.14293e-03 	 1.65047e-03 	 4.92460e-04 
2.630 	 2.27221e-03 	 1.74393e-03 	 5.28278e-04 
2.623 	 2.41873e-03 	 1.85201e-03 	 5.66714e-04 
2.615 	 2.58518e-03 	 1.97726e-03 	 6.07919e-04 
2.608 	 2.77496e-03 	 2.12310e-03 	 6.51863e-04 
2.600 	 2.99044e-03 	 2.29236e-03 	 6.98073e-04 
2.592 	 3.22964e-03 	 2.48402e-03 	 7.45617e-04 
2.585 	 3.48510e-03 	 2.69135e-03 	 7.93744e-04 
2.578 	 3.74934e-03 	 2.90615e-03 	 8.43187e-04 
2.570 	 4.02638e-03 	 3.12952e-03 	 8.96856e-04 
2.563 	 4.33702e-03 	 3.37859e-03 	 9.58431e-04 
2.556 	 4.71047e-03 	 3.68042e-03 	 1.03006e-03 
2.548 	 5.17292e-03 	 4.06162e-03 	 1.11131e-03 
2.541 	 5.74185e-03 	 4.54269e-03 	 1.19916e-03 
2.534 	 6.42135e-03 	 5.13386e-03 	 1.28749e-03 
2.527 	 7.19100e-03 	 5.82524e-03 	 1.36577e-03 
2.520 	 7.98658e-03 	 6.56832e-03 	 1.41826e-03 
2.513 	 8.68554e-03 	 7.25862e-03 	 1.42692e-03 
2.506 	 9.13028e-03 	 7.74922e-03 	 1.38107e-03 
2.499 	 9.21242e-03 	 7.92247e-03 	 1.28995e-03 
2.492 	 8.96124e-03 	 7.77741e-03 	 1.18383e-03 
2.485 	 8.53262e-03 	 7.43520e-03 	 1.09742e-03 
2.478 	 8.10778e-03 	 7.05570e-03 	 1.05208e-03 
2.471 	 7.81266e-03 	 6.76037e-03 	 1.05228e-03 
2.464 	 7.70462e-03 	 6.61281e-03 	 1.09181e-03 
2.458 	 7.79196e-03 	 6.63229e-03 	 1.15968e-03 
2.451 	 8.04977e-03 	 6.80751e-03 	 1.24226e-03 
2.444 	 8.42110e-03 	 7.09825e-03 	 1.32285e-03 
2.438 	 8.81079e-03 	 7.42912e-03 	 1.38167e-03 
2.431 	 9.09111e-03 	 7.69145e-03 	 1.39966e-03 
2.424 	 9.14102e-03 	 7.77358e-03 	 1.36744e-03 
2.418 	 8.90968e-03 	 7.61632e-03 	 1.29336e-03 
2.411 	 8.44847e-03 	 7.24739e-03 	 1.20108e-03 
2.405 	 7.87364e-03 	 6.75700e-03 	 1.11663e-03 
2.398 	 7.29900e-03 	 6.24187e-03 	 1.05713e-03 
2.392 	 6.79710e-03 	 5.76847e-03 	 1.02863e-03 
2.386 	 6.39819e-03 	 5.36832e-03 	 1.02987e-03 
2.379 	 6.10545e-03 	 5.04884e-03 	 1.05661e-03 
2.373 	 5.90943e-03 	 4.80520e-03 	 1.10423e-03 
2.367 	 5.79692e-03 	 4.62806e-03 	 1.16886e-03 
2.361 	 5.75512e-03 	 4.50752e-03 	 1.24760e-03 
2.354 	 5.77322e-03 	 4.43474e-03 	 1.33848e-03 
2.348 	 5.84272e-03 	 4.40247e-03 	 1.44025e-03 
2.342 	 5.95720e-03 	 4.40501e-03 	 1.55219e-03 
2.336 	 6.11206e-03 	 4.43802e-03 	 1.67404e-03 
2.330 	 6.30411e-03 	 4.49826e-03 	 1.80585e-03 
2.324 	 6.53135e-03 	 4.58343e-03 	 1.94791e-03 
2.318 	 6.79272e-03 	 4.69196e-03 	 2.10076e-03 
2.312 	 7.08797e-03 	 4.82289e-03 	 2.26508e-03 
2.306 	 7.41751e-03 	 4.97576e-03 	 2.44175e-03 
2.300 	 7.78238e-03 	 5.15056e-03 	 2.63182e-03 
2.294 	 8.18414e-03 	 5.34766e-03 	 2.83649e-03 
2.288 	 8.62490e-03 	 5.56777e-03 	 3.05713e-03 
2.282 	 9.10728e-03 	 5.81195e-03 	 3.29533e-03 
2.277 	 9.63441e-03 	 6.08157e-03 	 3.55284e-03 
2.271 	 1.02100e-02 	 6.37831e-03 	 3.83167e-03 
2.265 	 1.08382e-02 	 6.70420e-03 	 4.13403e-03 
2.259 	 1.15241e-02 	 7.06159e-03 	 4.46246e-03 
2.254 	 1.22730e-02 	 7.45324e-03 	 4.81977e-03 
2.248 	 1.30914e-02 	 7.88226e-03 	 5.20914e-03 
2.243 	 1.39864e-02 	 8.35222e-03 	 5.63413e-03 
2.237 	 1.49659e-02 	 8.86715e-03 	 6.09875e-03 
2.231 	 1.60391e-02 	 9.43160e-03 	 6.60749e-03 
2.226 	 1.72160e-02 	 1.00506e-02 	 7.16536e-03 
2.220 	 1.85079e-02 	 1.07299e-02 	 7.77797e-03 
2.215 	 1.99273e-02 	 1.14758e-02 	 8.45153e-03 
2.209 	 2.14879e-02 	 1.22950e-02 	 9.19292e-03 
2.204 	 2.32047e-02 	 1.31951e-02 	 1.00096e-02 
2.199 	 2.50938e-02 	 1.41841e-02 	 1.09098e-02 
2.193 	 2.71723e-02 	 1.52703e-02 	 1.19020e-02 
2.188 	 2.94576e-02 	 1.64623e-02 	 1.29953e-02 
2.182 	 3.19672e-02 	 1.77684e-02 	 1.41987e-02 
2.177 	 3.47174e-02 	 1.91964e-02 	 1.55210e-02 
2.172 	 3.77218e-02 	 2.07523e-02 	 1.69695e-02 
2.167 	 4.09895e-02 	 2.24396e-02 	 1.85499e-02 
2.161 	 4.45219e-02 	 2.42577e-02 	 2.02642e-02 
2.156 	 4.83092e-02 	 2.62000e-02 	 2.21092e-02 
2.151 	 5.23260e-02 	 2.82517e-02 	 2.40743e-02 
2.146 	 5.65264e-02 	 3.03871e-02 	 2.61393e-02 
2.141 	 6.08387e-02 	 3.25674e-02 	 2.82713e-02 
2.136 	 6.51620e-02 	 3.47388e-02 	 3.04232e-02 
2.131 	 6.93645e-02 	 3.68319e-02 	 3.25326e-02 
2.126 	 7.32867e-02 	 3.87637e-02 	 3.45230e-02 
2.121 	 7.67508e-02 	 4.04429e-02 	 3.63079e-02 
2.116 	 7.95759e-02 	 4.17777e-02 	 3.77982e-02 
2.111 	 8.15992e-02 	 4.26869e-02 	 3.89124e-02 
2.106 	 8.26986e-02 	 4.31114e-02 	 3.95872e-02 
2.101 	 8.28111e-02 	 4.30237e-02 	 3.97874e-02 
2.096 	 8.19428e-02 	 4.24319e-02 	 3.95108e-02 
2.091 	 8.01671e-02 	 4.13788e-02 	 3.87883e-02 
2.086 	 7.76119e-02 	 3.99342e-02 	 3.76777e-02 
2.081 	 7.44392e-02 	 3.81845e-02 	 3.62547e-02 
2.076 	 7.08237e-02 	 3.62214e-02 	 3.46023e-02 
2.072 	 6.69334e-02 	 3.41321e-02 	 3.28012e-02 
2.067 	 6.29166e-02 	 3.19927e-02 	 3.09239e-02 
2.062 	 5.88949e-02 	 2.98647e-02 	 2.90302e-02 
2.057 	 5.49611e-02 	 2.77945e-02 	 2.71666e-02 
2.053 	 5.11814e-02 	 2.58148e-02 	 2.53666e-02 
2.048 	 4.75988e-02 	 2.39459e-02 	 2.36529e-02 
2.043 	 4.42380e-02 	 2.21992e-02 	 2.20388e-02 
2.039 	 4.11097e-02 	 2.05787e-02 	 2.05310e-02 
2.034 	 3.82144e-02 	 1.90836e-02 	 1.91309e-02 
2.029 	 3.55460e-02 	 1.77094e-02 	 1.78365e-02 
2.025 	 3.30936e-02 	 1.64500e-02 	 1.66436e-02 
2.020 	 3.08441e-02 	 1.52976e-02 	 1.55465e-02 
2.016 	 2.87828e-02 	 1.42442e-02 	 1.45387e-02 
2.011 	 2.68950e-02 	 1.32816e-02 	 1.36134e-02 
2.007 	 2.51661e-02 	 1.24019e-02 	 1.27641e-02 
2.002 	 2.35819e-02 	 1.15977e-02 	 1.19843e-02 
1.998 	 2.21296e-02 	 1.08618e-02 	 1.12678e-02 
1.993 	 2.07968e-02 	 1.01879e-02 	 1.06089e-02 
1.989 	 1.95725e-02 	 9.57001e-03 	 1.00025e-02 
1.985 	 1.84465e-02 	 9.00279e-03 	 9.44374e-03 
1.980 	 1.74096e-02 	 8.48141e-03 	 8.92822e-03 
1.976 	 1.64535e-02 	 8.00148e-03 	 8.45198e-03 
1.971 	 1.55706e-02 	 7.55909e-03 	 8.01146e-03 
1.967 	 1.47541e-02 	 7.15071e-03 	 7.60340e-03 
1.963 	 1.39981e-02 	 6.77317e-03 	 7.22490e-03 
1.959 	 1.32970e-02 	 6.42364e-03 	 6.87332e-03 
1.954 	 1.26458e-02 	 6.09955e-03 	 6.54628e-03 
1.950 	 1.20403e-02 	 5.79862e-03 	 6.24167e-03 
1.946 	 1.14764e-02 	 5.51881e-03 	 5.95755e-03 
1.942 	 1.09505e-02 	 5.25827e-03 	 5.69219e-03 
1.937 	 1.04594e-02 	 5.01533e-03 	 5.44402e-03 
1.933 	 1.00001e-02 	 4.78851e-03 	 5.21164e-03 
1.929 	 9.57023e-03 	 4.57645e-03 	 4.99377e-03 
1.925 	 9.16722e-03 	 4.37796e-03 	 4.78926e-03 
1.921 	 8.78898e-03 	 4.19194e-03 	 4.59705e-03 
1.917 	 8.43358e-03 	 4.01739e-03 	 4.41620e-03 
1.913 	 8.09926e-03 	 3.85341e-03 	 4.24584e-03 
1.909 	 7.78440e-03 	 3.69920e-03 	 4.08520e-03 
1.904 	 7.48757e-03 	 3.55401e-03 	 3.93356e-03 
1.900 	 7.20743e-03 	 3.41717e-03 	 3.79026e-03 
1.896 	 6.94277e-03 	 3.28806e-03 	 3.65471e-03 
1.892 	 6.69249e-03 	 3.16612e-03 	 3.52636e-03 
1.888 	 6.45557e-03 	 3.05085e-03 	 3.40472e-03 
1.884 	 6.23110e-03 	 2.94177e-03 	 3.28933e-03 
1.881 	 6.01822e-03 	 2.83845e-03 	 3.17977e-03 
1.877 	 5.81615e-03 	 2.74050e-03 	 3.07566e-03 
1.873 	 5.62419e-03 	 2.64756e-03 	 2.97663e-03 
1.869 	 5.44166e-03 	 2.55930e-03 	 2.88236e-03 
1.865 	 5.26796e-03 	 2.47540e-03 	 2.79256e-03 
1.861 	 5.10254e-03 	 2.39560e-03 	 2.70694e-03 
1.857 	 4.94488e-03 	 2.31963e-03 	 2.62525e-03 
1.853 	 4.79451e-03 	 2.24726e-03 	 2.54725e-03 
1.849 	 4.65097e-03 	 2.17825e-03 	 2.47272e-03 
1.846 	 4.51386e-03 	 2.11241e-03 	 2.40145e-03 
1.842 	 4.38281e-03 	 2.04955e-03 	 2.33326e-03 
1.838 	 4.25746e-03 	 1.98949e-03 	 2.26797e-03 
1.834 	 4.13749e-03 	 1.93207e-03 	 2.20542e-03 
1.831 	 4.02258e-03 	 1.87713e-03 	 2.14545e-03 
1.827 	 3.91247e-03 	 1.82454e-03 	 2.08793e-03 
1.823 	 3.80688e-03 	 1.77416e-03 	 2.03272e-03 
1.819 	 3.70557e-03 	 1.72588e-03 	 1.97969e-03 
1.816 	 3.60831e-03 	 1.67957e-03 	 1.92874e-03 
1.812 	 3.51489e-03 	 1.63514e-03 	 1.87976e-03 
1.808 	 3.42511e-03 	 1.59248e-03 	 1.83263e-03 
1.805 	 3.33878e-03 	 1.55150e-03 	 1.78728e-03 
1.801 	 3.25572e-03 	 1.51211e-03 	 1.74361e-03 
1.798 	 3.17577e-03 	 1.47423e-03 	 1.70154e-03 
1.794 	 3.09878e-03 	 1.43779e-03 	 1.66099e-03 
1.790 	 3.02460e-03 	 1.40272e-03 	 1.62189e-03 
1.787 	 2.95310e-03 	 1.36894e-03 	 1.58416e-03 
1.783 	 2.88414e-03 	 1.33640e-03 	 1.54775e-03 
1.780 	 2.81761e-03 	 1.30502e-03 	 1.51259e-03 
1.776 	 2.75339e-03 	 1.27477e-03 	 1.47862e-03 
1.773 	 2.69138e-03 	 1.24558e-03 	 1.44579e-03 
1.769 	 2.63147e-03 	 1.21741e-03 	 1.41406e-03 
1.766 	 2.57357e-03 	 1.19021e-03 	 1.38336e-03 
1.762 	 2.51759e-03 	 1.16393e-03 	 1.35366e-03 
1.759 	 2.46344e-03 	 1.13853e-03 	 1.32491e-03 
1.755 	 2.41105e-03 	 1.11398e-03 	 1.29707e-03 
1.752 	 2.36034e-03 	 1.09023e-03 	 1.27011e-03 
1.749 	 2.31123e-03 	 1.06725e-03 	 1.24397e-03 
1.745 	 2.26366e-03 	 1.04502e-03 	 1.21865e-03 
1.742 	 2.21757e-03 	 1.02349e-03 	 1.19408e-03 
1.738 	 2.17289e-03 	 1.00263e-03 	 1.17026e-03 
1.735 	 2.12957e-03 	 9.82430e-04 	 1.14714e-03 
1.732 	 2.08755e-03 	 9.62847e-04 	 1.12470e-03 
1.728 	 2.04678e-03 	 9.43861e-04 	 1.10292e-03 
1.725 	 2.00721e-03 	 9.25447e-04 	 1.08176e-03 
1.722 	 1.96878e-03 	 9.07582e-04 	 1.06120e-03 
1.718 	 1.93147e-03 	 8.90245e-04 	 1.04123e-03 
1.715 	 1.89522e-03 	 8.73415e-04 	 1.02181e-03 
1.712 	 1.86000e-03 	 8.57072e-04 	 1.00293e-03 
1.709 	 1.82576e-03 	 8.41197e-04 	 9.84561e-04 
1.705 	 1.79247e-03 	 8.25773e-04 	 9.66694e-04 
1.702 	 1.76009e-03 	 8.10782e-04 	 9.49307e-04 
1.699 	 1.72859e-03 	 7.96208e-04 	 9.32383e-04 
1.696 	 1.69794e-03 	 7.82037e-04 	 9.15905e-04 
1.692 	 1.66811e-03 	 7.68252e-04 	 8.99857e-04 
1.689 	 1.63906e-03 	 7.54840e-04 	 8.84224e-04 
1.686 	 1.61078e-03 	 7.41787e-04 	 8.68992e-04 
1.683 	 1.58323e-03 	 7.29081e-04 	 8.54147e-04 
1.680 	 1.55638e-03 	 7.16709e-04 	 8.39676e-04 
1.677 	 1.53023e-03 	 7.04659e-04 	 8.25566e-04 
1.674 	 1.50473e-03 	 6.92921e-04 	 8.11805e-04 
1.670 	 1.47986e-03 	 6.81483e-04 	 7.98381e-04 
1.667 	 1.45562e-03 	 6.70335e-04 	 7.85284e-04 
1.664 	 1.43197e-03 	 6.59468e-04 	 7.72503e-04 
1.661 	 1.40890e-03 	 6.48871e-04 	 7.60026e-04 
1.658 	 1.38638e-03 	 6.38536e-04 	 7.47846e-04 
1.655 	 1.36441e-03 	 6.28455e-04 	 7.35952e-04 
1.652 	 1.34295e-03 	 6.18618e-04 	 7.24335e-04 
1.649 	 1.32200e-03 	 6.09018e-04 	 7.12987e-04 
1.646 	 1.30155e-03 	 5.99647e-04 	 7.01899e-04 
1.643 	 1.28156e-03 	 5.90497e-04 	 6.91063e-04 
1.640 	 1.26203e-03 	 5.81563e-04 	 6.80471e-04 
1.637 	 1.24295e-03 	 5.72837e-04 	 6.70117e-04 
1.634 	 1.22431e-03 	 5.64312e-04 	 6.59993e-04 
1.631 	 1.20608e-03 	 5.55983e-04 	 6.50092e-04 
1.628 	 1.18825e-03 	 5.47843e-04 	 6.40408e-04 
1.625 	 1.17082e-03 	 5.39886e-04 	 6.30934e-04 
1.622 	 1.15377e-03 	 5.32107e-04 	 6.21664e-04 
1.619 	 1.13709e-03 	 5.24501e-04 	 6.12593e-04 
1.616 	 1.12078e-03 	 5.17063e-04 	 6.03714e-04 
1.613 	 1.10481e-03 	 5.09786e-04 	 5.95022e-04 
1.610 	 1.08918e-03 	 5.02668e-04 	 5.86511e-04 
1.608 	 1.07388e-03 	 4.95702e-04 	 5.78178e-04 
1.605 	 1.05890e-03 	 4.88886e-04 	 5.70016e-04 
1.602 	 1.04423e-03 	 4.82213e-04 	 5.62022e-04 
1.599 	 1.02987e-03 	 4.75681e-04 	 5.54190e-04 
1.596 	 1.01580e-03 	 4.69285e-04 	 5.46516e-04 
1.593 	 1.00202e-03 	 4.63021e-04 	 5.38995e-04 
1.590 	 9.88511e-04 	 4.56887e-04 	 5.31625e-04 
1.588 	 9.75276e-04 	 4.50877e-04 	 5.24400e-04 
1.585 	 9.62305e-04 	 4.44989e-04 	 5.17316e-04 
1.582 	 9.49590e-04 	 4.39219e-04 	 5.10371e-04 
1.579 	 9.37125e-04 	 4.33565e-04 	 5.03560e-04 
1.576 	 9.24903e-04 	 4.28022e-04 	 4.96881e-04 
1.574 	 9.12917e-04 	 4.22588e-04 	 4.90329e-04 
1.571 	 9.01162e-04 	 4.17261e-04 	 4.83901e-04 
1.568 	 8.89632e-04 	 4.12037e-04 	 4.77595e-04 
1.565 	 8.78320e-04 	 4.06913e-04 	 4.71406e-04 
1.563 	 8.67222e-04 	 4.01888e-04 	 4.65333e-04 
1.560 	 8.56331e-04 	 3.96958e-04 	 4.59373e-04 
1.557 	 8.45643e-04 	 3.92121e-04 	 4.53522e-04 
1.555 	 8.35152e-04 	 3.87375e-04 	 4.47778e-04 
1.552 	 8.24855e-04 	 3.82717e-04 	 4.42138e-04 
1.549 	 8.14745e-04 	 3.78145e-04 	 4.36600e-04 
1.547 	 8.04818e-04 	 3.73657e-04 	 4.31161e-04 
1.544 	 7.95070e-04 	 3.69251e-04 	 4.25819e-04 
1.541 	 7.85497e-04 	 3.64925e-04 	 4.20572e-04 
1.539 	 7.76093e-04 	 3.60676e-04 	 4.15417e-04 
1.536 	 7.66856e-04 	 3.56504e-04 	 4.10353e-04 
1.533 	 7.57782e-04 	 3.52405e-04 	 4.05376e-04 
1.531 	 7.48866e-04 	 3.48380e-04 	 4.00486e-04 
1.528 	 7.40104e-04 	 3.44424e-04 	 3.95680e-04 
1.526 	 7.31494e-04 	 3.40538e-04 	 3.90956e-04 
1.523 	 7.23031e-04 	 3.36719e-04 	 3.86312e-04 
1.520 	 7.14712e-04 	 3.32965e-04 	 3.81747e-04 
1.518 	 7.06535e-04 	 3.29276e-04 	 3.77259e-04 
1.515 	 6.98495e-04 	 3.25649e-04 	 3.72845e-04 
1.513 	 6.90589e-04 	 3.22084e-04 	 3.68505e-04 
1.510 	 6.82816e-04 	 3.18578e-04 	 3.64237e-04 
1.508 	 6.75170e-04 	 3.15131e-04 	 3.60039e-04 
1.505 	 6.67651e-04 	 3.11741e-04 	 3.55910e-04 
1.503 	 6.60254e-04 	 3.08407e-04 	 3.51847e-04 
1.500 	 6.52978e-04 	 3.05127e-04 	 3.47851e-04 
