Energy [eV] Ext Cross [um^2] Abs Cross [um^2] Sca Cross [um^2] 
2.756 	 2.69815e-03 	 2.18658e-03 	 5.11574e-04 
2.749 	 2.87783e-03 	 2.31860e-03 	 5.59230e-04 
2.743 	 3.07540e-03 	 2.46394e-03 	 6.11456e-04 
2.737 	 3.29319e-03 	 2.62442e-03 	 6.68771e-04 
2.731 	 3.53399e-03 	 2.80226e-03 	 7.31732e-04 
2.725 	 3.80107e-03 	 3.00016e-03 	 8.00907e-04 
2.719 	 4.09803e-03 	 3.22114e-03 	 8.76893e-04 
2.713 	 4.42872e-03 	 3.46843e-03 	 9.60286e-04 
2.707 	 4.79688e-03 	 3.74522e-03 	 1.05166e-03 
2.701 	 5.20566e-03 	 4.05417e-03 	 1.15149e-03 
2.695 	 5.65667e-03 	 4.39656e-03 	 1.26011e-03 
2.689 	 6.14852e-03 	 4.77091e-03 	 1.37760e-03 
2.684 	 6.67530e-03 	 5.17147e-03 	 1.50383e-03 
2.678 	 7.22577e-03 	 5.58718e-03 	 1.63859e-03 
2.672 	 7.78553e-03 	 6.00337e-03 	 1.78216e-03 
2.666 	 8.34370e-03 	 6.40763e-03 	 1.93607e-03 
2.660 	 8.90158e-03 	 6.79808e-03 	 2.10350e-03 
2.655 	 9.47571e-03 	 7.18726e-03 	 2.28845e-03 
2.649 	 1.00905e-02 	 7.59652e-03 	 2.49399e-03 
2.643 	 1.07660e-02 	 8.04504e-03 	 2.72091e-03 
2.638 	 1.15097e-02 	 8.54176e-03 	 2.96791e-03 
2.632 	 1.23181e-02 	 9.08441e-03 	 3.23370e-03 
2.627 	 1.31859e-02 	 9.66565e-03 	 3.52022e-03 
2.621 	 1.41186e-02 	 1.02830e-02 	 3.83557e-03 
2.615 	 1.51410e-02 	 1.09469e-02 	 4.19404e-03 
2.610 	 1.62932e-02 	 1.16804e-02 	 4.61285e-03 
2.604 	 1.76190e-02 	 1.25114e-02 	 5.10768e-03 
2.599 	 1.91548e-02 	 1.34646e-02 	 5.69022e-03 
2.593 	 2.09238e-02 	 1.45561e-02 	 6.36775e-03 
2.588 	 2.29353e-02 	 1.57918e-02 	 7.14349e-03 
2.583 	 2.51833e-02 	 1.71668e-02 	 8.01642e-03 
2.577 	 2.76432e-02 	 1.86633e-02 	 8.97984e-03 
2.572 	 3.02671e-02 	 2.02481e-02 	 1.00191e-02 
2.566 	 3.29775e-02 	 2.18689e-02 	 1.11086e-02 
2.561 	 3.56628e-02 	 2.34529e-02 	 1.22099e-02 
2.556 	 3.81780e-02 	 2.49073e-02 	 1.32707e-02 
2.550 	 4.03550e-02 	 2.61268e-02 	 1.42281e-02 
2.545 	 4.20231e-02 	 2.70074e-02 	 1.50157e-02 
2.540 	 4.30382e-02 	 2.74644e-02 	 1.55738e-02 
2.535 	 4.33121e-02 	 2.74504e-02 	 1.58616e-02 
2.530 	 4.28321e-02 	 2.69667e-02 	 1.58655e-02 
2.524 	 4.16625e-02 	 2.60617e-02 	 1.56008e-02 
2.519 	 3.99271e-02 	 2.48199e-02 	 1.51071e-02 
2.514 	 3.77815e-02 	 2.33430e-02 	 1.44385e-02 
2.509 	 3.53847e-02 	 2.17322e-02 	 1.36526e-02 
2.504 	 3.28777e-02 	 2.00751e-02 	 1.28027e-02 
2.499 	 3.03722e-02 	 1.84398e-02 	 1.19325e-02 
2.494 	 2.79484e-02 	 1.68736e-02 	 1.10747e-02 
2.489 	 2.56577e-02 	 1.54061e-02 	 1.02516e-02 
2.484 	 2.35289e-02 	 1.40522e-02 	 9.47670e-03 
2.479 	 2.15739e-02 	 1.28169e-02 	 8.75704e-03 
2.474 	 1.97934e-02 	 1.16984e-02 	 8.09502e-03 
2.469 	 1.81807e-02 	 1.06908e-02 	 7.48993e-03 
2.464 	 1.67249e-02 	 9.78571e-03 	 6.93920e-03 
2.459 	 1.54133e-02 	 8.97412e-03 	 6.43921e-03 
2.454 	 1.42326e-02 	 8.24670e-03 	 5.98586e-03 
2.449 	 1.31695e-02 	 7.59455e-03 	 5.57493e-03 
2.444 	 1.22117e-02 	 7.00937e-03 	 5.20232e-03 
2.440 	 1.13478e-02 	 6.48359e-03 	 4.86417e-03 
2.435 	 1.05673e-02 	 6.01041e-03 	 4.55691e-03 
2.430 	 9.86108e-03 	 5.58378e-03 	 4.27730e-03 
2.425 	 9.22076e-03 	 5.19835e-03 	 4.02241e-03 
2.420 	 8.63906e-03 	 4.84942e-03 	 3.78964e-03 
2.416 	 8.10952e-03 	 4.53285e-03 	 3.57666e-03 
2.411 	 7.62646e-03 	 4.24504e-03 	 3.38142e-03 
2.406 	 7.18489e-03 	 3.98280e-03 	 3.20209e-03 
2.402 	 6.78040e-03 	 3.74336e-03 	 3.03704e-03 
2.397 	 6.40914e-03 	 3.52428e-03 	 2.88486e-03 
2.392 	 6.06767e-03 	 3.32342e-03 	 2.74426e-03 
2.388 	 5.75300e-03 	 3.13888e-03 	 2.61412e-03 
2.383 	 5.46248e-03 	 2.96903e-03 	 2.49345e-03 
2.378 	 5.19375e-03 	 2.81238e-03 	 2.38136e-03 
2.374 	 4.94473e-03 	 2.66766e-03 	 2.27707e-03 
2.369 	 4.71358e-03 	 2.53372e-03 	 2.17986e-03 
2.365 	 4.49865e-03 	 2.40954e-03 	 2.08911e-03 
2.360 	 4.29848e-03 	 2.29422e-03 	 2.00426e-03 
2.356 	 4.11176e-03 	 2.18696e-03 	 1.92480e-03 
2.351 	 3.93732e-03 	 2.08703e-03 	 1.85029e-03 
2.347 	 3.77412e-03 	 1.99380e-03 	 1.78032e-03 
2.342 	 3.62121e-03 	 1.90670e-03 	 1.71451e-03 
2.338 	 3.47776e-03 	 1.82521e-03 	 1.65255e-03 
2.333 	 3.34300e-03 	 1.74887e-03 	 1.59413e-03 
2.329 	 3.21624e-03 	 1.67726e-03 	 1.53898e-03 
2.325 	 3.09686e-03 	 1.61000e-03 	 1.48686e-03 
2.320 	 2.98430e-03 	 1.54675e-03 	 1.43755e-03 
2.316 	 2.87804e-03 	 1.48721e-03 	 1.39084e-03 
2.312 	 2.77763e-03 	 1.43109e-03 	 1.34654e-03 
2.307 	 2.68263e-03 	 1.37814e-03 	 1.30449e-03 
2.303 	 2.59267e-03 	 1.32812e-03 	 1.26454e-03 
2.299 	 2.50738e-03 	 1.28084e-03 	 1.22654e-03 
2.294 	 2.42644e-03 	 1.23608e-03 	 1.19037e-03 
2.290 	 2.34957e-03 	 1.19368e-03 	 1.15590e-03 
2.286 	 2.27648e-03 	 1.15347e-03 	 1.12302e-03 
2.282 	 2.20694e-03 	 1.11530e-03 	 1.09164e-03 
2.277 	 2.14071e-03 	 1.07905e-03 	 1.06166e-03 
2.273 	 2.07757e-03 	 1.04458e-03 	 1.03299e-03 
2.269 	 2.01735e-03 	 1.01178e-03 	 1.00557e-03 
2.265 	 1.95986e-03 	 9.80555e-04 	 9.79308e-04 
2.261 	 1.90494e-03 	 9.50795e-04 	 9.54145e-04 
2.257 	 1.85243e-03 	 9.22413e-04 	 9.30017e-04 
2.252 	 1.80219e-03 	 8.95327e-04 	 9.06864e-04 
2.248 	 1.75409e-03 	 8.69459e-04 	 8.84634e-04 
2.244 	 1.70801e-03 	 8.44739e-04 	 8.63276e-04 
2.240 	 1.66384e-03 	 8.21098e-04 	 8.42742e-04 
2.236 	 1.62146e-03 	 7.98476e-04 	 8.22988e-04 
2.232 	 1.58079e-03 	 7.76814e-04 	 8.03975e-04 
2.228 	 1.54172e-03 	 7.56059e-04 	 7.85662e-04 
2.224 	 1.50418e-03 	 7.36160e-04 	 7.68015e-04 
2.220 	 1.46807e-03 	 7.17072e-04 	 7.51000e-04 
2.216 	 1.43334e-03 	 6.98751e-04 	 7.34586e-04 
2.212 	 1.39990e-03 	 6.81156e-04 	 7.18742e-04 
2.208 	 1.36769e-03 	 6.64249e-04 	 7.03443e-04 
2.204 	 1.33666e-03 	 6.47995e-04 	 6.88661e-04 
2.200 	 1.30673e-03 	 6.32361e-04 	 6.74373e-04 
2.196 	 1.27787e-03 	 6.17315e-04 	 6.60555e-04 
2.192 	 1.25002e-03 	 6.02830e-04 	 6.47187e-04 
2.189 	 1.22312e-03 	 5.88877e-04 	 6.34247e-04 
2.185 	 1.19715e-03 	 5.75430e-04 	 6.21718e-04 
2.181 	 1.17205e-03 	 5.62466e-04 	 6.09580e-04 
2.177 	 1.14778e-03 	 5.49962e-04 	 5.97816e-04 
2.173 	 1.12431e-03 	 5.37896e-04 	 5.86412e-04 
2.169 	 1.10160e-03 	 5.26248e-04 	 5.75351e-04 
2.166 	 1.07962e-03 	 5.14999e-04 	 5.64619e-04 
2.162 	 1.05833e-03 	 5.04130e-04 	 5.54202e-04 
2.158 	 1.03771e-03 	 4.93626e-04 	 5.44087e-04 
2.154 	 1.01773e-03 	 4.83469e-04 	 5.34263e-04 
2.150 	 9.98362e-04 	 4.73645e-04 	 5.24717e-04 
2.147 	 9.79578e-04 	 4.64139e-04 	 5.15439e-04 
2.143 	 9.61355e-04 	 4.54937e-04 	 5.06418e-04 
2.139 	 9.43671e-04 	 4.46027e-04 	 4.97644e-04 
2.136 	 9.26504e-04 	 4.37397e-04 	 4.89107e-04 
2.132 	 9.09834e-04 	 4.29035e-04 	 4.80799e-04 
2.128 	 8.93641e-04 	 4.20929e-04 	 4.72712e-04 
2.124 	 8.77906e-04 	 4.13070e-04 	 4.64836e-04 
2.121 	 8.62612e-04 	 4.05448e-04 	 4.57164e-04 
2.117 	 8.47743e-04 	 3.98053e-04 	 4.49690e-04 
2.114 	 8.33281e-04 	 3.90876e-04 	 4.42405e-04 
2.110 	 8.19212e-04 	 3.83910e-04 	 4.35303e-04 
2.106 	 8.05522e-04 	 3.77144e-04 	 4.28378e-04 
2.103 	 7.92196e-04 	 3.70573e-04 	 4.21623e-04 
2.099 	 7.79221e-04 	 3.64189e-04 	 4.15032e-04 
2.096 	 7.66585e-04 	 3.57984e-04 	 4.08601e-04 
2.092 	 7.54276e-04 	 3.51952e-04 	 4.02324e-04 
2.089 	 7.42281e-04 	 3.46087e-04 	 3.96194e-04 
2.085 	 7.30591e-04 	 3.40382e-04 	 3.90209e-04 
2.081 	 7.19194e-04 	 3.34832e-04 	 3.84362e-04 
2.078 	 7.08080e-04 	 3.29431e-04 	 3.78650e-04 
2.074 	 6.97241e-04 	 3.24173e-04 	 3.73067e-04 
2.071 	 6.86666e-04 	 3.19055e-04 	 3.67611e-04 
2.068 	 6.76346e-04 	 3.14070e-04 	 3.62276e-04 
2.064 	 6.66275e-04 	 3.09215e-04 	 3.57060e-04 
2.061 	 6.56442e-04 	 3.04484e-04 	 3.51958e-04 
2.057 	 6.46841e-04 	 2.99875e-04 	 3.46967e-04 
2.054 	 6.37465e-04 	 2.95381e-04 	 3.42083e-04 
2.050 	 6.28305e-04 	 2.91001e-04 	 3.37304e-04 
2.047 	 6.19356e-04 	 2.86730e-04 	 3.32626e-04 
2.044 	 6.10610e-04 	 2.82563e-04 	 3.28047e-04 
2.040 	 6.02062e-04 	 2.78499e-04 	 3.23562e-04 
2.037 	 5.93705e-04 	 2.74534e-04 	 3.19171e-04 
2.033 	 5.85533e-04 	 2.70664e-04 	 3.14869e-04 
2.030 	 5.77541e-04 	 2.66887e-04 	 3.10654e-04 
2.027 	 5.69723e-04 	 2.63199e-04 	 3.06525e-04 
2.023 	 5.62075e-04 	 2.59598e-04 	 3.02477e-04 
2.020 	 5.54591e-04 	 2.56081e-04 	 2.98510e-04 
2.017 	 5.47266e-04 	 2.52645e-04 	 2.94621e-04 
2.014 	 5.40096e-04 	 2.49288e-04 	 2.90808e-04 
2.010 	 5.33077e-04 	 2.46008e-04 	 2.87069e-04 
2.007 	 5.26203e-04 	 2.42802e-04 	 2.83401e-04 
2.004 	 5.19471e-04 	 2.39668e-04 	 2.79803e-04 
2.000 	 5.12877e-04 	 2.36604e-04 	 2.76273e-04 
1.997 	 5.06417e-04 	 2.33607e-04 	 2.72810e-04 
1.994 	 5.00087e-04 	 2.30677e-04 	 2.69410e-04 
1.991 	 4.93884e-04 	 2.27810e-04 	 2.66074e-04 
1.988 	 4.87805e-04 	 2.25006e-04 	 2.62799e-04 
1.984 	 4.81845e-04 	 2.22262e-04 	 2.59583e-04 
1.981 	 4.76003e-04 	 2.19577e-04 	 2.56426e-04 
1.978 	 4.70274e-04 	 2.16949e-04 	 2.53325e-04 
1.975 	 4.64656e-04 	 2.14376e-04 	 2.50280e-04 
1.972 	 4.59146e-04 	 2.11857e-04 	 2.47289e-04 
1.969 	 4.53741e-04 	 2.09391e-04 	 2.44350e-04 
1.965 	 4.48439e-04 	 2.06976e-04 	 2.41463e-04 
1.962 	 4.43236e-04 	 2.04611e-04 	 2.38625e-04 
1.959 	 4.38130e-04 	 2.02294e-04 	 2.35837e-04 
1.956 	 4.33119e-04 	 2.00023e-04 	 2.33096e-04 
1.953 	 4.28201e-04 	 1.97799e-04 	 2.30402e-04 
1.950 	 4.23372e-04 	 1.95619e-04 	 2.27753e-04 
1.947 	 4.18631e-04 	 1.93483e-04 	 2.25148e-04 
1.944 	 4.13976e-04 	 1.91388e-04 	 2.22587e-04 
1.941 	 4.09404e-04 	 1.89335e-04 	 2.20069e-04 
1.938 	 4.04913e-04 	 1.87322e-04 	 2.17591e-04 
1.935 	 4.00502e-04 	 1.85347e-04 	 2.15155e-04 
1.932 	 3.96168e-04 	 1.83411e-04 	 2.12757e-04 
1.929 	 3.91910e-04 	 1.81512e-04 	 2.10399e-04 
1.926 	 3.87726e-04 	 1.79648e-04 	 2.08078e-04 
1.923 	 3.83614e-04 	 1.77820e-04 	 2.05794e-04 
1.920 	 3.79572e-04 	 1.76026e-04 	 2.03546e-04 
1.917 	 3.75600e-04 	 1.74266e-04 	 2.01334e-04 
1.914 	 3.71695e-04 	 1.72539e-04 	 1.99156e-04 
1.911 	 3.67855e-04 	 1.70843e-04 	 1.97012e-04 
1.908 	 3.64080e-04 	 1.69179e-04 	 1.94901e-04 
