Energy [eV] Ext Cross [um^2] Abs Cross [um^2] Sca Cross [um^2] 
2.756 	 1.53660e-03 	 1.39940e-03 	 1.37205e-04 
2.749 	 1.65683e-03 	 1.50406e-03 	 1.52771e-04 
2.743 	 1.79072e-03 	 1.62042e-03 	 1.70305e-04 
2.737 	 1.94024e-03 	 1.75013e-03 	 1.90117e-04 
2.731 	 2.10775e-03 	 1.89517e-03 	 2.12575e-04 
2.725 	 2.29608e-03 	 2.05797e-03 	 2.38105e-04 
2.719 	 2.50860e-03 	 2.24138e-03 	 2.67219e-04 
2.713 	 2.74923e-03 	 2.44870e-03 	 3.00533e-04 
2.707 	 3.02254e-03 	 2.68375e-03 	 3.38792e-04 
2.701 	 3.33372e-03 	 2.95082e-03 	 3.82901e-04 
2.695 	 3.68851e-03 	 3.25456e-03 	 4.33949e-04 
2.689 	 4.09317e-03 	 3.59992e-03 	 4.93252e-04 
2.684 	 4.55468e-03 	 3.99228e-03 	 5.62402e-04 
2.678 	 5.08152e-03 	 4.43820e-03 	 6.43328e-04 
2.672 	 5.68501e-03 	 4.94666e-03 	 7.38349e-04 
2.666 	 6.38040e-03 	 5.53017e-03 	 8.50231e-04 
2.660 	 7.18673e-03 	 6.20454e-03 	 9.82187e-04 
2.655 	 8.12523e-03 	 6.98740e-03 	 1.13784e-03 
2.649 	 9.21709e-03 	 7.89603e-03 	 1.32105e-03 
2.643 	 1.04802e-02 	 8.94467e-03 	 1.53555e-03 
2.638 	 1.19244e-02 	 1.01403e-02 	 1.78411e-03 
2.632 	 1.35434e-02 	 1.14763e-02 	 2.06718e-03 
2.627 	 1.53029e-02 	 1.29221e-02 	 2.38081e-03 
2.621 	 1.71267e-02 	 1.44127e-02 	 2.71396e-03 
2.615 	 1.88857e-02 	 1.58395e-02 	 3.04620e-03 
2.610 	 2.04010e-02 	 1.70535e-02 	 3.34750e-03 
2.604 	 2.14722e-02 	 1.78899e-02 	 3.58230e-03 
2.599 	 2.19326e-02 	 1.82140e-02 	 3.71861e-03 
2.593 	 2.17087e-02 	 1.79699e-02 	 3.73886e-03 
2.588 	 2.08499e-02 	 1.72037e-02 	 3.64621e-03 
2.583 	 1.95062e-02 	 1.60438e-02 	 3.46234e-03 
2.577 	 1.78714e-02 	 1.46529e-02 	 3.21850e-03 
2.572 	 1.61265e-02 	 1.31809e-02 	 2.94562e-03 
2.566 	 1.44074e-02 	 1.17393e-02 	 2.66818e-03 
2.561 	 1.27988e-02 	 1.03964e-02 	 2.40241e-03 
2.556 	 1.13430e-02 	 9.18564e-03 	 2.15732e-03 
2.550 	 1.00529e-02 	 8.11622e-03 	 1.93668e-03 
2.545 	 8.92434e-03 	 7.18338e-03 	 1.74096e-03 
2.540 	 7.94411e-03 	 6.37526e-03 	 1.56885e-03 
2.535 	 7.09551e-03 	 5.67736e-03 	 1.41815e-03 
2.530 	 6.36133e-03 	 5.07494e-03 	 1.28639e-03 
2.524 	 5.72545e-03 	 4.55432e-03 	 1.17113e-03 
2.519 	 5.17348e-03 	 4.10334e-03 	 1.07013e-03 
2.514 	 4.69292e-03 	 3.71151e-03 	 9.81414e-04 
2.509 	 4.27311e-03 	 3.36987e-03 	 9.03236e-04 
2.504 	 3.90501e-03 	 3.07089e-03 	 8.34114e-04 
2.499 	 3.58101e-03 	 2.80823e-03 	 7.72782e-04 
2.494 	 3.29474e-03 	 2.57657e-03 	 7.18165e-04 
2.489 	 3.04084e-03 	 2.37149e-03 	 6.69353e-04 
2.484 	 2.81482e-03 	 2.18925e-03 	 6.25574e-04 
2.479 	 2.61289e-03 	 2.02672e-03 	 5.86175e-04 
2.474 	 2.43186e-03 	 1.88126e-03 	 5.50600e-04 
2.469 	 2.26903e-03 	 1.75065e-03 	 5.18374e-04 
2.464 	 2.12208e-03 	 1.63299e-03 	 4.89090e-04 
2.459 	 1.98906e-03 	 1.52666e-03 	 4.62403e-04 
2.454 	 1.86831e-03 	 1.43030e-03 	 4.38012e-04 
2.449 	 1.75837e-03 	 1.34271e-03 	 4.15660e-04 
2.444 	 1.65802e-03 	 1.26290e-03 	 3.95124e-04 
2.440 	 1.56619e-03 	 1.18998e-03 	 3.76210e-04 
2.435 	 1.48196e-03 	 1.12321e-03 	 3.58750e-04 
2.430 	 1.40450e-03 	 1.06191e-03 	 3.42594e-04 
2.425 	 1.33313e-03 	 1.00551e-03 	 3.27615e-04 
2.420 	 1.26721e-03 	 9.53517e-04 	 3.13696e-04 
2.416 	 1.20622e-03 	 9.05482e-04 	 3.00740e-04 
2.411 	 1.14968e-03 	 8.61021e-04 	 2.88655e-04 
2.406 	 1.09715e-03 	 8.19791e-04 	 2.77363e-04 
2.402 	 1.04828e-03 	 7.81489e-04 	 2.66795e-04 
2.397 	 1.00273e-03 	 7.45846e-04 	 2.56887e-04 
2.392 	 9.60208e-04 	 7.12624e-04 	 2.47584e-04 
2.388 	 9.20444e-04 	 6.81610e-04 	 2.38835e-04 
2.383 	 8.83208e-04 	 6.52613e-04 	 2.30596e-04 
2.378 	 8.48288e-04 	 6.25463e-04 	 2.22826e-04 
2.374 	 8.15495e-04 	 6.00007e-04 	 2.15488e-04 
2.369 	 7.84659e-04 	 5.76108e-04 	 2.08551e-04 
2.365 	 7.55626e-04 	 5.53642e-04 	 2.01983e-04 
2.360 	 7.28256e-04 	 5.32497e-04 	 1.95759e-04 
2.356 	 7.02424e-04 	 5.12571e-04 	 1.89852e-04 
2.351 	 6.78014e-04 	 4.93773e-04 	 1.84241e-04 
2.347 	 6.54925e-04 	 4.76019e-04 	 1.78906e-04 
2.342 	 6.33061e-04 	 4.59233e-04 	 1.73828e-04 
2.338 	 6.12336e-04 	 4.43347e-04 	 1.68989e-04 
2.333 	 5.92672e-04 	 4.28298e-04 	 1.64374e-04 
2.329 	 5.73997e-04 	 4.14028e-04 	 1.59969e-04 
2.325 	 5.56245e-04 	 4.00485e-04 	 1.55760e-04 
2.320 	 5.39355e-04 	 3.87619e-04 	 1.51736e-04 
2.316 	 5.23271e-04 	 3.75387e-04 	 1.47884e-04 
2.312 	 5.07943e-04 	 3.63747e-04 	 1.44196e-04 
2.307 	 4.93322e-04 	 3.52662e-04 	 1.40660e-04 
2.303 	 4.79365e-04 	 3.42097e-04 	 1.37268e-04 
2.299 	 4.66032e-04 	 3.32019e-04 	 1.34013e-04 
2.294 	 4.53285e-04 	 3.22400e-04 	 1.30885e-04 
2.290 	 4.41089e-04 	 3.13211e-04 	 1.27879e-04 
2.286 	 4.29414e-04 	 3.04427e-04 	 1.24987e-04 
2.282 	 4.18228e-04 	 2.96024e-04 	 1.22204e-04 
2.277 	 4.07504e-04 	 2.87981e-04 	 1.19523e-04 
2.273 	 3.97217e-04 	 2.80277e-04 	 1.16940e-04 
2.269 	 3.87343e-04 	 2.72894e-04 	 1.14449e-04 
2.265 	 3.77860e-04 	 2.65814e-04 	 1.12046e-04 
2.261 	 3.68747e-04 	 2.59021e-04 	 1.09726e-04 
2.257 	 3.59985e-04 	 2.52499e-04 	 1.07486e-04 
2.252 	 3.51556e-04 	 2.46235e-04 	 1.05321e-04 
2.248 	 3.43442e-04 	 2.40214e-04 	 1.03228e-04 
2.244 	 3.35628e-04 	 2.34425e-04 	 1.01203e-04 
2.240 	 3.28100e-04 	 2.28856e-04 	 9.92441e-05 
2.236 	 3.20842e-04 	 2.23495e-04 	 9.73474e-05 
2.232 	 3.13842e-04 	 2.18332e-04 	 9.55101e-05 
2.228 	 3.07087e-04 	 2.13358e-04 	 9.37298e-05 
2.224 	 3.00566e-04 	 2.08563e-04 	 9.20038e-05 
2.220 	 2.94268e-04 	 2.03938e-04 	 9.03298e-05 
2.216 	 2.88182e-04 	 1.99477e-04 	 8.87055e-05 
2.212 	 2.82299e-04 	 1.95170e-04 	 8.71289e-05 
2.208 	 2.76609e-04 	 1.91011e-04 	 8.55980e-05 
2.204 	 2.71104e-04 	 1.86993e-04 	 8.41108e-05 
2.200 	 2.65776e-04 	 1.83111e-04 	 8.26657e-05 
2.196 	 2.60618e-04 	 1.79357e-04 	 8.12608e-05 
2.192 	 2.55621e-04 	 1.75726e-04 	 7.98947e-05 
2.189 	 2.50779e-04 	 1.72213e-04 	 7.85658e-05 
2.185 	 2.46086e-04 	 1.68813e-04 	 7.72726e-05 
2.181 	 2.41535e-04 	 1.65521e-04 	 7.60138e-05 
2.177 	 2.37121e-04 	 1.62333e-04 	 7.47881e-05 
2.173 	 2.32837e-04 	 1.59243e-04 	 7.35942e-05 
2.169 	 2.28680e-04 	 1.56249e-04 	 7.24309e-05 
2.166 	 2.24643e-04 	 1.53346e-04 	 7.12972e-05 
2.162 	 2.20722e-04 	 1.50530e-04 	 7.01920e-05 
2.158 	 2.16913e-04 	 1.47799e-04 	 6.91142e-05 
2.154 	 2.13211e-04 	 1.45148e-04 	 6.80628e-05 
2.150 	 2.09612e-04 	 1.42575e-04 	 6.70370e-05 
2.147 	 2.06112e-04 	 1.40076e-04 	 6.60358e-05 
2.143 	 2.02707e-04 	 1.37649e-04 	 6.50584e-05 
2.139 	 1.99395e-04 	 1.35291e-04 	 6.41041e-05 
2.136 	 1.96171e-04 	 1.32999e-04 	 6.31719e-05 
2.132 	 1.93032e-04 	 1.30771e-04 	 6.22612e-05 
2.128 	 1.89975e-04 	 1.28604e-04 	 6.13713e-05 
2.124 	 1.86998e-04 	 1.26497e-04 	 6.05014e-05 
2.121 	 1.84098e-04 	 1.24447e-04 	 5.96511e-05 
2.117 	 1.81271e-04 	 1.22451e-04 	 5.88195e-05 
2.114 	 1.78516e-04 	 1.20509e-04 	 5.80062e-05 
2.110 	 1.75829e-04 	 1.18619e-04 	 5.72105e-05 
2.106 	 1.73209e-04 	 1.16777e-04 	 5.64320e-05 
2.103 	 1.70654e-04 	 1.14984e-04 	 5.56700e-05 
2.099 	 1.68160e-04 	 1.13236e-04 	 5.49241e-05 
2.096 	 1.65727e-04 	 1.11533e-04 	 5.41938e-05 
2.092 	 1.63351e-04 	 1.09873e-04 	 5.34787e-05 
2.089 	 1.61032e-04 	 1.08254e-04 	 5.27782e-05 
2.085 	 1.58768e-04 	 1.06676e-04 	 5.20920e-05 
2.081 	 1.56556e-04 	 1.05136e-04 	 5.14196e-05 
2.078 	 1.54395e-04 	 1.03635e-04 	 5.07606e-05 
2.074 	 1.52284e-04 	 1.02169e-04 	 5.01147e-05 
2.071 	 1.50220e-04 	 1.00739e-04 	 4.94815e-05 
2.068 	 1.48203e-04 	 9.93424e-05 	 4.88606e-05 
2.064 	 1.46231e-04 	 9.79792e-05 	 4.82516e-05 
2.061 	 1.44302e-04 	 9.66479e-05 	 4.76544e-05 
2.057 	 1.42416e-04 	 9.53476e-05 	 4.70685e-05 
2.054 	 1.40571e-04 	 9.40773e-05 	 4.64936e-05 
2.050 	 1.38766e-04 	 9.28361e-05 	 4.59294e-05 
2.047 	 1.36999e-04 	 9.16232e-05 	 4.53757e-05 
2.044 	 1.35270e-04 	 9.04377e-05 	 4.48322e-05 
2.040 	 1.33577e-04 	 8.92787e-05 	 4.42986e-05 
2.037 	 1.31920e-04 	 8.81455e-05 	 4.37746e-05 
2.033 	 1.30297e-04 	 8.70374e-05 	 4.32600e-05 
2.030 	 1.28708e-04 	 8.59535e-05 	 4.27546e-05 
2.027 	 1.27151e-04 	 8.48932e-05 	 4.22582e-05 
2.023 	 1.25626e-04 	 8.38558e-05 	 4.17704e-05 
2.020 	 1.24132e-04 	 8.28407e-05 	 4.12911e-05 
2.017 	 1.22667e-04 	 8.18471e-05 	 4.08201e-05 
2.014 	 1.21232e-04 	 8.08746e-05 	 4.03572e-05 
2.010 	 1.19825e-04 	 7.99225e-05 	 3.99021e-05 
2.007 	 1.18445e-04 	 7.89902e-05 	 3.94548e-05 
2.004 	 1.17092e-04 	 7.80771e-05 	 3.90149e-05 
2.000 	 1.15765e-04 	 7.71829e-05 	 3.85824e-05 
1.997 	 1.14464e-04 	 7.63069e-05 	 3.81570e-05 
1.994 	 1.13187e-04 	 7.54487e-05 	 3.77386e-05 
1.991 	 1.11935e-04 	 7.46077e-05 	 3.73271e-05 
1.988 	 1.10706e-04 	 7.37837e-05 	 3.69222e-05 
1.984 	 1.09500e-04 	 7.29760e-05 	 3.65238e-05 
1.981 	 1.08316e-04 	 7.21844e-05 	 3.61318e-05 
1.978 	 1.07154e-04 	 7.14083e-05 	 3.57460e-05 
1.975 	 1.06014e-04 	 7.06474e-05 	 3.53663e-05 
1.972 	 1.04894e-04 	 6.99013e-05 	 3.49925e-05 
1.969 	 1.03794e-04 	 6.91696e-05 	 3.46246e-05 
1.965 	 1.02714e-04 	 6.84520e-05 	 3.42624e-05 
1.962 	 1.01654e-04 	 6.77480e-05 	 3.39057e-05 
1.959 	 1.00612e-04 	 6.70574e-05 	 3.35545e-05 
1.956 	 9.95885e-05 	 6.63799e-05 	 3.32086e-05 
1.953 	 9.85829e-05 	 6.57150e-05 	 3.28679e-05 
1.950 	 9.75948e-05 	 6.50624e-05 	 3.25324e-05 
1.947 	 9.66238e-05 	 6.44220e-05 	 3.22018e-05 
1.944 	 9.56694e-05 	 6.37933e-05 	 3.18761e-05 
1.941 	 9.47313e-05 	 6.31761e-05 	 3.15552e-05 
1.938 	 9.38091e-05 	 6.25700e-05 	 3.12390e-05 
1.935 	 9.29024e-05 	 6.19749e-05 	 3.09274e-05 
1.932 	 9.20108e-05 	 6.13905e-05 	 3.06203e-05 
1.929 	 9.11341e-05 	 6.08164e-05 	 3.03177e-05 
1.926 	 9.02719e-05 	 6.02526e-05 	 3.00193e-05 
1.923 	 8.94238e-05 	 5.96987e-05 	 2.97252e-05 
1.920 	 8.85897e-05 	 5.91545e-05 	 2.94352e-05 
1.917 	 8.77691e-05 	 5.86198e-05 	 2.91493e-05 
1.914 	 8.69618e-05 	 5.80945e-05 	 2.88673e-05 
1.911 	 8.61675e-05 	 5.75782e-05 	 2.85893e-05 
1.908 	 8.53860e-05 	 5.70708e-05 	 2.83152e-05 
