Energy [eV] Ext Cross [um^2] Abs Cross [um^2] Sca Cross [um^2] 
2.756 	 1.17706e-04 	 1.16759e-04 	 9.47784e-07 
2.749 	 1.27741e-04 	 1.26676e-04 	 1.06542e-06 
2.743 	 1.39049e-04 	 1.37850e-04 	 1.19993e-06 
2.737 	 1.51839e-04 	 1.50484e-04 	 1.35442e-06 
2.731 	 1.66363e-04 	 1.64830e-04 	 1.53262e-06 
2.725 	 1.82937e-04 	 1.81198e-04 	 1.73902e-06 
2.719 	 2.01945e-04 	 1.99966e-04 	 1.97916e-06 
2.713 	 2.23854e-04 	 2.21594e-04 	 2.25993e-06 
2.707 	 2.49239e-04 	 2.46649e-04 	 2.58992e-06 
2.701 	 2.78805e-04 	 2.75826e-04 	 2.97989e-06 
2.695 	 3.13415e-04 	 3.09972e-04 	 3.44326e-06 
2.689 	 3.54125e-04 	 3.50128e-04 	 3.99684e-06 
2.684 	 4.02231e-04 	 3.97569e-04 	 4.66166e-06 
2.678 	 4.59331e-04 	 4.53867e-04 	 5.46394e-06 
2.672 	 5.27368e-04 	 5.20932e-04 	 6.43586e-06 
2.666 	 6.08626e-04 	 6.01010e-04 	 7.61595e-06 
2.660 	 7.05586e-04 	 6.96538e-04 	 9.04766e-06 
2.655 	 8.20553e-04 	 8.09778e-04 	 1.07750e-05 
2.649 	 9.54889e-04 	 9.42057e-04 	 1.28322e-05 
2.643 	 1.10761e-03 	 1.09239e-03 	 1.52233e-05 
2.638 	 1.27326e-03 	 1.25537e-03 	 1.78883e-05 
2.632 	 1.43939e-03 	 1.41873e-03 	 2.06609e-05 
2.627 	 1.58544e-03 	 1.56220e-03 	 2.32405e-05 
2.621 	 1.68573e-03 	 1.66051e-03 	 2.52247e-05 
2.615 	 1.71829e-03 	 1.69205e-03 	 2.62351e-05 
2.610 	 1.67549e-03 	 1.64940e-03 	 2.60899e-05 
2.604 	 1.56826e-03 	 1.54337e-03 	 2.48931e-05 
2.599 	 1.41998e-03 	 1.39702e-03 	 2.29645e-05 
2.593 	 1.25558e-03 	 1.23490e-03 	 2.06787e-05 
2.588 	 1.09396e-03 	 1.07562e-03 	 1.83394e-05 
2.583 	 9.46022e-04 	 9.29886e-04 	 1.61363e-05 
2.577 	 8.16254e-04 	 8.02094e-04 	 1.41603e-05 
2.572 	 7.05177e-04 	 6.92740e-04 	 1.24372e-05 
2.566 	 6.11319e-04 	 6.00361e-04 	 1.09576e-05 
2.561 	 5.32450e-04 	 5.22753e-04 	 9.69607e-06 
2.556 	 4.66240e-04 	 4.57617e-04 	 8.62292e-06 
2.550 	 4.10552e-04 	 4.02843e-04 	 7.70904e-06 
2.545 	 3.63541e-04 	 3.56613e-04 	 6.92850e-06 
2.540 	 3.23671e-04 	 3.17412e-04 	 6.25908e-06 
2.535 	 2.89679e-04 	 2.83997e-04 	 5.68221e-06 
2.530 	 2.60541e-04 	 2.55358e-04 	 5.18259e-06 
2.524 	 2.35426e-04 	 2.30678e-04 	 4.74763e-06 
2.519 	 2.13663e-04 	 2.09296e-04 	 4.36702e-06 
2.514 	 1.94706e-04 	 1.90674e-04 	 4.03232e-06 
2.509 	 1.78111e-04 	 1.74375e-04 	 3.73658e-06 
2.504 	 1.63514e-04 	 1.60040e-04 	 3.47405e-06 
2.499 	 1.50615e-04 	 1.47375e-04 	 3.23997e-06 
2.494 	 1.39168e-04 	 1.36138e-04 	 3.03040e-06 
2.489 	 1.28968e-04 	 1.26126e-04 	 2.84202e-06 
2.484 	 1.19843e-04 	 1.17171e-04 	 2.67206e-06 
2.479 	 1.11650e-04 	 1.09132e-04 	 2.51817e-06 
2.474 	 1.04269e-04 	 1.01891e-04 	 2.37836e-06 
2.469 	 9.75974e-05 	 9.53464e-05 	 2.25093e-06 
2.464 	 9.15481e-05 	 8.94137e-05 	 2.13445e-06 
2.459 	 8.60470e-05 	 8.40193e-05 	 2.02767e-06 
2.454 	 8.10304e-05 	 7.91009e-05 	 1.92952e-06 
2.449 	 7.64436e-05 	 7.46046e-05 	 1.83906e-06 
2.444 	 7.22394e-05 	 7.04839e-05 	 1.75549e-06 
2.440 	 6.83768e-05 	 6.66987e-05 	 1.67812e-06 
2.435 	 6.48199e-05 	 6.32136e-05 	 1.60632e-06 
2.430 	 6.15375e-05 	 5.99980e-05 	 1.53956e-06 
2.425 	 5.85022e-05 	 5.70249e-05 	 1.47736e-06 
2.420 	 5.56900e-05 	 5.42707e-05 	 1.41929e-06 
2.416 	 5.30795e-05 	 5.17145e-05 	 1.36499e-06 
2.411 	 5.06519e-05 	 4.93378e-05 	 1.31413e-06 
2.406 	 4.83907e-05 	 4.71243e-05 	 1.26640e-06 
2.402 	 4.62810e-05 	 4.50595e-05 	 1.22154e-06 
2.397 	 4.43096e-05 	 4.31303e-05 	 1.17932e-06 
2.392 	 4.24646e-05 	 4.13251e-05 	 1.13952e-06 
2.388 	 4.07355e-05 	 3.96335e-05 	 1.10196e-06 
2.383 	 3.91127e-05 	 3.80462e-05 	 1.06646e-06 
2.378 	 3.75877e-05 	 3.65548e-05 	 1.03287e-06 
2.374 	 3.61528e-05 	 3.51517e-05 	 1.00104e-06 
2.369 	 3.48009e-05 	 3.38301e-05 	 9.70843e-07 
2.365 	 3.35259e-05 	 3.25837e-05 	 9.42169e-07 
2.360 	 3.23220e-05 	 3.14070e-05 	 9.14909e-07 
2.356 	 3.11838e-05 	 3.02949e-05 	 8.88966e-07 
2.351 	 3.01068e-05 	 2.92426e-05 	 8.64252e-07 
2.347 	 2.90867e-05 	 2.82460e-05 	 8.40685e-07 
2.342 	 2.81193e-05 	 2.73011e-05 	 8.18193e-07 
2.338 	 2.72013e-05 	 2.64046e-05 	 7.96705e-07 
2.333 	 2.63293e-05 	 2.55531e-05 	 7.76161e-07 
2.329 	 2.55002e-05 	 2.47437e-05 	 7.56502e-07 
2.325 	 2.47112e-05 	 2.39736e-05 	 7.37675e-07 
2.320 	 2.39599e-05 	 2.32403e-05 	 7.19630e-07 
2.316 	 2.32439e-05 	 2.25415e-05 	 7.02321e-07 
2.312 	 2.25608e-05 	 2.18751e-05 	 6.85707e-07 
2.307 	 2.19089e-05 	 2.12391e-05 	 6.69749e-07 
2.303 	 2.12861e-05 	 2.06317e-05 	 6.54409e-07 
2.299 	 2.06907e-05 	 2.00510e-05 	 6.39654e-07 
2.294 	 2.01212e-05 	 1.94957e-05 	 6.25453e-07 
2.290 	 1.95760e-05 	 1.89642e-05 	 6.11775e-07 
2.286 	 1.90537e-05 	 1.84551e-05 	 5.98595e-07 
2.282 	 1.85531e-05 	 1.79673e-05 	 5.85885e-07 
2.277 	 1.80730e-05 	 1.74994e-05 	 5.73622e-07 
2.273 	 1.76123e-05 	 1.70505e-05 	 5.61785e-07 
2.269 	 1.71699e-05 	 1.66196e-05 	 5.50352e-07 
2.265 	 1.67449e-05 	 1.62056e-05 	 5.39304e-07 
2.261 	 1.63364e-05 	 1.58078e-05 	 5.28622e-07 
2.257 	 1.59436e-05 	 1.54253e-05 	 5.18289e-07 
2.252 	 1.55655e-05 	 1.50572e-05 	 5.08290e-07 
2.248 	 1.52016e-05 	 1.47030e-05 	 4.98608e-07 
2.244 	 1.48511e-05 	 1.43619e-05 	 4.89230e-07 
2.240 	 1.45133e-05 	 1.40332e-05 	 4.80142e-07 
2.236 	 1.41877e-05 	 1.37164e-05 	 4.71330e-07 
2.232 	 1.38736e-05 	 1.34108e-05 	 4.62784e-07 
2.228 	 1.35705e-05 	 1.31160e-05 	 4.54492e-07 
2.224 	 1.32779e-05 	 1.28315e-05 	 4.46442e-07 
2.220 	 1.29953e-05 	 1.25567e-05 	 4.38625e-07 
2.216 	 1.27223e-05 	 1.22912e-05 	 4.31031e-07 
2.212 	 1.24583e-05 	 1.20347e-05 	 4.23652e-07 
2.208 	 1.22031e-05 	 1.17866e-05 	 4.16477e-07 
2.204 	 1.19562e-05 	 1.15467e-05 	 4.09500e-07 
2.200 	 1.17172e-05 	 1.13145e-05 	 4.02712e-07 
2.196 	 1.14859e-05 	 1.10898e-05 	 3.96106e-07 
2.192 	 1.12619e-05 	 1.08722e-05 	 3.89675e-07 
2.189 	 1.10449e-05 	 1.06614e-05 	 3.83413e-07 
2.185 	 1.08345e-05 	 1.04572e-05 	 3.77313e-07 
2.181 	 1.06306e-05 	 1.02593e-05 	 3.71370e-07 
2.177 	 1.04329e-05 	 1.00673e-05 	 3.65577e-07 
2.173 	 1.02411e-05 	 9.88117e-06 	 3.59928e-07 
2.169 	 1.00550e-05 	 9.70056e-06 	 3.54420e-07 
2.166 	 9.87431e-06 	 9.52526e-06 	 3.49047e-07 
2.162 	 9.69889e-06 	 9.35509e-06 	 3.43803e-07 
2.158 	 9.52851e-06 	 9.18982e-06 	 3.38686e-07 
2.154 	 9.36298e-06 	 9.02929e-06 	 3.33689e-07 
2.150 	 9.20211e-06 	 8.87330e-06 	 3.28810e-07 
2.147 	 9.04573e-06 	 8.72168e-06 	 3.24044e-07 
2.143 	 8.89367e-06 	 8.57428e-06 	 3.19388e-07 
2.139 	 8.74577e-06 	 8.43093e-06 	 3.14837e-07 
2.136 	 8.60188e-06 	 8.29149e-06 	 3.10389e-07 
2.132 	 8.46185e-06 	 8.15581e-06 	 3.06040e-07 
2.128 	 8.32555e-06 	 8.02377e-06 	 3.01788e-07 
2.124 	 8.19285e-06 	 7.89522e-06 	 2.97628e-07 
2.121 	 8.06361e-06 	 7.77006e-06 	 2.93558e-07 
2.117 	 7.93773e-06 	 7.64815e-06 	 2.89575e-07 
2.114 	 7.81507e-06 	 7.52939e-06 	 2.85677e-07 
2.110 	 7.69553e-06 	 7.41367e-06 	 2.81861e-07 
2.106 	 7.57901e-06 	 7.30089e-06 	 2.78125e-07 
2.103 	 7.46540e-06 	 7.19094e-06 	 2.74465e-07 
2.099 	 7.35461e-06 	 7.08373e-06 	 2.70881e-07 
2.096 	 7.24654e-06 	 6.97918e-06 	 2.67369e-07 
2.092 	 7.14111e-06 	 6.87718e-06 	 2.63928e-07 
2.089 	 7.03822e-06 	 6.77767e-06 	 2.60556e-07 
2.085 	 6.93780e-06 	 6.68055e-06 	 2.57250e-07 
2.081 	 6.83977e-06 	 6.58576e-06 	 2.54009e-07 
2.078 	 6.74404e-06 	 6.49321e-06 	 2.50831e-07 
2.074 	 6.65055e-06 	 6.40284e-06 	 2.47714e-07 
2.071 	 6.55923e-06 	 6.31458e-06 	 2.44656e-07 
2.068 	 6.47001e-06 	 6.22835e-06 	 2.41657e-07 
2.064 	 6.38283e-06 	 6.14411e-06 	 2.38713e-07 
2.061 	 6.29762e-06 	 6.06179e-06 	 2.35825e-07 
2.057 	 6.21433e-06 	 5.98134e-06 	 2.32990e-07 
2.054 	 6.13289e-06 	 5.90268e-06 	 2.30207e-07 
2.050 	 6.05326e-06 	 5.82578e-06 	 2.27474e-07 
2.047 	 5.97537e-06 	 5.75058e-06 	 2.24791e-07 
2.044 	 5.89919e-06 	 5.67703e-06 	 2.22156e-07 
2.040 	 5.82466e-06 	 5.60509e-06 	 2.19567e-07 
2.037 	 5.75172e-06 	 5.53470e-06 	 2.17025e-07 
2.033 	 5.68034e-06 	 5.46582e-06 	 2.14526e-07 
2.030 	 5.61048e-06 	 5.39841e-06 	 2.12072e-07 
2.027 	 5.54208e-06 	 5.33242e-06 	 2.09659e-07 
2.023 	 5.47511e-06 	 5.26782e-06 	 2.07288e-07 
2.020 	 5.40952e-06 	 5.20457e-06 	 2.04957e-07 
2.017 	 5.34529e-06 	 5.14262e-06 	 2.02665e-07 
2.014 	 5.28236e-06 	 5.08195e-06 	 2.00411e-07 
2.010 	 5.22071e-06 	 5.02252e-06 	 1.98195e-07 
2.007 	 5.16031e-06 	 4.96429e-06 	 1.96016e-07 
2.004 	 5.10111e-06 	 4.90723e-06 	 1.93872e-07 
2.000 	 5.04308e-06 	 4.85132e-06 	 1.91764e-07 
1.997 	 4.98620e-06 	 4.79651e-06 	 1.89689e-07 
1.994 	 4.93043e-06 	 4.74278e-06 	 1.87647e-07 
1.991 	 4.87575e-06 	 4.69011e-06 	 1.85639e-07 
1.988 	 4.82213e-06 	 4.63847e-06 	 1.83662e-07 
1.984 	 4.76954e-06 	 4.58783e-06 	 1.81716e-07 
1.981 	 4.71796e-06 	 4.53816e-06 	 1.79800e-07 
1.978 	 4.66735e-06 	 4.48944e-06 	 1.77914e-07 
1.975 	 4.61771e-06 	 4.44165e-06 	 1.76058e-07 
1.972 	 4.56899e-06 	 4.39476e-06 	 1.74230e-07 
1.969 	 4.52119e-06 	 4.34876e-06 	 1.72430e-07 
1.965 	 4.47427e-06 	 4.30361e-06 	 1.70657e-07 
1.962 	 4.42822e-06 	 4.25931e-06 	 1.68911e-07 
1.959 	 4.38301e-06 	 4.21582e-06 	 1.67190e-07 
1.956 	 4.33862e-06 	 4.17313e-06 	 1.65496e-07 
1.953 	 4.29504e-06 	 4.13121e-06 	 1.63826e-07 
1.950 	 4.25224e-06 	 4.09005e-06 	 1.62182e-07 
1.947 	 4.21020e-06 	 4.04964e-06 	 1.60561e-07 
1.944 	 4.16891e-06 	 4.00994e-06 	 1.58963e-07 
1.941 	 4.12834e-06 	 3.97095e-06 	 1.57389e-07 
1.938 	 4.08849e-06 	 3.93265e-06 	 1.55837e-07 
1.935 	 4.04933e-06 	 3.89502e-06 	 1.54307e-07 
1.932 	 4.01084e-06 	 3.85804e-06 	 1.52799e-07 
1.929 	 3.97302e-06 	 3.82171e-06 	 1.51313e-07 
1.926 	 3.93585e-06 	 3.78600e-06 	 1.49847e-07 
1.923 	 3.89931e-06 	 3.75091e-06 	 1.48401e-07 
1.920 	 3.86339e-06 	 3.71641e-06 	 1.46976e-07 
1.917 	 3.82807e-06 	 3.68250e-06 	 1.45570e-07 
1.914 	 3.79335e-06 	 3.64917e-06 	 1.44184e-07 
1.911 	 3.75921e-06 	 3.61639e-06 	 1.42816e-07 
1.908 	 3.72563e-06 	 3.58416e-06 	 1.41467e-07 
