Energy [eV] Ext Cross [um^2] Abs Cross [um^2] Sca Cross [um^2] 
2.756 	 1.55298e-03 	 1.44690e-03 	 1.06079e-04 
2.749 	 1.67658e-03 	 1.55812e-03 	 1.18456e-04 
2.743 	 1.81459e-03 	 1.68214e-03 	 1.32453e-04 
2.737 	 1.96914e-03 	 1.82080e-03 	 1.48334e-04 
2.731 	 2.14279e-03 	 1.97637e-03 	 1.66414e-04 
2.725 	 2.33866e-03 	 2.15160e-03 	 1.87061e-04 
2.719 	 2.56045e-03 	 2.34973e-03 	 2.10721e-04 
2.713 	 2.81253e-03 	 2.57459e-03 	 2.37933e-04 
2.707 	 3.10000e-03 	 2.83064e-03 	 2.69354e-04 
2.701 	 3.42876e-03 	 3.12298e-03 	 3.05787e-04 
2.695 	 3.80548e-03 	 3.45727e-03 	 3.48207e-04 
2.689 	 4.23756e-03 	 3.83975e-03 	 3.97803e-04 
2.684 	 4.73346e-03 	 4.27743e-03 	 4.56029e-04 
2.678 	 5.30357e-03 	 4.77890e-03 	 5.24661e-04 
2.672 	 5.96152e-03 	 5.35566e-03 	 6.05860e-04 
2.666 	 6.72538e-03 	 6.02316e-03 	 7.02215e-04 
2.660 	 7.61735e-03 	 6.80059e-03 	 8.16752e-04 
2.655 	 8.66196e-03 	 7.70908e-03 	 9.52877e-04 
2.649 	 9.88315e-03 	 8.76897e-03 	 1.11418e-03 
2.643 	 1.12998e-02 	 9.99586e-03 	 1.30395e-03 
2.638 	 1.29184e-02 	 1.13942e-02 	 1.52426e-03 
2.632 	 1.47213e-02 	 1.29470e-02 	 1.77435e-03 
2.627 	 1.66502e-02 	 1.46019e-02 	 2.04830e-03 
2.621 	 1.85885e-02 	 1.62562e-02 	 2.33230e-03 
2.615 	 2.03543e-02 	 1.77513e-02 	 2.60302e-03 
2.610 	 2.17186e-02 	 1.88893e-02 	 2.82932e-03 
2.604 	 2.24614e-02 	 1.94823e-02 	 2.97911e-03 
2.599 	 2.24502e-02 	 1.94201e-02 	 3.03011e-03 
2.593 	 2.16965e-02 	 1.87179e-02 	 2.97866e-03 
2.588 	 2.03487e-02 	 1.75083e-02 	 2.84037e-03 
2.583 	 1.86284e-02 	 1.59857e-02 	 2.64270e-03 
2.577 	 1.67547e-02 	 1.43400e-02 	 2.41475e-03 
2.572 	 1.48958e-02 	 1.27156e-02 	 2.18023e-03 
2.566 	 1.31567e-02 	 1.12018e-02 	 1.95496e-03 
2.561 	 1.15894e-02 	 9.84172e-03 	 1.74764e-03 
2.556 	 1.02091e-02 	 8.64724e-03 	 1.56186e-03 
2.550 	 9.01025e-03 	 7.61223e-03 	 1.39802e-03 
2.545 	 7.97667e-03 	 6.72184e-03 	 1.25483e-03 
2.540 	 7.08839e-03 	 5.95816e-03 	 1.13024e-03 
2.535 	 6.32524e-03 	 5.30329e-03 	 1.02195e-03 
2.530 	 5.66858e-03 	 4.74081e-03 	 9.27765e-04 
2.524 	 5.10201e-03 	 4.25635e-03 	 8.45662e-04 
2.519 	 4.61150e-03 	 3.83762e-03 	 7.73881e-04 
2.514 	 4.18519e-03 	 3.47429e-03 	 7.10904e-04 
2.509 	 3.81316e-03 	 3.15771e-03 	 6.55443e-04 
2.504 	 3.48713e-03 	 2.88072e-03 	 6.06410e-04 
2.499 	 3.20023e-03 	 2.63734e-03 	 5.62889e-04 
2.494 	 2.94671e-03 	 2.42260e-03 	 5.24109e-04 
2.489 	 2.72180e-03 	 2.23237e-03 	 4.89423e-04 
2.484 	 2.52149e-03 	 2.06321e-03 	 4.58284e-04 
2.479 	 2.34244e-03 	 1.91221e-03 	 4.30230e-04 
2.474 	 2.18182e-03 	 1.77695e-03 	 4.04868e-04 
2.469 	 2.03724e-03 	 1.65537e-03 	 3.81866e-04 
2.464 	 1.90668e-03 	 1.54574e-03 	 3.60939e-04 
2.459 	 1.78842e-03 	 1.44657e-03 	 3.41843e-04 
2.454 	 1.68097e-03 	 1.35660e-03 	 3.24368e-04 
2.449 	 1.58308e-03 	 1.27475e-03 	 3.08333e-04 
2.444 	 1.49367e-03 	 1.20008e-03 	 2.93582e-04 
2.440 	 1.41178e-03 	 1.13180e-03 	 2.79979e-04 
2.435 	 1.33662e-03 	 1.06921e-03 	 2.67406e-04 
2.430 	 1.26746e-03 	 1.01170e-03 	 2.55759e-04 
2.425 	 1.20368e-03 	 9.58736e-04 	 2.44946e-04 
2.420 	 1.14475e-03 	 9.09864e-04 	 2.34887e-04 
2.416 	 1.09019e-03 	 8.64675e-04 	 2.25513e-04 
2.411 	 1.03957e-03 	 8.22812e-04 	 2.16759e-04 
2.406 	 9.92529e-04 	 7.83958e-04 	 2.08571e-04 
2.402 	 9.48733e-04 	 7.47835e-04 	 2.00899e-04 
2.397 	 9.07891e-04 	 7.14193e-04 	 1.93698e-04 
2.392 	 8.69743e-04 	 6.82812e-04 	 1.86930e-04 
2.388 	 8.34054e-04 	 6.53495e-04 	 1.80559e-04 
2.383 	 8.00618e-04 	 6.26065e-04 	 1.74553e-04 
2.378 	 7.69247e-04 	 6.00365e-04 	 1.68883e-04 
2.374 	 7.39775e-04 	 5.76252e-04 	 1.63523e-04 
2.369 	 7.12050e-04 	 5.53598e-04 	 1.58451e-04 
2.365 	 6.85935e-04 	 5.32290e-04 	 1.53645e-04 
2.360 	 6.61307e-04 	 5.12221e-04 	 1.49086e-04 
2.356 	 6.38054e-04 	 4.93299e-04 	 1.44755e-04 
2.351 	 6.16075e-04 	 4.75436e-04 	 1.40638e-04 
2.347 	 5.95276e-04 	 4.58556e-04 	 1.36720e-04 
2.342 	 5.75576e-04 	 4.42588e-04 	 1.32987e-04 
2.338 	 5.56896e-04 	 4.27468e-04 	 1.29427e-04 
2.333 	 5.39167e-04 	 4.13137e-04 	 1.26029e-04 
2.329 	 5.22325e-04 	 3.99541e-04 	 1.22783e-04 
2.325 	 5.06310e-04 	 3.86631e-04 	 1.19680e-04 
2.320 	 4.91070e-04 	 3.74361e-04 	 1.16709e-04 
2.316 	 4.76554e-04 	 3.62689e-04 	 1.13864e-04 
2.312 	 4.62716e-04 	 3.51578e-04 	 1.11138e-04 
2.307 	 4.49513e-04 	 3.40991e-04 	 1.08522e-04 
2.303 	 4.36908e-04 	 3.30897e-04 	 1.06011e-04 
2.299 	 4.24863e-04 	 3.21265e-04 	 1.03599e-04 
2.294 	 4.13346e-04 	 3.12066e-04 	 1.01280e-04 
2.290 	 4.02325e-04 	 3.03276e-04 	 9.90494e-05 
2.286 	 3.91771e-04 	 2.94869e-04 	 9.69022e-05 
2.282 	 3.81659e-04 	 2.86825e-04 	 9.48340e-05 
2.277 	 3.71962e-04 	 2.79121e-04 	 9.28408e-05 
2.273 	 3.62659e-04 	 2.71741e-04 	 9.09186e-05 
2.269 	 3.53728e-04 	 2.64664e-04 	 8.90639e-05 
2.265 	 3.45150e-04 	 2.57876e-04 	 8.72733e-05 
2.261 	 3.36905e-04 	 2.51361e-04 	 8.55437e-05 
2.257 	 3.28976e-04 	 2.45104e-04 	 8.38721e-05 
2.252 	 3.21348e-04 	 2.39092e-04 	 8.22557e-05 
2.248 	 3.14004e-04 	 2.33312e-04 	 8.06920e-05 
2.244 	 3.06931e-04 	 2.27752e-04 	 7.91786e-05 
2.240 	 3.00115e-04 	 2.22402e-04 	 7.77130e-05 
2.236 	 2.93544e-04 	 2.17251e-04 	 7.62931e-05 
2.232 	 2.87205e-04 	 2.12288e-04 	 7.49169e-05 
2.228 	 2.81088e-04 	 2.07505e-04 	 7.35825e-05 
2.224 	 2.75181e-04 	 2.02893e-04 	 7.22880e-05 
2.220 	 2.69476e-04 	 1.98445e-04 	 7.10317e-05 
2.216 	 2.63963e-04 	 1.94151e-04 	 6.98120e-05 
2.212 	 2.58633e-04 	 1.90006e-04 	 6.86273e-05 
2.208 	 2.53478e-04 	 1.86002e-04 	 6.74762e-05 
2.204 	 2.48490e-04 	 1.82132e-04 	 6.63573e-05 
2.200 	 2.43661e-04 	 1.78392e-04 	 6.52694e-05 
2.196 	 2.38986e-04 	 1.74775e-04 	 6.42112e-05 
2.192 	 2.34457e-04 	 1.71276e-04 	 6.31815e-05 
2.189 	 2.30068e-04 	 1.67889e-04 	 6.21792e-05 
2.185 	 2.25814e-04 	 1.64611e-04 	 6.12033e-05 
2.181 	 2.21689e-04 	 1.61436e-04 	 6.02528e-05 
2.177 	 2.17687e-04 	 1.58360e-04 	 5.93267e-05 
2.173 	 2.13803e-04 	 1.55379e-04 	 5.84241e-05 
2.169 	 2.10033e-04 	 1.52489e-04 	 5.75442e-05 
2.166 	 2.06373e-04 	 1.49687e-04 	 5.66861e-05 
2.162 	 2.02817e-04 	 1.46968e-04 	 5.58490e-05 
2.158 	 1.99363e-04 	 1.44330e-04 	 5.50322e-05 
2.154 	 1.96005e-04 	 1.41770e-04 	 5.42351e-05 
2.150 	 1.92740e-04 	 1.39284e-04 	 5.34568e-05 
2.147 	 1.89566e-04 	 1.36869e-04 	 5.26968e-05 
2.143 	 1.86477e-04 	 1.34523e-04 	 5.19544e-05 
2.139 	 1.83472e-04 	 1.32243e-04 	 5.12291e-05 
2.136 	 1.80547e-04 	 1.30027e-04 	 5.05202e-05 
2.132 	 1.77700e-04 	 1.27873e-04 	 4.98273e-05 
2.128 	 1.74927e-04 	 1.25777e-04 	 4.91498e-05 
2.124 	 1.72225e-04 	 1.23738e-04 	 4.84872e-05 
2.121 	 1.69593e-04 	 1.21754e-04 	 4.78390e-05 
2.117 	 1.67028e-04 	 1.19824e-04 	 4.72048e-05 
2.114 	 1.64528e-04 	 1.17944e-04 	 4.65842e-05 
2.110 	 1.62090e-04 	 1.16113e-04 	 4.59767e-05 
2.106 	 1.59712e-04 	 1.14330e-04 	 4.53820e-05 
2.103 	 1.57393e-04 	 1.12593e-04 	 4.47996e-05 
2.099 	 1.55130e-04 	 1.10900e-04 	 4.42291e-05 
2.096 	 1.52921e-04 	 1.09251e-04 	 4.36703e-05 
2.092 	 1.50765e-04 	 1.07642e-04 	 4.31227e-05 
2.089 	 1.48660e-04 	 1.06074e-04 	 4.25861e-05 
2.085 	 1.46604e-04 	 1.04544e-04 	 4.20600e-05 
2.081 	 1.44596e-04 	 1.03051e-04 	 4.15443e-05 
2.078 	 1.42634e-04 	 1.01595e-04 	 4.10387e-05 
2.074 	 1.40717e-04 	 1.00174e-04 	 4.05427e-05 
2.071 	 1.38843e-04 	 9.87870e-05 	 4.00563e-05 
2.068 	 1.37012e-04 	 9.74326e-05 	 3.95790e-05 
2.064 	 1.35221e-04 	 9.61101e-05 	 3.91107e-05 
2.061 	 1.33469e-04 	 9.48184e-05 	 3.86511e-05 
2.057 	 1.31756e-04 	 9.35565e-05 	 3.82000e-05 
2.054 	 1.30081e-04 	 9.23237e-05 	 3.77571e-05 
2.050 	 1.28441e-04 	 9.11189e-05 	 3.73222e-05 
2.047 	 1.26837e-04 	 8.99414e-05 	 3.68952e-05 
2.044 	 1.25266e-04 	 8.87903e-05 	 3.64758e-05 
2.040 	 1.23729e-04 	 8.76648e-05 	 3.60638e-05 
2.037 	 1.22223e-04 	 8.65642e-05 	 3.56590e-05 
2.033 	 1.20749e-04 	 8.54878e-05 	 3.52613e-05 
2.030 	 1.19305e-04 	 8.44349e-05 	 3.48705e-05 
2.027 	 1.17891e-04 	 8.34047e-05 	 3.44863e-05 
2.023 	 1.16505e-04 	 8.23966e-05 	 3.41087e-05 
2.020 	 1.15147e-04 	 8.14100e-05 	 3.37374e-05 
2.017 	 1.13817e-04 	 8.04443e-05 	 3.33724e-05 
2.014 	 1.12512e-04 	 7.94989e-05 	 3.30134e-05 
2.010 	 1.11234e-04 	 7.85732e-05 	 3.26604e-05 
2.007 	 1.09980e-04 	 7.76667e-05 	 3.23131e-05 
2.004 	 1.08750e-04 	 7.67788e-05 	 3.19714e-05 
2.000 	 1.07544e-04 	 7.59090e-05 	 3.16353e-05 
1.997 	 1.06361e-04 	 7.50570e-05 	 3.13045e-05 
1.994 	 1.05201e-04 	 7.42221e-05 	 3.09790e-05 
1.991 	 1.04063e-04 	 7.34039e-05 	 3.06587e-05 
1.988 	 1.02945e-04 	 7.26020e-05 	 3.03433e-05 
1.984 	 1.01849e-04 	 7.18161e-05 	 3.00329e-05 
1.981 	 1.00773e-04 	 7.10456e-05 	 2.97273e-05 
1.978 	 9.97164e-05 	 7.02901e-05 	 2.94263e-05 
1.975 	 9.86794e-05 	 6.95494e-05 	 2.91300e-05 
1.972 	 9.76611e-05 	 6.88230e-05 	 2.88381e-05 
1.969 	 9.66612e-05 	 6.81105e-05 	 2.85506e-05 
1.965 	 9.56791e-05 	 6.74117e-05 	 2.82675e-05 
1.962 	 9.47146e-05 	 6.67261e-05 	 2.79885e-05 
1.959 	 9.37671e-05 	 6.60534e-05 	 2.77137e-05 
1.956 	 9.28362e-05 	 6.53934e-05 	 2.74428e-05 
1.953 	 9.19216e-05 	 6.47456e-05 	 2.71760e-05 
1.950 	 9.10228e-05 	 6.41098e-05 	 2.69129e-05 
1.947 	 9.01394e-05 	 6.34857e-05 	 2.66537e-05 
1.944 	 8.92712e-05 	 6.28730e-05 	 2.63982e-05 
1.941 	 8.84177e-05 	 6.22714e-05 	 2.61463e-05 
1.938 	 8.75786e-05 	 6.16807e-05 	 2.58979e-05 
1.935 	 8.67536e-05 	 6.11005e-05 	 2.56530e-05 
1.932 	 8.59423e-05 	 6.05307e-05 	 2.54116e-05 
1.929 	 8.51445e-05 	 5.99710e-05 	 2.51734e-05 
1.926 	 8.43598e-05 	 5.94212e-05 	 2.49386e-05 
1.923 	 8.35880e-05 	 5.88810e-05 	 2.47070e-05 
1.920 	 8.28287e-05 	 5.83503e-05 	 2.44785e-05 
1.917 	 8.20818e-05 	 5.78287e-05 	 2.42531e-05 
1.914 	 8.13469e-05 	 5.73162e-05 	 2.40307e-05 
1.911 	 8.06238e-05 	 5.68125e-05 	 2.38113e-05 
1.908 	 7.99123e-05 	 5.63174e-05 	 2.35949e-05 
