Energy [eV] Ext Cross [um^2] Abs Cross [um^2] Sca Cross [um^2] 
2.756 	 1.41352e-03 	 1.27317e-03 	 1.40351e-04 
2.749 	 1.51718e-03 	 1.36180e-03 	 1.55379e-04 
2.743 	 1.63194e-03 	 1.45977e-03 	 1.72167e-04 
2.737 	 1.75927e-03 	 1.56830e-03 	 1.90972e-04 
2.731 	 1.90097e-03 	 1.68887e-03 	 2.12092e-04 
2.725 	 2.05917e-03 	 1.82331e-03 	 2.35865e-04 
2.719 	 2.23638e-03 	 1.97368e-03 	 2.62691e-04 
2.713 	 2.43544e-03 	 2.14240e-03 	 2.93040e-04 
2.707 	 2.65955e-03 	 2.33208e-03 	 3.27469e-04 
2.701 	 2.91218e-03 	 2.54554e-03 	 3.66636e-04 
2.695 	 3.19684e-03 	 2.78552e-03 	 4.11315e-04 
2.689 	 3.51690e-03 	 3.05448e-03 	 4.62421e-04 
2.684 	 3.87560e-03 	 3.35454e-03 	 5.21059e-04 
2.678 	 4.27681e-03 	 3.68822e-03 	 5.88595e-04 
2.672 	 4.72661e-03 	 4.05987e-03 	 6.66744e-04 
2.666 	 5.23499e-03 	 4.47736e-03 	 7.57637e-04 
2.660 	 5.81627e-03 	 4.95243e-03 	 8.63836e-04 
2.655 	 6.48785e-03 	 5.49953e-03 	 9.88318e-04 
2.649 	 7.26871e-03 	 6.13422e-03 	 1.13448e-03 
2.643 	 8.17822e-03 	 6.87211e-03 	 1.30611e-03 
2.638 	 9.23516e-03 	 7.72793e-03 	 1.50723e-03 
2.632 	 1.04559e-02 	 8.71410e-03 	 1.74177e-03 
2.627 	 1.18506e-02 	 9.83774e-03 	 2.01284e-03 
2.621 	 1.34169e-02 	 1.10954e-02 	 2.32149e-03 
2.615 	 1.51304e-02 	 1.24656e-02 	 2.66478e-03 
2.610 	 1.69323e-02 	 1.38989e-02 	 3.03334e-03 
2.604 	 1.87186e-02 	 1.53098e-02 	 3.40885e-03 
2.599 	 2.03376e-02 	 1.65747e-02 	 3.76292e-03 
2.593 	 2.16058e-02 	 1.75463e-02 	 4.05946e-03 
2.588 	 2.23478e-02 	 1.80859e-02 	 4.26195e-03 
2.583 	 2.24515e-02 	 1.81073e-02 	 4.34415e-03 
2.577 	 2.19082e-02 	 1.76090e-02 	 4.29912e-03 
2.572 	 2.08155e-02 	 1.66745e-02 	 4.14104e-03 
2.566 	 1.93389e-02 	 1.54399e-02 	 3.89895e-03 
2.561 	 1.76584e-02 	 1.40516e-02 	 3.60672e-03 
2.556 	 1.59272e-02 	 1.26326e-02 	 3.29463e-03 
2.550 	 1.42540e-02 	 1.12688e-02 	 2.98518e-03 
2.545 	 1.27028e-02 	 1.00102e-02 	 2.69260e-03 
2.540 	 1.13034e-02 	 8.87908e-03 	 2.42435e-03 
2.535 	 1.00628e-02 	 7.87964e-03 	 2.18321e-03 
2.530 	 8.97458e-03 	 7.00550e-03 	 1.96907e-03 
2.524 	 8.02547e-03 	 6.24523e-03 	 1.78024e-03 
2.519 	 7.19989e-03 	 5.58559e-03 	 1.61430e-03 
2.514 	 6.48203e-03 	 5.01340e-03 	 1.46864e-03 
2.509 	 5.85714e-03 	 4.51644e-03 	 1.34069e-03 
2.504 	 5.31199e-03 	 4.08386e-03 	 1.22812e-03 
2.499 	 4.83507e-03 	 3.70624e-03 	 1.12884e-03 
2.494 	 4.41651e-03 	 3.37550e-03 	 1.04101e-03 
2.489 	 4.04789e-03 	 3.08481e-03 	 9.63080e-04 
2.484 	 3.72210e-03 	 2.82840e-03 	 8.93695e-04 
2.479 	 3.43314e-03 	 2.60142e-03 	 8.31712e-04 
2.474 	 3.17593e-03 	 2.39977e-03 	 7.76155e-04 
2.469 	 2.94619e-03 	 2.21999e-03 	 7.26192e-04 
2.464 	 2.74028e-03 	 2.05917e-03 	 6.81113e-04 
2.459 	 2.55513e-03 	 1.91482e-03 	 6.40313e-04 
2.454 	 2.38812e-03 	 1.78485e-03 	 6.03274e-04 
2.449 	 2.23702e-03 	 1.66746e-03 	 5.69551e-04 
2.444 	 2.09991e-03 	 1.56115e-03 	 5.38761e-04 
2.440 	 1.97515e-03 	 1.46458e-03 	 5.10574e-04 
2.435 	 1.86134e-03 	 1.37664e-03 	 4.84704e-04 
2.430 	 1.75724e-03 	 1.29634e-03 	 4.60902e-04 
2.425 	 1.66180e-03 	 1.22285e-03 	 4.38951e-04 
2.420 	 1.57409e-03 	 1.15543e-03 	 4.18661e-04 
2.416 	 1.49330e-03 	 1.09344e-03 	 3.99866e-04 
2.411 	 1.41874e-03 	 1.03632e-03 	 3.82421e-04 
2.406 	 1.34978e-03 	 9.83583e-04 	 3.66197e-04 
2.402 	 1.28588e-03 	 9.34797e-04 	 3.51079e-04 
2.397 	 1.22655e-03 	 8.89582e-04 	 3.36966e-04 
2.392 	 1.17137e-03 	 8.47599e-04 	 3.23770e-04 
2.388 	 1.11996e-03 	 8.08553e-04 	 3.11410e-04 
2.383 	 1.07199e-03 	 7.72176e-04 	 2.99815e-04 
2.378 	 1.02715e-03 	 7.38234e-04 	 2.88920e-04 
2.374 	 9.85185e-04 	 7.06515e-04 	 2.78669e-04 
2.369 	 9.45842e-04 	 6.76831e-04 	 2.69011e-04 
2.365 	 9.08911e-04 	 6.49013e-04 	 2.59898e-04 
2.360 	 8.74197e-04 	 6.22908e-04 	 2.51289e-04 
2.356 	 8.41523e-04 	 5.98378e-04 	 2.43146e-04 
2.351 	 8.10733e-04 	 5.75300e-04 	 2.35434e-04 
2.347 	 7.81684e-04 	 5.53561e-04 	 2.28122e-04 
2.342 	 7.54244e-04 	 5.33062e-04 	 2.21182e-04 
2.338 	 7.28298e-04 	 5.13710e-04 	 2.14588e-04 
2.333 	 7.03737e-04 	 4.95421e-04 	 2.08317e-04 
2.329 	 6.80465e-04 	 4.78119e-04 	 2.02345e-04 
2.325 	 6.58390e-04 	 4.61735e-04 	 1.96655e-04 
2.320 	 6.37432e-04 	 4.46205e-04 	 1.91227e-04 
2.316 	 6.17516e-04 	 4.31471e-04 	 1.86045e-04 
2.312 	 5.98572e-04 	 4.17479e-04 	 1.81094e-04 
2.307 	 5.80538e-04 	 4.04180e-04 	 1.76359e-04 
2.303 	 5.63355e-04 	 3.91529e-04 	 1.71826e-04 
2.299 	 5.46970e-04 	 3.79485e-04 	 1.67485e-04 
2.294 	 5.31332e-04 	 3.68009e-04 	 1.63324e-04 
2.290 	 5.16397e-04 	 3.57065e-04 	 1.59332e-04 
2.286 	 5.02122e-04 	 3.46622e-04 	 1.55500e-04 
2.282 	 4.88468e-04 	 3.36649e-04 	 1.51818e-04 
2.277 	 4.75398e-04 	 3.27118e-04 	 1.48280e-04 
2.273 	 4.62880e-04 	 3.18004e-04 	 1.44876e-04 
2.269 	 4.50882e-04 	 3.09282e-04 	 1.41600e-04 
2.265 	 4.39376e-04 	 3.00931e-04 	 1.38445e-04 
2.261 	 4.28334e-04 	 2.92930e-04 	 1.35404e-04 
2.257 	 4.17733e-04 	 2.85259e-04 	 1.32473e-04 
2.252 	 4.07547e-04 	 2.77901e-04 	 1.29645e-04 
2.248 	 3.97756e-04 	 2.70839e-04 	 1.26916e-04 
2.244 	 3.88338e-04 	 2.64058e-04 	 1.24280e-04 
2.240 	 3.79275e-04 	 2.57542e-04 	 1.21734e-04 
2.236 	 3.70549e-04 	 2.51277e-04 	 1.19272e-04 
2.232 	 3.62143e-04 	 2.45252e-04 	 1.16891e-04 
2.228 	 3.54040e-04 	 2.39453e-04 	 1.14587e-04 
2.224 	 3.46226e-04 	 2.33870e-04 	 1.12357e-04 
2.220 	 3.38688e-04 	 2.28492e-04 	 1.10197e-04 
2.216 	 3.31412e-04 	 2.23308e-04 	 1.08104e-04 
2.212 	 3.24385e-04 	 2.18310e-04 	 1.06075e-04 
2.208 	 3.17596e-04 	 2.13489e-04 	 1.04107e-04 
2.204 	 3.11034e-04 	 2.08836e-04 	 1.02199e-04 
2.200 	 3.04690e-04 	 2.04343e-04 	 1.00347e-04 
2.196 	 2.98553e-04 	 2.00004e-04 	 9.85483e-05 
2.192 	 2.92614e-04 	 1.95812e-04 	 9.68017e-05 
2.189 	 2.86864e-04 	 1.91760e-04 	 9.51048e-05 
2.185 	 2.81296e-04 	 1.87841e-04 	 9.34555e-05 
2.181 	 2.75902e-04 	 1.84050e-04 	 9.18520e-05 
2.177 	 2.70674e-04 	 1.80382e-04 	 9.02924e-05 
2.173 	 2.65606e-04 	 1.76830e-04 	 8.87751e-05 
2.169 	 2.60690e-04 	 1.73391e-04 	 8.72985e-05 
2.166 	 2.55921e-04 	 1.70060e-04 	 8.58609e-05 
2.162 	 2.51292e-04 	 1.66831e-04 	 8.44609e-05 
2.158 	 2.46799e-04 	 1.63702e-04 	 8.30972e-05 
2.154 	 2.42435e-04 	 1.60667e-04 	 8.17684e-05 
2.150 	 2.38196e-04 	 1.57723e-04 	 8.04732e-05 
2.147 	 2.34077e-04 	 1.54867e-04 	 7.92104e-05 
2.143 	 2.30073e-04 	 1.52094e-04 	 7.79789e-05 
2.139 	 2.26180e-04 	 1.49403e-04 	 7.67776e-05 
2.136 	 2.22394e-04 	 1.46788e-04 	 7.56054e-05 
2.132 	 2.18710e-04 	 1.44249e-04 	 7.44614e-05 
2.128 	 2.15125e-04 	 1.41781e-04 	 7.33445e-05 
2.124 	 2.11636e-04 	 1.39382e-04 	 7.22539e-05 
2.121 	 2.08238e-04 	 1.37050e-04 	 7.11887e-05 
2.117 	 2.04930e-04 	 1.34782e-04 	 7.01480e-05 
2.114 	 2.01706e-04 	 1.32575e-04 	 6.91310e-05 
2.110 	 1.98566e-04 	 1.30428e-04 	 6.81371e-05 
2.106 	 1.95504e-04 	 1.28339e-04 	 6.71654e-05 
2.103 	 1.92520e-04 	 1.26305e-04 	 6.62152e-05 
2.099 	 1.89610e-04 	 1.24324e-04 	 6.52859e-05 
2.096 	 1.86772e-04 	 1.22395e-04 	 6.43768e-05 
2.092 	 1.84003e-04 	 1.20516e-04 	 6.34873e-05 
2.089 	 1.81301e-04 	 1.18685e-04 	 6.26167e-05 
2.085 	 1.78664e-04 	 1.16900e-04 	 6.17646e-05 
2.081 	 1.76090e-04 	 1.15160e-04 	 6.09304e-05 
2.078 	 1.73577e-04 	 1.13463e-04 	 6.01135e-05 
2.074 	 1.71122e-04 	 1.11809e-04 	 5.93134e-05 
2.071 	 1.68724e-04 	 1.10195e-04 	 5.85296e-05 
2.068 	 1.66382e-04 	 1.08620e-04 	 5.77617e-05 
2.064 	 1.64092e-04 	 1.07083e-04 	 5.70092e-05 
2.061 	 1.61855e-04 	 1.05583e-04 	 5.62717e-05 
2.057 	 1.59667e-04 	 1.04119e-04 	 5.55487e-05 
2.054 	 1.57529e-04 	 1.02689e-04 	 5.48399e-05 
2.050 	 1.55437e-04 	 1.01292e-04 	 5.41448e-05 
2.047 	 1.53391e-04 	 9.99282e-05 	 5.34631e-05 
2.044 	 1.51390e-04 	 9.85955e-05 	 5.27944e-05 
2.040 	 1.49432e-04 	 9.72933e-05 	 5.21384e-05 
2.037 	 1.47515e-04 	 9.60206e-05 	 5.14947e-05 
2.033 	 1.45639e-04 	 9.47765e-05 	 5.08630e-05 
2.030 	 1.43803e-04 	 9.35602e-05 	 5.02429e-05 
2.027 	 1.42005e-04 	 9.23708e-05 	 4.96343e-05 
2.023 	 1.40244e-04 	 9.12077e-05 	 4.90367e-05 
2.020 	 1.38520e-04 	 9.00699e-05 	 4.84499e-05 
2.017 	 1.36830e-04 	 8.89568e-05 	 4.78737e-05 
2.014 	 1.35175e-04 	 8.78676e-05 	 4.73077e-05 
2.010 	 1.33553e-04 	 8.68017e-05 	 4.67517e-05 
2.007 	 1.31964e-04 	 8.57584e-05 	 4.62054e-05 
2.004 	 1.30406e-04 	 8.47370e-05 	 4.56687e-05 
2.000 	 1.28878e-04 	 8.37371e-05 	 4.51412e-05 
1.997 	 1.27381e-04 	 8.27578e-05 	 4.46228e-05 
1.994 	 1.25912e-04 	 8.17988e-05 	 4.41132e-05 
1.991 	 1.24472e-04 	 8.08595e-05 	 4.36122e-05 
1.988 	 1.23059e-04 	 7.99393e-05 	 4.31197e-05 
1.984 	 1.21673e-04 	 7.90378e-05 	 4.26353e-05 
1.981 	 1.20313e-04 	 7.81544e-05 	 4.21591e-05 
1.978 	 1.18979e-04 	 7.72886e-05 	 4.16906e-05 
1.975 	 1.17670e-04 	 7.64401e-05 	 4.12298e-05 
1.972 	 1.16385e-04 	 7.56083e-05 	 4.07766e-05 
1.969 	 1.15123e-04 	 7.47929e-05 	 4.03306e-05 
1.965 	 1.13885e-04 	 7.39934e-05 	 3.98918e-05 
1.962 	 1.12669e-04 	 7.32094e-05 	 3.94600e-05 
1.959 	 1.11475e-04 	 7.24405e-05 	 3.90350e-05 
1.956 	 1.10303e-04 	 7.16863e-05 	 3.86167e-05 
1.953 	 1.09151e-04 	 7.09464e-05 	 3.82050e-05 
1.950 	 1.08020e-04 	 7.02205e-05 	 3.77996e-05 
1.947 	 1.06909e-04 	 6.95082e-05 	 3.74005e-05 
1.944 	 1.05817e-04 	 6.88092e-05 	 3.70075e-05 
1.941 	 1.04744e-04 	 6.81232e-05 	 3.66205e-05 
1.938 	 1.03689e-04 	 6.74498e-05 	 3.62394e-05 
1.935 	 1.02653e-04 	 6.67886e-05 	 3.58640e-05 
1.932 	 1.01634e-04 	 6.61396e-05 	 3.54942e-05 
1.929 	 1.00632e-04 	 6.55022e-05 	 3.51300e-05 
1.926 	 9.96474e-05 	 6.48763e-05 	 3.47711e-05 
1.923 	 9.86791e-05 	 6.42616e-05 	 3.44175e-05 
1.920 	 9.77270e-05 	 6.36579e-05 	 3.40691e-05 
1.917 	 9.67905e-05 	 6.30649e-05 	 3.37257e-05 
1.914 	 9.58695e-05 	 6.24823e-05 	 3.33873e-05 
1.911 	 9.49636e-05 	 6.19099e-05 	 3.30538e-05 
1.908 	 9.40725e-05 	 6.13475e-05 	 3.27250e-05 
