Energy [eV] Ext Cross [um^2] Abs Cross [um^2] Sca Cross [um^2] 
2.756 	 2.68401e-05 	 2.67946e-05 	 4.54792e-08 
2.749 	 2.91731e-05 	 2.91219e-05 	 5.12361e-08 
2.743 	 3.18083e-05 	 3.17504e-05 	 5.78395e-08 
2.737 	 3.47957e-05 	 3.47303e-05 	 6.54481e-08 
2.731 	 3.81975e-05 	 3.81232e-05 	 7.42541e-08 
2.725 	 4.20902e-05 	 4.20057e-05 	 8.44909e-08 
2.719 	 4.65680e-05 	 4.64716e-05 	 9.64472e-08 
2.713 	 5.17465e-05 	 5.16361e-05 	 1.10483e-07 
2.707 	 5.77686e-05 	 5.76416e-05 	 1.27049e-07 
2.701 	 6.48114e-05 	 6.46647e-05 	 1.46714e-07 
2.695 	 7.30936e-05 	 7.29234e-05 	 1.70189e-07 
2.689 	 8.28853e-05 	 8.26869e-05 	 1.98365e-07 
2.684 	 9.45190e-05 	 9.42867e-05 	 2.32362e-07 
2.678 	 1.08400e-04 	 1.08127e-04 	 2.73571e-07 
2.672 	 1.25012e-04 	 1.24688e-04 	 3.23688e-07 
2.666 	 1.44904e-04 	 1.44519e-04 	 3.84710e-07 
2.660 	 1.68638e-04 	 1.68179e-04 	 4.58807e-07 
2.655 	 1.96668e-04 	 1.96120e-04 	 5.47988e-07 
2.649 	 2.29096e-04 	 2.28442e-04 	 6.53372e-07 
2.643 	 2.65251e-04 	 2.64477e-04 	 7.73857e-07 
2.638 	 3.03117e-04 	 3.02213e-04 	 9.04144e-07 
2.632 	 3.38827e-04 	 3.37794e-04 	 1.03277e-06 
2.627 	 3.66813e-04 	 3.65671e-04 	 1.14198e-06 
2.621 	 3.81277e-04 	 3.80066e-04 	 1.21180e-06 
2.615 	 3.78742e-04 	 3.77514e-04 	 1.22831e-06 
2.610 	 3.59962e-04 	 3.58772e-04 	 1.19070e-06 
2.604 	 3.29465e-04 	 3.28354e-04 	 1.11109e-06 
2.599 	 2.93168e-04 	 2.92160e-04 	 1.00756e-06 
2.593 	 2.56101e-04 	 2.55205e-04 	 8.96619e-07 
2.588 	 2.21458e-04 	 2.20668e-04 	 7.89514e-07 
2.583 	 1.90740e-04 	 1.90048e-04 	 6.92180e-07 
2.577 	 1.64323e-04 	 1.63717e-04 	 6.06772e-07 
2.572 	 1.41980e-04 	 1.41447e-04 	 5.33270e-07 
2.566 	 1.23228e-04 	 1.22757e-04 	 4.70620e-07 
2.561 	 1.07524e-04 	 1.07106e-04 	 4.17409e-07 
2.556 	 9.43558e-05 	 9.39836e-05 	 3.72203e-07 
2.550 	 8.32776e-05 	 8.29439e-05 	 3.33699e-07 
2.545 	 7.39150e-05 	 7.36142e-05 	 3.00772e-07 
2.540 	 6.59609e-05 	 6.56884e-05 	 2.72483e-07 
2.535 	 5.91657e-05 	 5.89176e-05 	 2.48051e-07 
2.530 	 5.33279e-05 	 5.31011e-05 	 2.26840e-07 
2.524 	 4.82847e-05 	 4.80764e-05 	 2.08328e-07 
2.519 	 4.39046e-05 	 4.37125e-05 	 1.92088e-07 
2.514 	 4.00806e-05 	 3.99028e-05 	 1.77772e-07 
2.509 	 3.67256e-05 	 3.65605e-05 	 1.65091e-07 
2.504 	 3.37682e-05 	 3.36144e-05 	 1.53807e-07 
2.499 	 3.11497e-05 	 3.10060e-05 	 1.43723e-07 
2.494 	 2.88213e-05 	 2.86866e-05 	 1.34675e-07 
2.489 	 2.67426e-05 	 2.66161e-05 	 1.26524e-07 
2.484 	 2.48798e-05 	 2.47607e-05 	 1.19155e-07 
2.479 	 2.32046e-05 	 2.30921e-05 	 1.12471e-07 
2.474 	 2.16929e-05 	 2.15865e-05 	 1.06386e-07 
2.469 	 2.03244e-05 	 2.02236e-05 	 1.00831e-07 
2.464 	 1.90818e-05 	 1.89861e-05 	 9.57443e-08 
2.459 	 1.79503e-05 	 1.78592e-05 	 9.10735e-08 
2.454 	 1.69171e-05 	 1.68304e-05 	 8.67733e-08 
2.449 	 1.59713e-05 	 1.58885e-05 	 8.28046e-08 
2.444 	 1.51034e-05 	 1.50243e-05 	 7.91330e-08 
2.440 	 1.43051e-05 	 1.42294e-05 	 7.57288e-08 
2.435 	 1.35692e-05 	 1.34967e-05 	 7.25658e-08 
2.430 	 1.28895e-05 	 1.28199e-05 	 6.96210e-08 
2.425 	 1.22603e-05 	 1.21934e-05 	 6.68738e-08 
2.420 	 1.16768e-05 	 1.16125e-05 	 6.43065e-08 
2.416 	 1.11347e-05 	 1.10728e-05 	 6.19029e-08 
2.411 	 1.06303e-05 	 1.05706e-05 	 5.96488e-08 
2.406 	 1.01600e-05 	 1.01024e-05 	 5.75316e-08 
2.402 	 9.72086e-06 	 9.66532e-06 	 5.55399e-08 
2.397 	 9.31025e-06 	 9.25658e-06 	 5.36634e-08 
2.392 	 8.92571e-06 	 8.87381e-06 	 5.18930e-08 
2.388 	 8.56508e-06 	 8.51486e-06 	 5.02205e-08 
2.383 	 8.22642e-06 	 8.17778e-06 	 4.86383e-08 
2.378 	 7.90798e-06 	 7.86084e-06 	 4.71398e-08 
2.374 	 7.60818e-06 	 7.56246e-06 	 4.57189e-08 
2.369 	 7.32559e-06 	 7.28122e-06 	 4.43699e-08 
2.365 	 7.05892e-06 	 7.01583e-06 	 4.30878e-08 
2.360 	 6.80699e-06 	 6.76512e-06 	 4.18681e-08 
2.356 	 6.56872e-06 	 6.52801e-06 	 4.07064e-08 
2.351 	 6.34314e-06 	 6.30354e-06 	 3.95989e-08 
2.347 	 6.12937e-06 	 6.09083e-06 	 3.85422e-08 
2.342 	 5.92659e-06 	 5.88906e-06 	 3.75329e-08 
2.338 	 5.73407e-06 	 5.69750e-06 	 3.65681e-08 
2.333 	 5.55112e-06 	 5.51547e-06 	 3.56451e-08 
2.329 	 5.37711e-06 	 5.34235e-06 	 3.47613e-08 
2.325 	 5.21148e-06 	 5.17757e-06 	 3.39143e-08 
2.320 	 5.05369e-06 	 5.02059e-06 	 3.31020e-08 
2.316 	 4.90325e-06 	 4.87093e-06 	 3.23225e-08 
2.312 	 4.75972e-06 	 4.72814e-06 	 3.15738e-08 
2.307 	 4.62266e-06 	 4.59180e-06 	 3.08543e-08 
2.303 	 4.49169e-06 	 4.46153e-06 	 3.01622e-08 
2.299 	 4.36646e-06 	 4.33697e-06 	 2.94962e-08 
2.294 	 4.24664e-06 	 4.21778e-06 	 2.88549e-08 
2.290 	 4.13190e-06 	 4.10366e-06 	 2.82369e-08 
2.286 	 4.02196e-06 	 3.99432e-06 	 2.76410e-08 
2.282 	 3.91656e-06 	 3.88950e-06 	 2.70661e-08 
2.277 	 3.81545e-06 	 3.78894e-06 	 2.65112e-08 
2.273 	 3.71840e-06 	 3.69242e-06 	 2.59753e-08 
2.269 	 3.62519e-06 	 3.59973e-06 	 2.54575e-08 
2.265 	 3.53563e-06 	 3.51067e-06 	 2.49568e-08 
2.261 	 3.44952e-06 	 3.42505e-06 	 2.44725e-08 
2.257 	 3.36669e-06 	 3.34269e-06 	 2.40039e-08 
2.252 	 3.28698e-06 	 3.26343e-06 	 2.35502e-08 
2.248 	 3.21023e-06 	 3.18712e-06 	 2.31107e-08 
2.244 	 3.13629e-06 	 3.11360e-06 	 2.26848e-08 
2.240 	 3.06503e-06 	 3.04276e-06 	 2.22719e-08 
2.236 	 2.99631e-06 	 2.97444e-06 	 2.18714e-08 
2.232 	 2.93003e-06 	 2.90855e-06 	 2.14828e-08 
2.228 	 2.86606e-06 	 2.84495e-06 	 2.11056e-08 
2.224 	 2.80429e-06 	 2.78355e-06 	 2.07393e-08 
2.220 	 2.74462e-06 	 2.72424e-06 	 2.03834e-08 
2.216 	 2.68696e-06 	 2.66692e-06 	 2.00376e-08 
2.212 	 2.63122e-06 	 2.61152e-06 	 1.97014e-08 
2.208 	 2.57731e-06 	 2.55793e-06 	 1.93744e-08 
2.204 	 2.52515e-06 	 2.50609e-06 	 1.90563e-08 
2.200 	 2.47466e-06 	 2.45592e-06 	 1.87467e-08 
2.196 	 2.42579e-06 	 2.40734e-06 	 1.84453e-08 
2.192 	 2.37845e-06 	 2.36030e-06 	 1.81518e-08 
2.189 	 2.33258e-06 	 2.31471e-06 	 1.78659e-08 
2.185 	 2.28813e-06 	 2.27054e-06 	 1.75873e-08 
2.181 	 2.24503e-06 	 2.22771e-06 	 1.73157e-08 
2.177 	 2.20323e-06 	 2.18618e-06 	 1.70510e-08 
2.173 	 2.16267e-06 	 2.14588e-06 	 1.67928e-08 
2.169 	 2.12332e-06 	 2.10678e-06 	 1.65408e-08 
2.166 	 2.08512e-06 	 2.06882e-06 	 1.62950e-08 
2.162 	 2.04802e-06 	 2.03196e-06 	 1.60551e-08 
2.158 	 2.01198e-06 	 1.99616e-06 	 1.58208e-08 
2.154 	 1.97697e-06 	 1.96138e-06 	 1.55920e-08 
2.150 	 1.94294e-06 	 1.92758e-06 	 1.53685e-08 
2.147 	 1.90986e-06 	 1.89471e-06 	 1.51501e-08 
2.143 	 1.87769e-06 	 1.86276e-06 	 1.49367e-08 
2.139 	 1.84640e-06 	 1.83167e-06 	 1.47280e-08 
2.136 	 1.81596e-06 	 1.80143e-06 	 1.45240e-08 
2.132 	 1.78633e-06 	 1.77200e-06 	 1.43245e-08 
2.128 	 1.75748e-06 	 1.74335e-06 	 1.41294e-08 
2.124 	 1.72940e-06 	 1.71546e-06 	 1.39384e-08 
2.121 	 1.70205e-06 	 1.68830e-06 	 1.37515e-08 
2.117 	 1.67540e-06 	 1.66184e-06 	 1.35686e-08 
2.114 	 1.64944e-06 	 1.63605e-06 	 1.33895e-08 
2.110 	 1.62414e-06 	 1.61093e-06 	 1.32141e-08 
2.106 	 1.59947e-06 	 1.58643e-06 	 1.30424e-08 
2.103 	 1.57542e-06 	 1.56255e-06 	 1.28741e-08 
2.099 	 1.55197e-06 	 1.53926e-06 	 1.27093e-08 
2.096 	 1.52909e-06 	 1.51654e-06 	 1.25477e-08 
2.092 	 1.50677e-06 	 1.49438e-06 	 1.23893e-08 
2.089 	 1.48498e-06 	 1.47275e-06 	 1.22341e-08 
2.085 	 1.46372e-06 	 1.45164e-06 	 1.20819e-08 
2.081 	 1.44296e-06 	 1.43103e-06 	 1.19326e-08 
2.078 	 1.42269e-06 	 1.41090e-06 	 1.17862e-08 
2.074 	 1.40289e-06 	 1.39125e-06 	 1.16426e-08 
2.071 	 1.38355e-06 	 1.37205e-06 	 1.15016e-08 
2.068 	 1.36466e-06 	 1.35329e-06 	 1.13633e-08 
2.064 	 1.34619e-06 	 1.33496e-06 	 1.12276e-08 
2.061 	 1.32814e-06 	 1.31705e-06 	 1.10944e-08 
2.057 	 1.31050e-06 	 1.29954e-06 	 1.09635e-08 
2.054 	 1.29325e-06 	 1.28242e-06 	 1.08351e-08 
2.050 	 1.27638e-06 	 1.26567e-06 	 1.07090e-08 
2.047 	 1.25989e-06 	 1.24930e-06 	 1.05851e-08 
2.044 	 1.24375e-06 	 1.23328e-06 	 1.04633e-08 
2.040 	 1.22796e-06 	 1.21761e-06 	 1.03438e-08 
2.037 	 1.21251e-06 	 1.20228e-06 	 1.02263e-08 
2.033 	 1.19738e-06 	 1.18727e-06 	 1.01108e-08 
2.030 	 1.18258e-06 	 1.17259e-06 	 9.99731e-09 
2.027 	 1.16809e-06 	 1.15821e-06 	 9.88575e-09 
2.023 	 1.15390e-06 	 1.14413e-06 	 9.77607e-09 
2.020 	 1.14001e-06 	 1.13034e-06 	 9.66822e-09 
2.017 	 1.12640e-06 	 1.11683e-06 	 9.56217e-09 
2.014 	 1.11306e-06 	 1.10361e-06 	 9.45787e-09 
2.010 	 1.10000e-06 	 1.09064e-06 	 9.35528e-09 
2.007 	 1.08720e-06 	 1.07794e-06 	 9.25436e-09 
2.004 	 1.07465e-06 	 1.06550e-06 	 9.15507e-09 
2.000 	 1.06236e-06 	 1.05330e-06 	 9.05737e-09 
1.997 	 1.05030e-06 	 1.04134e-06 	 8.96123e-09 
1.994 	 1.03849e-06 	 1.02962e-06 	 8.86661e-09 
1.991 	 1.02690e-06 	 1.01812e-06 	 8.77349e-09 
1.988 	 1.01553e-06 	 1.00685e-06 	 8.68181e-09 
1.984 	 1.00439e-06 	 9.95796e-07 	 8.59156e-09 
1.981 	 9.93455e-07 	 9.84952e-07 	 8.50270e-09 
1.978 	 9.82730e-07 	 9.74315e-07 	 8.41521e-09 
1.975 	 9.72207e-07 	 9.63878e-07 	 8.32904e-09 
1.972 	 9.61882e-07 	 9.53638e-07 	 8.24418e-09 
1.969 	 9.51749e-07 	 9.43589e-07 	 8.16060e-09 
1.965 	 9.41804e-07 	 9.33726e-07 	 8.07826e-09 
1.962 	 9.32042e-07 	 9.24045e-07 	 7.99715e-09 
1.959 	 9.22459e-07 	 9.14542e-07 	 7.91724e-09 
1.956 	 9.13050e-07 	 9.05211e-07 	 7.83849e-09 
1.953 	 9.03811e-07 	 8.96050e-07 	 7.76090e-09 
1.950 	 8.94737e-07 	 8.87053e-07 	 7.68443e-09 
1.947 	 8.85825e-07 	 8.78216e-07 	 7.60905e-09 
1.944 	 8.77071e-07 	 8.69537e-07 	 7.53476e-09 
1.941 	 8.68472e-07 	 8.61010e-07 	 7.46153e-09 
1.938 	 8.60022e-07 	 8.52633e-07 	 7.38932e-09 
1.935 	 8.51719e-07 	 8.44401e-07 	 7.31814e-09 
1.932 	 8.43560e-07 	 8.36312e-07 	 7.24795e-09 
1.929 	 8.35541e-07 	 8.28363e-07 	 7.17873e-09 
1.926 	 8.27659e-07 	 8.20549e-07 	 7.11047e-09 
1.923 	 8.19911e-07 	 8.12868e-07 	 7.04315e-09 
1.920 	 8.12295e-07 	 8.05318e-07 	 6.97675e-09 
1.917 	 8.04806e-07 	 7.97895e-07 	 6.91125e-09 
1.914 	 7.97443e-07 	 7.90596e-07 	 6.84664e-09 
1.911 	 7.90202e-07 	 7.83419e-07 	 6.78289e-09 
1.908 	 7.83082e-07 	 7.76362e-07 	 6.72000e-09 
