Energy [eV] Ext Cross [um^2] Abs Cross [um^2] Sca Cross [um^2] 
2.756 	 2.82256e-03 	 2.28693e-03 	 5.35628e-04 
2.749 	 3.01303e-03 	 2.42623e-03 	 5.86799e-04 
2.743 	 3.22211e-03 	 2.57907e-03 	 6.43043e-04 
2.737 	 3.45211e-03 	 2.74714e-03 	 7.04970e-04 
2.731 	 3.70578e-03 	 2.93254e-03 	 7.73248e-04 
2.725 	 3.98640e-03 	 3.13780e-03 	 8.48598e-04 
2.719 	 4.29761e-03 	 3.36580e-03 	 9.31814e-04 
2.713 	 4.64340e-03 	 3.61963e-03 	 1.02377e-03 
2.707 	 5.02784e-03 	 3.90242e-03 	 1.12542e-03 
2.701 	 5.45460e-03 	 4.21682e-03 	 1.23778e-03 
2.695 	 5.92608e-03 	 4.56418e-03 	 1.36190e-03 
2.689 	 6.44204e-03 	 4.94318e-03 	 1.49886e-03 
2.684 	 6.99844e-03 	 5.34856e-03 	 1.64988e-03 
2.678 	 7.58767e-03 	 5.77114e-03 	 1.81653e-03 
2.672 	 8.20222e-03 	 6.20106e-03 	 2.00116e-03 
2.666 	 8.84160e-03 	 6.63438e-03 	 2.20723e-03 
2.660 	 9.51776e-03 	 7.07856e-03 	 2.43920e-03 
2.655 	 1.02538e-02 	 7.55183e-03 	 2.70201e-03 
2.649 	 1.10770e-02 	 8.07662e-03 	 3.00036e-03 
2.643 	 1.20113e-02 	 8.67284e-03 	 3.33847e-03 
2.638 	 1.30750e-02 	 9.35490e-03 	 3.72009e-03 
2.632 	 1.42809e-02 	 1.01318e-02 	 4.14901e-03 
2.627 	 1.56388e-02 	 1.10091e-02 	 4.62971e-03 
2.621 	 1.71592e-02 	 1.19908e-02 	 5.16840e-03 
2.615 	 1.88561e-02 	 1.30824e-02 	 5.77369e-03 
2.610 	 2.07466e-02 	 1.42909e-02 	 6.45566e-03 
2.604 	 2.28453e-02 	 1.56221e-02 	 7.22316e-03 
2.599 	 2.51553e-02 	 1.70751e-02 	 8.08025e-03 
2.593 	 2.76585e-02 	 1.86356e-02 	 9.02290e-03 
2.588 	 3.03069e-02 	 2.02706e-02 	 1.00363e-02 
2.583 	 3.30172e-02 	 2.19246e-02 	 1.10926e-02 
2.577 	 3.56680e-02 	 2.35183e-02 	 1.21497e-02 
2.572 	 3.81035e-02 	 2.49520e-02 	 1.31514e-02 
2.566 	 4.01470e-02 	 2.61147e-02 	 1.40324e-02 
2.561 	 4.16268e-02 	 2.69009e-02 	 1.47259e-02 
2.556 	 4.24075e-02 	 2.72312e-02 	 1.51763e-02 
2.550 	 4.24209e-02 	 2.70706e-02 	 1.53503e-02 
2.545 	 4.16806e-02 	 2.64365e-02 	 1.52441e-02 
2.540 	 4.02774e-02 	 2.53944e-02 	 1.48830e-02 
2.535 	 3.83556e-02 	 2.40416e-02 	 1.43141e-02 
2.530 	 3.60813e-02 	 2.24864e-02 	 1.35950e-02 
2.524 	 3.36142e-02 	 2.08308e-02 	 1.27834e-02 
2.519 	 3.10887e-02 	 1.91591e-02 	 1.19296e-02 
2.514 	 2.86065e-02 	 1.75334e-02 	 1.10732e-02 
2.509 	 2.62367e-02 	 1.59946e-02 	 1.02421e-02 
2.504 	 2.40206e-02 	 1.45663e-02 	 9.45423e-03 
2.499 	 2.19785e-02 	 1.32587e-02 	 8.71977e-03 
2.494 	 2.01160e-02 	 1.20730e-02 	 8.04299e-03 
2.489 	 1.84291e-02 	 1.10047e-02 	 7.42432e-03 
2.484 	 1.69080e-02 	 1.00462e-02 	 6.86174e-03 
2.479 	 1.55399e-02 	 9.18811e-03 	 6.35183e-03 
2.474 	 1.43111e-02 	 8.42069e-03 	 5.89046e-03 
2.469 	 1.32076e-02 	 7.73436e-03 	 5.47328e-03 
2.464 	 1.22161e-02 	 7.12011e-03 	 5.09599e-03 
2.459 	 1.13242e-02 	 6.56969e-03 	 4.75450e-03 
2.454 	 1.05207e-02 	 6.07569e-03 	 4.44505e-03 
2.449 	 9.79570e-03 	 5.63150e-03 	 4.16419e-03 
2.444 	 9.14016e-03 	 5.23130e-03 	 3.90886e-03 
2.440 	 8.54625e-03 	 4.86996e-03 	 3.67629e-03 
2.435 	 8.00703e-03 	 4.54299e-03 	 3.46404e-03 
2.430 	 7.51641e-03 	 4.24647e-03 	 3.26994e-03 
2.425 	 7.06902e-03 	 3.97695e-03 	 3.09207e-03 
2.420 	 6.66019e-03 	 3.73144e-03 	 2.92875e-03 
2.416 	 6.28578e-03 	 3.50731e-03 	 2.77848e-03 
2.411 	 5.94220e-03 	 3.30226e-03 	 2.63994e-03 
2.406 	 5.62624e-03 	 3.11428e-03 	 2.51196e-03 
2.402 	 5.33512e-03 	 2.94160e-03 	 2.39352e-03 
2.397 	 5.06637e-03 	 2.78266e-03 	 2.28371e-03 
2.392 	 4.81778e-03 	 2.63609e-03 	 2.18170e-03 
2.388 	 4.58744e-03 	 2.50067e-03 	 2.08677e-03 
2.383 	 4.37363e-03 	 2.37534e-03 	 1.99830e-03 
2.378 	 4.17483e-03 	 2.25913e-03 	 1.91569e-03 
2.374 	 3.98967e-03 	 2.15122e-03 	 1.83845e-03 
2.369 	 3.81695e-03 	 2.05084e-03 	 1.76611e-03 
2.365 	 3.65559e-03 	 1.95733e-03 	 1.69827e-03 
2.360 	 3.50462e-03 	 1.87008e-03 	 1.63454e-03 
2.356 	 3.36316e-03 	 1.78856e-03 	 1.57460e-03 
2.351 	 3.23044e-03 	 1.71228e-03 	 1.51816e-03 
2.347 	 3.10574e-03 	 1.64081e-03 	 1.46493e-03 
2.342 	 2.98844e-03 	 1.57376e-03 	 1.41467e-03 
2.338 	 2.87796e-03 	 1.51079e-03 	 1.36717e-03 
2.333 	 2.77378e-03 	 1.45157e-03 	 1.32221e-03 
2.329 	 2.67543e-03 	 1.39581e-03 	 1.27962e-03 
2.325 	 2.58247e-03 	 1.34325e-03 	 1.23922e-03 
2.320 	 2.49453e-03 	 1.29366e-03 	 1.20087e-03 
2.316 	 2.41123e-03 	 1.24682e-03 	 1.16442e-03 
2.312 	 2.33226e-03 	 1.20252e-03 	 1.12974e-03 
2.307 	 2.25732e-03 	 1.16060e-03 	 1.09673e-03 
2.303 	 2.18614e-03 	 1.12088e-03 	 1.06526e-03 
2.299 	 2.11845e-03 	 1.08321e-03 	 1.03524e-03 
2.294 	 2.05405e-03 	 1.04746e-03 	 1.00658e-03 
2.290 	 1.99270e-03 	 1.01350e-03 	 9.79199e-04 
2.286 	 1.93422e-03 	 9.81209e-04 	 9.53013e-04 
2.282 	 1.87843e-03 	 9.50480e-04 	 9.27951e-04 
2.277 	 1.82516e-03 	 9.21216e-04 	 9.03949e-04 
2.273 	 1.77427e-03 	 8.93325e-04 	 8.80944e-04 
2.269 	 1.72561e-03 	 8.66725e-04 	 8.58880e-04 
2.265 	 1.67904e-03 	 8.41337e-04 	 8.37705e-04 
2.261 	 1.63446e-03 	 8.17089e-04 	 8.17368e-04 
2.257 	 1.59174e-03 	 7.93914e-04 	 7.97824e-04 
2.252 	 1.55078e-03 	 7.71751e-04 	 7.79030e-04 
2.248 	 1.51149e-03 	 7.50542e-04 	 7.60948e-04 
2.244 	 1.47377e-03 	 7.30232e-04 	 7.43538e-04 
2.240 	 1.43754e-03 	 7.10772e-04 	 7.26768e-04 
2.236 	 1.40272e-03 	 6.92115e-04 	 7.10604e-04 
2.232 	 1.36923e-03 	 6.74218e-04 	 6.95016e-04 
2.228 	 1.33701e-03 	 6.57039e-04 	 6.79975e-04 
2.224 	 1.30600e-03 	 6.40541e-04 	 6.65455e-04 
2.220 	 1.27612e-03 	 6.24688e-04 	 6.51430e-04 
2.216 	 1.24732e-03 	 6.09446e-04 	 6.37877e-04 
2.212 	 1.21956e-03 	 5.94785e-04 	 6.24773e-04 
2.208 	 1.19277e-03 	 5.80675e-04 	 6.12099e-04 
2.204 	 1.16692e-03 	 5.67090e-04 	 5.99834e-04 
2.200 	 1.14196e-03 	 5.54003e-04 	 5.87961e-04 
2.196 	 1.11785e-03 	 5.41390e-04 	 5.76461e-04 
2.192 	 1.09455e-03 	 5.29230e-04 	 5.65318e-04 
2.189 	 1.07202e-03 	 5.17500e-04 	 5.54517e-04 
2.185 	 1.05022e-03 	 5.06181e-04 	 5.44043e-04 
2.181 	 1.02914e-03 	 4.95254e-04 	 5.33883e-04 
2.177 	 1.00872e-03 	 4.84701e-04 	 5.24023e-04 
2.173 	 9.88954e-04 	 4.74504e-04 	 5.14450e-04 
2.169 	 9.69803e-04 	 4.64649e-04 	 5.05154e-04 
2.166 	 9.51242e-04 	 4.55119e-04 	 4.96123e-04 
2.162 	 9.33248e-04 	 4.45902e-04 	 4.87346e-04 
2.158 	 9.15796e-04 	 4.36983e-04 	 4.78813e-04 
2.154 	 8.98865e-04 	 4.28349e-04 	 4.70516e-04 
2.150 	 8.82432e-04 	 4.19989e-04 	 4.62444e-04 
2.147 	 8.66479e-04 	 4.11891e-04 	 4.54589e-04 
2.143 	 8.50987e-04 	 4.04044e-04 	 4.46943e-04 
2.139 	 8.35936e-04 	 3.96437e-04 	 4.39498e-04 
2.136 	 8.21310e-04 	 3.89062e-04 	 4.32247e-04 
2.132 	 8.07093e-04 	 3.81909e-04 	 4.25183e-04 
2.128 	 7.93268e-04 	 3.74969e-04 	 4.18299e-04 
2.124 	 7.79822e-04 	 3.68234e-04 	 4.11588e-04 
2.121 	 7.66740e-04 	 3.61696e-04 	 4.05045e-04 
2.117 	 7.54009e-04 	 3.55346e-04 	 3.98663e-04 
2.114 	 7.41616e-04 	 3.49179e-04 	 3.92437e-04 
2.110 	 7.29549e-04 	 3.43186e-04 	 3.86362e-04 
2.106 	 7.17795e-04 	 3.37363e-04 	 3.80433e-04 
2.103 	 7.06344e-04 	 3.31701e-04 	 3.74644e-04 
2.099 	 6.95186e-04 	 3.26196e-04 	 3.68990e-04 
2.096 	 6.84310e-04 	 3.20841e-04 	 3.63469e-04 
2.092 	 6.73705e-04 	 3.15631e-04 	 3.58074e-04 
2.089 	 6.63364e-04 	 3.10561e-04 	 3.52803e-04 
2.085 	 6.53277e-04 	 3.05626e-04 	 3.47651e-04 
2.081 	 6.43436e-04 	 3.00822e-04 	 3.42614e-04 
2.078 	 6.33832e-04 	 2.96143e-04 	 3.37689e-04 
2.074 	 6.24457e-04 	 2.91585e-04 	 3.32872e-04 
2.071 	 6.15304e-04 	 2.87145e-04 	 3.28160e-04 
2.068 	 6.06367e-04 	 2.82817e-04 	 3.23549e-04 
2.064 	 5.97637e-04 	 2.78599e-04 	 3.19038e-04 
2.061 	 5.89108e-04 	 2.74487e-04 	 3.14622e-04 
2.057 	 5.80775e-04 	 2.70477e-04 	 3.10298e-04 
2.054 	 5.72631e-04 	 2.66566e-04 	 3.06065e-04 
2.050 	 5.64670e-04 	 2.62750e-04 	 3.01920e-04 
2.047 	 5.56886e-04 	 2.59028e-04 	 2.97859e-04 
2.044 	 5.49275e-04 	 2.55394e-04 	 2.93881e-04 
2.040 	 5.41831e-04 	 2.51848e-04 	 2.89983e-04 
2.037 	 5.34548e-04 	 2.48386e-04 	 2.86163e-04 
2.033 	 5.27423e-04 	 2.45005e-04 	 2.82418e-04 
2.030 	 5.20450e-04 	 2.41703e-04 	 2.78747e-04 
2.027 	 5.13626e-04 	 2.38477e-04 	 2.75148e-04 
2.023 	 5.06945e-04 	 2.35326e-04 	 2.71619e-04 
2.020 	 5.00403e-04 	 2.32246e-04 	 2.68157e-04 
2.017 	 4.93997e-04 	 2.29236e-04 	 2.64761e-04 
2.014 	 4.87724e-04 	 2.26294e-04 	 2.61429e-04 
2.010 	 4.81578e-04 	 2.23417e-04 	 2.58160e-04 
2.007 	 4.75556e-04 	 2.20604e-04 	 2.54952e-04 
2.004 	 4.69656e-04 	 2.17853e-04 	 2.51803e-04 
2.000 	 4.63873e-04 	 2.15162e-04 	 2.48711e-04 
1.997 	 4.58205e-04 	 2.12529e-04 	 2.45676e-04 
1.994 	 4.52649e-04 	 2.09953e-04 	 2.42696e-04 
1.991 	 4.47201e-04 	 2.07431e-04 	 2.39769e-04 
1.988 	 4.41858e-04 	 2.04964e-04 	 2.36895e-04 
1.984 	 4.36619e-04 	 2.02548e-04 	 2.34071e-04 
1.981 	 4.31480e-04 	 2.00183e-04 	 2.31297e-04 
1.978 	 4.26438e-04 	 1.97868e-04 	 2.28571e-04 
1.975 	 4.21492e-04 	 1.95600e-04 	 2.25892e-04 
1.972 	 4.16638e-04 	 1.93379e-04 	 2.23260e-04 
1.969 	 4.11875e-04 	 1.91203e-04 	 2.20672e-04 
1.965 	 4.07200e-04 	 1.89071e-04 	 2.18129e-04 
1.962 	 4.02611e-04 	 1.86983e-04 	 2.15628e-04 
1.959 	 3.98105e-04 	 1.84936e-04 	 2.13169e-04 
1.956 	 3.93681e-04 	 1.82930e-04 	 2.10751e-04 
1.953 	 3.89337e-04 	 1.80964e-04 	 2.08374e-04 
1.950 	 3.85071e-04 	 1.79036e-04 	 2.06035e-04 
1.947 	 3.80880e-04 	 1.77146e-04 	 2.03734e-04 
1.944 	 3.76763e-04 	 1.75292e-04 	 2.01471e-04 
1.941 	 3.72718e-04 	 1.73475e-04 	 1.99244e-04 
1.938 	 3.68744e-04 	 1.71692e-04 	 1.97052e-04 
1.935 	 3.64838e-04 	 1.69942e-04 	 1.94896e-04 
1.932 	 3.60999e-04 	 1.68226e-04 	 1.92773e-04 
1.929 	 3.57226e-04 	 1.66542e-04 	 1.90684e-04 
1.926 	 3.53518e-04 	 1.64890e-04 	 1.88628e-04 
1.923 	 3.49871e-04 	 1.63268e-04 	 1.86603e-04 
1.920 	 3.46286e-04 	 1.61677e-04 	 1.84610e-04 
1.917 	 3.42761e-04 	 1.60114e-04 	 1.82647e-04 
1.914 	 3.39294e-04 	 1.58580e-04 	 1.80714e-04 
1.911 	 3.35884e-04 	 1.57074e-04 	 1.78810e-04 
1.908 	 3.32531e-04 	 1.55595e-04 	 1.76935e-04 
