Energy [eV] Ext Cross [um^2] Abs Cross [um^2] Sca Cross [um^2] 
2.756 	 2.56339e-03 	 2.08502e-03 	 4.78373e-04 
2.749 	 2.73586e-03 	 2.21395e-03 	 5.21907e-04 
2.743 	 2.92632e-03 	 2.35678e-03 	 5.69541e-04 
2.737 	 3.13727e-03 	 2.51551e-03 	 6.21762e-04 
2.731 	 3.37175e-03 	 2.69264e-03 	 6.79107e-04 
2.725 	 3.63346e-03 	 2.89132e-03 	 7.42142e-04 
2.719 	 3.92665e-03 	 3.11517e-03 	 8.11473e-04 
2.713 	 4.25600e-03 	 3.36827e-03 	 8.87730e-04 
2.707 	 4.62651e-03 	 3.65498e-03 	 9.71539e-04 
2.701 	 5.04307e-03 	 3.97962e-03 	 1.06345e-03 
2.695 	 5.50984e-03 	 4.34604e-03 	 1.16380e-03 
2.689 	 6.02955e-03 	 4.75701e-03 	 1.27254e-03 
2.684 	 6.60286e-03 	 5.21384e-03 	 1.38901e-03 
2.678 	 7.22722e-03 	 5.71565e-03 	 1.51156e-03 
2.672 	 7.89462e-03 	 6.25737e-03 	 1.63725e-03 
2.666 	 8.58869e-03 	 6.82686e-03 	 1.76183e-03 
2.660 	 9.28467e-03 	 7.40427e-03 	 1.88039e-03 
2.655 	 9.95526e-03 	 7.96694e-03 	 1.98832e-03 
2.649 	 1.05779e-02 	 8.49644e-03 	 2.08146e-03 
2.643 	 1.11333e-02 	 8.97848e-03 	 2.15480e-03 
2.638 	 1.15953e-02 	 9.39372e-03 	 2.20155e-03 
2.632 	 1.19277e-02 	 9.71182e-03 	 2.21591e-03 
2.627 	 1.21014e-02 	 9.90226e-03 	 2.19919e-03 
2.621 	 1.21217e-02 	 9.95728e-03 	 2.16438e-03 
2.615 	 1.20399e-02 	 9.90584e-03 	 2.13402e-03 
2.610 	 1.19373e-02 	 9.80511e-03 	 2.13224e-03 
2.604 	 1.18957e-02 	 9.71827e-03 	 2.17746e-03 
2.599 	 1.19765e-02 	 9.69639e-03 	 2.28008e-03 
2.593 	 1.22168e-02 	 9.77255e-03 	 2.44423e-03 
2.588 	 1.26355e-02 	 9.96461e-03 	 2.67087e-03 
2.583 	 1.32412e-02 	 1.02809e-02 	 2.96030e-03 
2.577 	 1.40385e-02 	 1.07249e-02 	 3.31353e-03 
2.572 	 1.50317e-02 	 1.12988e-02 	 3.73292e-03 
2.566 	 1.62267e-02 	 1.20045e-02 	 4.22221e-03 
2.561 	 1.76307e-02 	 1.28445e-02 	 4.78625e-03 
2.556 	 1.92516e-02 	 1.38211e-02 	 5.43049e-03 
2.550 	 2.10958e-02 	 1.49357e-02 	 6.16018e-03 
2.545 	 2.31656e-02 	 1.61863e-02 	 6.97927e-03 
2.540 	 2.54545e-02 	 1.75656e-02 	 7.88886e-03 
2.535 	 2.79420e-02 	 1.90568e-02 	 8.88516e-03 
2.530 	 3.05875e-02 	 2.06305e-02 	 9.95701e-03 
2.524 	 3.33238e-02 	 2.22407e-02 	 1.10831e-02 
2.519 	 3.60526e-02 	 2.38227e-02 	 1.22299e-02 
2.514 	 3.86440e-02 	 2.52936e-02 	 1.33504e-02 
2.509 	 4.09442e-02 	 2.65575e-02 	 1.43867e-02 
2.504 	 4.27915e-02 	 2.75165e-02 	 1.52751e-02 
2.499 	 4.40412e-02 	 2.80862e-02 	 1.59550e-02 
2.494 	 4.45923e-02 	 2.82122e-02 	 1.63801e-02 
2.489 	 4.44086e-02 	 2.78816e-02 	 1.65270e-02 
2.484 	 4.35253e-02 	 2.71261e-02 	 1.63993e-02 
2.479 	 4.20393e-02 	 2.60139e-02 	 1.60255e-02 
2.474 	 4.00872e-02 	 2.46355e-02 	 1.54517e-02 
2.469 	 3.78191e-02 	 2.30870e-02 	 1.47321e-02 
2.464 	 3.53769e-02 	 2.14567e-02 	 1.39202e-02 
2.459 	 3.28798e-02 	 1.98171e-02 	 1.30627e-02 
2.454 	 3.04189e-02 	 1.82221e-02 	 1.21968e-02 
2.449 	 2.80574e-02 	 1.67077e-02 	 1.13497e-02 
2.444 	 2.58347e-02 	 1.52951e-02 	 1.05396e-02 
2.440 	 2.37719e-02 	 1.39945e-02 	 9.77742e-03 
2.435 	 2.18763e-02 	 1.28076e-02 	 9.06864e-03 
2.430 	 2.01464e-02 	 1.17314e-02 	 8.41493e-03 
2.425 	 1.85749e-02 	 1.07595e-02 	 7.81537e-03 
2.420 	 1.71515e-02 	 9.88398e-03 	 7.26751e-03 
2.416 	 1.58642e-02 	 9.09618e-03 	 6.76800e-03 
2.411 	 1.47006e-02 	 8.38757e-03 	 6.31308e-03 
2.406 	 1.36488e-02 	 7.74992e-03 	 5.89889e-03 
2.402 	 1.26973e-02 	 7.17560e-03 	 5.52166e-03 
2.397 	 1.18355e-02 	 6.65764e-03 	 5.17782e-03 
2.392 	 1.10539e-02 	 6.18980e-03 	 4.86406e-03 
2.388 	 1.03438e-02 	 5.76646e-03 	 4.57736e-03 
2.383 	 9.69766e-03 	 5.38268e-03 	 4.31499e-03 
2.378 	 9.10855e-03 	 5.03407e-03 	 4.07448e-03 
2.374 	 8.57042e-03 	 4.71679e-03 	 3.85363e-03 
2.369 	 8.07791e-03 	 4.42743e-03 	 3.65048e-03 
2.365 	 7.62627e-03 	 4.16300e-03 	 3.46327e-03 
2.360 	 7.21132e-03 	 3.92087e-03 	 3.29045e-03 
2.356 	 6.82934e-03 	 3.69872e-03 	 3.13062e-03 
2.351 	 6.47705e-03 	 3.49450e-03 	 2.98255e-03 
2.347 	 6.15156e-03 	 3.30643e-03 	 2.84514e-03 
2.342 	 5.85029e-03 	 3.13289e-03 	 2.71740e-03 
2.338 	 5.57096e-03 	 2.97250e-03 	 2.59846e-03 
2.333 	 5.31153e-03 	 2.82398e-03 	 2.48754e-03 
2.329 	 5.07019e-03 	 2.68625e-03 	 2.38394e-03 
2.325 	 4.84532e-03 	 2.55830e-03 	 2.28702e-03 
2.320 	 4.63548e-03 	 2.43925e-03 	 2.19623e-03 
2.316 	 4.43937e-03 	 2.32832e-03 	 2.11105e-03 
2.312 	 4.25583e-03 	 2.22479e-03 	 2.03104e-03 
2.307 	 4.08381e-03 	 2.12805e-03 	 1.95576e-03 
2.303 	 3.92237e-03 	 2.03751e-03 	 1.88487e-03 
2.299 	 3.77067e-03 	 1.95267e-03 	 1.81800e-03 
2.294 	 3.62793e-03 	 1.87306e-03 	 1.75487e-03 
2.290 	 3.49346e-03 	 1.79827e-03 	 1.69519e-03 
2.286 	 3.36663e-03 	 1.72792e-03 	 1.63871e-03 
2.282 	 3.24687e-03 	 1.66168e-03 	 1.58520e-03 
2.277 	 3.13367e-03 	 1.59922e-03 	 1.53445e-03 
2.273 	 3.02654e-03 	 1.54028e-03 	 1.48627e-03 
2.269 	 2.92507e-03 	 1.48459e-03 	 1.44048e-03 
2.265 	 2.82886e-03 	 1.43193e-03 	 1.39693e-03 
2.261 	 2.73754e-03 	 1.38208e-03 	 1.35547e-03 
2.257 	 2.65080e-03 	 1.33484e-03 	 1.31596e-03 
2.252 	 2.56832e-03 	 1.29005e-03 	 1.27827e-03 
2.248 	 2.48983e-03 	 1.24753e-03 	 1.24231e-03 
2.244 	 2.41507e-03 	 1.20713e-03 	 1.20794e-03 
2.240 	 2.34381e-03 	 1.16872e-03 	 1.17509e-03 
2.236 	 2.27583e-03 	 1.13217e-03 	 1.14366e-03 
2.232 	 2.21092e-03 	 1.09736e-03 	 1.11357e-03 
2.228 	 2.14891e-03 	 1.06418e-03 	 1.08473e-03 
2.224 	 2.08961e-03 	 1.03253e-03 	 1.05708e-03 
2.220 	 2.03287e-03 	 1.00232e-03 	 1.03054e-03 
2.216 	 1.97854e-03 	 9.73470e-04 	 1.00507e-03 
2.212 	 1.92648e-03 	 9.45888e-04 	 9.80594e-04 
2.208 	 1.87657e-03 	 9.19506e-04 	 9.57064e-04 
2.204 	 1.82869e-03 	 8.94256e-04 	 9.34429e-04 
2.200 	 1.78272e-03 	 8.70073e-04 	 9.12644e-04 
2.196 	 1.73856e-03 	 8.46899e-04 	 8.91664e-04 
2.192 	 1.69613e-03 	 8.24679e-04 	 8.71448e-04 
2.189 	 1.65532e-03 	 8.03361e-04 	 8.51957e-04 
2.185 	 1.61605e-03 	 7.82897e-04 	 8.33157e-04 
2.181 	 1.57825e-03 	 7.63242e-04 	 8.15013e-04 
2.177 	 1.54185e-03 	 7.44353e-04 	 7.97494e-04 
2.173 	 1.50676e-03 	 7.26193e-04 	 7.80570e-04 
2.169 	 1.47294e-03 	 7.08723e-04 	 7.64213e-04 
2.166 	 1.44031e-03 	 6.91910e-04 	 7.48396e-04 
2.162 	 1.40882e-03 	 6.75720e-04 	 7.33096e-04 
2.158 	 1.37841e-03 	 6.60123e-04 	 7.18289e-04 
2.154 	 1.34904e-03 	 6.45091e-04 	 7.03953e-04 
2.150 	 1.32066e-03 	 6.30596e-04 	 6.90066e-04 
2.147 	 1.29322e-03 	 6.16614e-04 	 6.76610e-04 
2.143 	 1.26669e-03 	 6.03120e-04 	 6.63566e-04 
2.139 	 1.24101e-03 	 5.90091e-04 	 6.50917e-04 
2.136 	 1.21615e-03 	 5.77507e-04 	 6.38645e-04 
2.132 	 1.19208e-03 	 5.65348e-04 	 6.26736e-04 
2.128 	 1.16877e-03 	 5.53594e-04 	 6.15174e-04 
2.124 	 1.14617e-03 	 5.42229e-04 	 6.03946e-04 
2.121 	 1.12427e-03 	 5.31234e-04 	 5.93037e-04 
2.117 	 1.10303e-03 	 5.20594e-04 	 5.82436e-04 
2.114 	 1.08243e-03 	 5.10294e-04 	 5.72131e-04 
2.110 	 1.06243e-03 	 5.00320e-04 	 5.62109e-04 
2.106 	 1.04302e-03 	 4.90658e-04 	 5.52360e-04 
2.103 	 1.02417e-03 	 4.81294e-04 	 5.42874e-04 
2.099 	 1.00586e-03 	 4.72218e-04 	 5.33641e-04 
2.096 	 9.88068e-04 	 4.63416e-04 	 5.24652e-04 
2.092 	 9.70775e-04 	 4.54879e-04 	 5.15896e-04 
2.089 	 9.53962e-04 	 4.46595e-04 	 5.07367e-04 
2.085 	 9.37611e-04 	 4.38555e-04 	 4.99056e-04 
2.081 	 9.21704e-04 	 4.30749e-04 	 4.90955e-04 
2.078 	 9.06225e-04 	 4.23168e-04 	 4.83057e-04 
2.074 	 8.91158e-04 	 4.15804e-04 	 4.75354e-04 
2.071 	 8.76489e-04 	 4.08648e-04 	 4.67840e-04 
2.068 	 8.62202e-04 	 4.01693e-04 	 4.60509e-04 
2.064 	 8.48285e-04 	 3.94931e-04 	 4.53354e-04 
2.061 	 8.34724e-04 	 3.88355e-04 	 4.46369e-04 
2.057 	 8.21507e-04 	 3.81958e-04 	 4.39549e-04 
2.054 	 8.08623e-04 	 3.75734e-04 	 4.32889e-04 
2.050 	 7.96059e-04 	 3.69677e-04 	 4.26383e-04 
2.047 	 7.83806e-04 	 3.63780e-04 	 4.20025e-04 
2.044 	 7.71852e-04 	 3.58039e-04 	 4.13813e-04 
2.040 	 7.60187e-04 	 3.52447e-04 	 4.07740e-04 
2.037 	 7.48803e-04 	 3.47000e-04 	 4.01803e-04 
2.033 	 7.37690e-04 	 3.41693e-04 	 3.95997e-04 
2.030 	 7.26838e-04 	 3.36521e-04 	 3.90318e-04 
2.027 	 7.16241e-04 	 3.31478e-04 	 3.84762e-04 
2.023 	 7.05889e-04 	 3.26562e-04 	 3.79327e-04 
2.020 	 6.95774e-04 	 3.21768e-04 	 3.74007e-04 
2.017 	 6.85891e-04 	 3.17091e-04 	 3.68799e-04 
2.014 	 6.76230e-04 	 3.12529e-04 	 3.63702e-04 
2.010 	 6.66786e-04 	 3.08076e-04 	 3.58710e-04 
2.007 	 6.57551e-04 	 3.03731e-04 	 3.53821e-04 
2.004 	 6.48520e-04 	 2.99488e-04 	 3.49032e-04 
2.000 	 6.39686e-04 	 2.95346e-04 	 3.44340e-04 
1.997 	 6.31044e-04 	 2.91301e-04 	 3.39743e-04 
1.994 	 6.22587e-04 	 2.87349e-04 	 3.35238e-04 
1.991 	 6.14311e-04 	 2.83489e-04 	 3.30822e-04 
1.988 	 6.06210e-04 	 2.79718e-04 	 3.26492e-04 
1.984 	 5.98279e-04 	 2.76032e-04 	 3.22248e-04 
1.981 	 5.90514e-04 	 2.72429e-04 	 3.18085e-04 
1.978 	 5.82910e-04 	 2.68907e-04 	 3.14003e-04 
1.975 	 5.75461e-04 	 2.65463e-04 	 3.09998e-04 
1.972 	 5.68165e-04 	 2.62096e-04 	 3.06069e-04 
1.969 	 5.61017e-04 	 2.58802e-04 	 3.02215e-04 
1.965 	 5.54012e-04 	 2.55580e-04 	 2.98432e-04 
1.962 	 5.47147e-04 	 2.52428e-04 	 2.94719e-04 
1.959 	 5.40418e-04 	 2.49344e-04 	 2.91074e-04 
1.956 	 5.33821e-04 	 2.46325e-04 	 2.87496e-04 
1.953 	 5.27353e-04 	 2.43370e-04 	 2.83983e-04 
1.950 	 5.21010e-04 	 2.40477e-04 	 2.80532e-04 
1.947 	 5.14789e-04 	 2.37645e-04 	 2.77144e-04 
1.944 	 5.08687e-04 	 2.34871e-04 	 2.73816e-04 
1.941 	 5.02700e-04 	 2.32154e-04 	 2.70546e-04 
1.938 	 4.96826e-04 	 2.29493e-04 	 2.67333e-04 
1.935 	 4.91062e-04 	 2.26886e-04 	 2.64176e-04 
1.932 	 4.85405e-04 	 2.24331e-04 	 2.61074e-04 
1.929 	 4.79852e-04 	 2.21827e-04 	 2.58025e-04 
1.926 	 4.74401e-04 	 2.19373e-04 	 2.55027e-04 
1.923 	 4.69049e-04 	 2.16968e-04 	 2.52081e-04 
1.920 	 4.63794e-04 	 2.14610e-04 	 2.49184e-04 
1.917 	 4.58633e-04 	 2.12298e-04 	 2.46335e-04 
1.914 	 4.53564e-04 	 2.10031e-04 	 2.43534e-04 
1.911 	 4.48586e-04 	 2.07807e-04 	 2.40778e-04 
1.908 	 4.43695e-04 	 2.05627e-04 	 2.38068e-04 
