Energy [eV] Ext Cross [um^2] Abs Cross [um^2] Sca Cross [um^2] 
2.756 	 6.15396e-03 	 4.32376e-03 	 1.83020e-03 
2.749 	 6.56830e-03 	 4.57334e-03 	 1.99496e-03 
2.743 	 7.02091e-03 	 4.84637e-03 	 2.17454e-03 
2.737 	 7.51637e-03 	 5.14579e-03 	 2.37058e-03 
2.731 	 8.06009e-03 	 5.47525e-03 	 2.58485e-03 
2.725 	 8.65851e-03 	 5.83928e-03 	 2.81923e-03 
2.719 	 9.31896e-03 	 6.24308e-03 	 3.07588e-03 
2.713 	 1.00497e-02 	 6.69247e-03 	 3.35721e-03 
2.707 	 1.08595e-02 	 7.19352e-03 	 3.66596e-03 
2.701 	 1.17571e-02 	 7.75193e-03 	 4.00521e-03 
2.695 	 1.27498e-02 	 8.37146e-03 	 4.37834e-03 
2.689 	 1.38404e-02 	 9.05142e-03 	 4.78900e-03 
2.684 	 1.50242e-02 	 9.78305e-03 	 5.24116e-03 
2.678 	 1.62856e-02 	 1.05465e-02 	 5.73908e-03 
2.672 	 1.75993e-02 	 1.13120e-02 	 6.28730e-03 
2.666 	 1.89413e-02 	 1.20506e-02 	 6.89071e-03 
2.660 	 2.03049e-02 	 1.27503e-02 	 7.55459e-03 
2.655 	 2.17123e-02 	 1.34277e-02 	 8.28455e-03 
2.649 	 2.32076e-02 	 1.41213e-02 	 9.08629e-03 
2.643 	 2.48390e-02 	 1.48742e-02 	 9.96489e-03 
2.638 	 2.66422e-02 	 1.57182e-02 	 1.09239e-02 
2.632 	 2.86325e-02 	 1.66679e-02 	 1.19646e-02 
2.627 	 3.08041e-02 	 1.77193e-02 	 1.30848e-02 
2.621 	 3.31301e-02 	 1.88514e-02 	 1.42787e-02 
2.615 	 3.55668e-02 	 2.00283e-02 	 1.55386e-02 
2.610 	 3.80636e-02 	 2.12059e-02 	 1.68577e-02 
2.604 	 4.05792e-02 	 2.23444e-02 	 1.82348e-02 
2.599 	 4.30982e-02 	 2.34223e-02 	 1.96759e-02 
2.593 	 4.56315e-02 	 2.44418e-02 	 2.11896e-02 
2.588 	 4.81976e-02 	 2.54201e-02 	 2.27775e-02 
2.583 	 5.07952e-02 	 2.63707e-02 	 2.44245e-02 
2.577 	 5.33852e-02 	 2.72893e-02 	 2.60959e-02 
2.572 	 5.58892e-02 	 2.81499e-02 	 2.77393e-02 
2.566 	 5.82001e-02 	 2.89097e-02 	 2.92904e-02 
2.561 	 6.01986e-02 	 2.95179e-02 	 3.06806e-02 
2.556 	 6.17695e-02 	 2.99254e-02 	 3.18440e-02 
2.550 	 6.28175e-02 	 3.00925e-02 	 3.27250e-02 
2.545 	 6.32790e-02 	 2.99948e-02 	 3.32842e-02 
2.540 	 6.31297e-02 	 2.96267e-02 	 3.35031e-02 
2.535 	 6.23851e-02 	 2.90006e-02 	 3.33845e-02 
2.530 	 6.10966e-02 	 2.81451e-02 	 3.29515e-02 
2.524 	 5.93422e-02 	 2.70997e-02 	 3.22425e-02 
2.519 	 5.72158e-02 	 2.59099e-02 	 3.13059e-02 
2.514 	 5.48161e-02 	 2.46220e-02 	 3.01941e-02 
2.509 	 5.22378e-02 	 2.32793e-02 	 2.89585e-02 
2.504 	 4.95653e-02 	 2.19192e-02 	 2.76461e-02 
2.499 	 4.68692e-02 	 2.05721e-02 	 2.62971e-02 
2.494 	 4.42055e-02 	 1.92614e-02 	 2.49441e-02 
2.489 	 4.16162e-02 	 1.80038e-02 	 2.36124e-02 
2.484 	 3.91305e-02 	 1.68102e-02 	 2.23204e-02 
2.479 	 3.67677e-02 	 1.56869e-02 	 2.10808e-02 
2.474 	 3.45386e-02 	 1.46368e-02 	 1.99018e-02 
2.469 	 3.24476e-02 	 1.36600e-02 	 1.87876e-02 
2.464 	 3.04947e-02 	 1.27547e-02 	 1.77400e-02 
2.459 	 2.86765e-02 	 1.19179e-02 	 1.67586e-02 
2.454 	 2.69877e-02 	 1.11459e-02 	 1.58418e-02 
2.449 	 2.54213e-02 	 1.04344e-02 	 1.49869e-02 
2.444 	 2.39700e-02 	 9.77919e-03 	 1.41908e-02 
2.440 	 2.26259e-02 	 9.17593e-03 	 1.34499e-02 
2.435 	 2.13812e-02 	 8.62042e-03 	 1.27608e-02 
2.430 	 2.02283e-02 	 8.10867e-03 	 1.21196e-02 
2.425 	 1.91600e-02 	 7.63694e-03 	 1.15230e-02 
2.420 	 1.81694e-02 	 7.20176e-03 	 1.09676e-02 
2.416 	 1.72501e-02 	 6.79991e-03 	 1.04502e-02 
2.411 	 1.63963e-02 	 6.42848e-03 	 9.96781e-03 
2.406 	 1.56025e-02 	 6.08479e-03 	 9.51767e-03 
2.402 	 1.48636e-02 	 5.76640e-03 	 9.09725e-03 
2.397 	 1.41753e-02 	 5.47109e-03 	 8.70417e-03 
2.392 	 1.35331e-02 	 5.19686e-03 	 8.33628e-03 
2.388 	 1.29335e-02 	 4.94190e-03 	 7.99160e-03 
2.383 	 1.23729e-02 	 4.70455e-03 	 7.66830e-03 
2.378 	 1.18481e-02 	 4.48334e-03 	 7.36473e-03 
2.374 	 1.13563e-02 	 4.27692e-03 	 7.07939e-03 
2.369 	 1.08949e-02 	 4.08406e-03 	 6.81088e-03 
2.365 	 1.04616e-02 	 3.90367e-03 	 6.55794e-03 
2.360 	 1.00541e-02 	 3.73473e-03 	 6.31941e-03 
2.356 	 9.67058e-03 	 3.57635e-03 	 6.09424e-03 
2.351 	 9.30914e-03 	 3.42768e-03 	 5.88145e-03 
2.347 	 8.96817e-03 	 3.28799e-03 	 5.68017e-03 
2.342 	 8.64619e-03 	 3.15660e-03 	 5.48959e-03 
2.338 	 8.34184e-03 	 3.03288e-03 	 5.30896e-03 
2.333 	 8.05386e-03 	 2.91627e-03 	 5.13759e-03 
2.329 	 7.78112e-03 	 2.80625e-03 	 4.97488e-03 
2.325 	 7.52257e-03 	 2.70234e-03 	 4.82023e-03 
2.320 	 7.27724e-03 	 2.60412e-03 	 4.67312e-03 
2.316 	 7.04425e-03 	 2.51119e-03 	 4.53306e-03 
2.312 	 6.82278e-03 	 2.42318e-03 	 4.39960e-03 
2.307 	 6.61209e-03 	 2.33977e-03 	 4.27232e-03 
2.303 	 6.41148e-03 	 2.26063e-03 	 4.15085e-03 
2.299 	 6.22032e-03 	 2.18549e-03 	 4.03482e-03 
2.294 	 6.03801e-03 	 2.11410e-03 	 3.92392e-03 
2.290 	 5.86402e-03 	 2.04620e-03 	 3.81782e-03 
2.286 	 5.69783e-03 	 1.98158e-03 	 3.71625e-03 
2.282 	 5.53899e-03 	 1.92003e-03 	 3.61896e-03 
2.277 	 5.38705e-03 	 1.86136e-03 	 3.52569e-03 
2.273 	 5.24163e-03 	 1.80541e-03 	 3.43622e-03 
2.269 	 5.10234e-03 	 1.75200e-03 	 3.35035e-03 
2.265 	 4.96886e-03 	 1.70099e-03 	 3.26787e-03 
2.261 	 4.84084e-03 	 1.65224e-03 	 3.18860e-03 
2.257 	 4.71800e-03 	 1.60562e-03 	 3.11238e-03 
2.252 	 4.60006e-03 	 1.56102e-03 	 3.03904e-03 
2.248 	 4.48675e-03 	 1.51831e-03 	 2.96844e-03 
2.244 	 4.37782e-03 	 1.47739e-03 	 2.90043e-03 
2.240 	 4.27306e-03 	 1.43817e-03 	 2.83489e-03 
2.236 	 4.17224e-03 	 1.40055e-03 	 2.77170e-03 
2.232 	 4.07517e-03 	 1.36445e-03 	 2.71072e-03 
2.228 	 3.98166e-03 	 1.32978e-03 	 2.65187e-03 
2.224 	 3.89152e-03 	 1.29648e-03 	 2.59504e-03 
2.220 	 3.80461e-03 	 1.26448e-03 	 2.54013e-03 
2.216 	 3.72075e-03 	 1.23370e-03 	 2.48705e-03 
2.212 	 3.63980e-03 	 1.20408e-03 	 2.43572e-03 
2.208 	 3.56163e-03 	 1.17557e-03 	 2.38606e-03 
2.204 	 3.48611e-03 	 1.14811e-03 	 2.33799e-03 
2.200 	 3.41311e-03 	 1.12166e-03 	 2.29145e-03 
2.196 	 3.34252e-03 	 1.09616e-03 	 2.24636e-03 
2.192 	 3.27424e-03 	 1.07158e-03 	 2.20267e-03 
2.189 	 3.20816e-03 	 1.04786e-03 	 2.16031e-03 
2.185 	 3.14419e-03 	 1.02496e-03 	 2.11922e-03 
2.181 	 3.08223e-03 	 1.00286e-03 	 2.07937e-03 
2.177 	 3.02219e-03 	 9.81511e-04 	 2.04068e-03 
2.173 	 2.96401e-03 	 9.60883e-04 	 2.00312e-03 
2.169 	 2.90759e-03 	 9.40943e-04 	 1.96665e-03 
2.166 	 2.85287e-03 	 9.21662e-04 	 1.93121e-03 
2.162 	 2.79977e-03 	 9.03010e-04 	 1.89676e-03 
2.158 	 2.74824e-03 	 8.84962e-04 	 1.86328e-03 
2.154 	 2.69820e-03 	 8.67490e-04 	 1.83071e-03 
2.150 	 2.64960e-03 	 8.50572e-04 	 1.79903e-03 
2.147 	 2.60238e-03 	 8.34184e-04 	 1.76820e-03 
2.143 	 2.55649e-03 	 8.18304e-04 	 1.73819e-03 
2.139 	 2.51188e-03 	 8.02912e-04 	 1.70897e-03 
2.136 	 2.46850e-03 	 7.87987e-04 	 1.68051e-03 
2.132 	 2.42629e-03 	 7.73512e-04 	 1.65278e-03 
2.128 	 2.38523e-03 	 7.59468e-04 	 1.62576e-03 
2.124 	 2.34526e-03 	 7.45839e-04 	 1.59943e-03 
2.121 	 2.30635e-03 	 7.32608e-04 	 1.57374e-03 
2.117 	 2.26846e-03 	 7.19761e-04 	 1.54870e-03 
2.114 	 2.23155e-03 	 7.07283e-04 	 1.52427e-03 
2.110 	 2.19559e-03 	 6.95159e-04 	 1.50043e-03 
2.106 	 2.16054e-03 	 6.83377e-04 	 1.47716e-03 
2.103 	 2.12637e-03 	 6.71924e-04 	 1.45444e-03 
2.099 	 2.09305e-03 	 6.60788e-04 	 1.43226e-03 
2.096 	 2.06056e-03 	 6.49957e-04 	 1.41060e-03 
2.092 	 2.02886e-03 	 6.39421e-04 	 1.38943e-03 
2.089 	 1.99792e-03 	 6.29168e-04 	 1.36876e-03 
2.085 	 1.96773e-03 	 6.19190e-04 	 1.34855e-03 
2.081 	 1.93826e-03 	 6.09475e-04 	 1.32879e-03 
2.078 	 1.90949e-03 	 6.00015e-04 	 1.30947e-03 
2.074 	 1.88138e-03 	 5.90801e-04 	 1.29058e-03 
2.071 	 1.85393e-03 	 5.81825e-04 	 1.27210e-03 
2.068 	 1.82710e-03 	 5.73079e-04 	 1.25403e-03 
2.064 	 1.80089e-03 	 5.64555e-04 	 1.23634e-03 
2.061 	 1.77527e-03 	 5.56245e-04 	 1.21902e-03 
2.057 	 1.75022e-03 	 5.48143e-04 	 1.20208e-03 
2.054 	 1.72573e-03 	 5.40241e-04 	 1.18548e-03 
2.050 	 1.70177e-03 	 5.32534e-04 	 1.16924e-03 
2.047 	 1.67834e-03 	 5.25015e-04 	 1.15332e-03 
2.044 	 1.65541e-03 	 5.17678e-04 	 1.13773e-03 
2.040 	 1.63298e-03 	 5.10517e-04 	 1.12246e-03 
2.037 	 1.61102e-03 	 5.03526e-04 	 1.10749e-03 
2.033 	 1.58953e-03 	 4.96701e-04 	 1.09283e-03 
2.030 	 1.56848e-03 	 4.90036e-04 	 1.07845e-03 
2.027 	 1.54788e-03 	 4.83527e-04 	 1.06435e-03 
2.023 	 1.52770e-03 	 4.77167e-04 	 1.05053e-03 
2.020 	 1.50793e-03 	 4.70954e-04 	 1.03697e-03 
2.017 	 1.48856e-03 	 4.64882e-04 	 1.02368e-03 
2.014 	 1.46958e-03 	 4.58948e-04 	 1.01064e-03 
2.010 	 1.45098e-03 	 4.53146e-04 	 9.97839e-04 
2.007 	 1.43275e-03 	 4.47474e-04 	 9.85281e-04 
2.004 	 1.41488e-03 	 4.41927e-04 	 9.72957e-04 
2.000 	 1.39736e-03 	 4.36502e-04 	 9.60860e-04 
1.997 	 1.38018e-03 	 4.31196e-04 	 9.48984e-04 
1.994 	 1.36333e-03 	 4.26004e-04 	 9.37325e-04 
1.991 	 1.34680e-03 	 4.20924e-04 	 9.25876e-04 
1.988 	 1.33059e-03 	 4.15953e-04 	 9.14632e-04 
1.984 	 1.31468e-03 	 4.11087e-04 	 9.03589e-04 
1.981 	 1.29906e-03 	 4.06325e-04 	 8.92740e-04 
1.978 	 1.28374e-03 	 4.01662e-04 	 8.82082e-04 
1.975 	 1.26871e-03 	 3.97097e-04 	 8.71611e-04 
1.972 	 1.25395e-03 	 3.92626e-04 	 8.61320e-04 
1.969 	 1.23945e-03 	 3.88247e-04 	 8.51207e-04 
1.965 	 1.22522e-03 	 3.83958e-04 	 8.41266e-04 
1.962 	 1.21125e-03 	 3.79757e-04 	 8.31495e-04 
1.959 	 1.19753e-03 	 3.75640e-04 	 8.21888e-04 
1.956 	 1.18405e-03 	 3.71606e-04 	 8.12442e-04 
1.953 	 1.17080e-03 	 3.67652e-04 	 8.03153e-04 
1.950 	 1.15779e-03 	 3.63776e-04 	 7.94018e-04 
1.947 	 1.14501e-03 	 3.59977e-04 	 7.85033e-04 
1.944 	 1.13245e-03 	 3.56253e-04 	 7.76194e-04 
1.941 	 1.12010e-03 	 3.52600e-04 	 7.67499e-04 
1.938 	 1.10796e-03 	 3.49018e-04 	 7.58944e-04 
1.935 	 1.09603e-03 	 3.45505e-04 	 7.50526e-04 
1.932 	 1.08430e-03 	 3.42059e-04 	 7.42242e-04 
1.929 	 1.07277e-03 	 3.38678e-04 	 7.34089e-04 
1.926 	 1.06143e-03 	 3.35361e-04 	 7.26065e-04 
1.923 	 1.05027e-03 	 3.32107e-04 	 7.18165e-04 
1.920 	 1.03930e-03 	 3.28913e-04 	 7.10389e-04 
1.917 	 1.02851e-03 	 3.25778e-04 	 7.02733e-04 
1.914 	 1.01790e-03 	 3.22702e-04 	 6.95194e-04 
1.911 	 1.00745e-03 	 3.19682e-04 	 6.87770e-04 
1.908 	 9.97176e-04 	 3.16717e-04 	 6.80460e-04 
