Energy [eV] EELS_b EELS_a 
2.500 	 6.42921e-12 	 2.54279e-11 
2.502 	 6.57364e-12 	 2.60251e-11 
2.504 	 6.72474e-12 	 2.66499e-11 
2.506 	 6.88286e-12 	 2.73037e-11 
2.508 	 7.04837e-12 	 2.79881e-11 
2.510 	 7.22165e-12 	 2.87047e-11 
2.512 	 7.40311e-12 	 2.94552e-11 
2.514 	 7.59315e-12 	 3.02413e-11 
2.516 	 7.79221e-12 	 3.10649e-11 
2.519 	 8.00073e-12 	 3.19277e-11 
2.521 	 8.21916e-12 	 3.28318e-11 
2.523 	 8.44795e-12 	 3.37791e-11 
2.525 	 8.68757e-12 	 3.47714e-11 
2.527 	 8.93846e-12 	 3.58108e-11 
2.529 	 9.20106e-12 	 3.68992e-11 
2.531 	 9.47579e-12 	 3.80383e-11 
2.533 	 9.76304e-12 	 3.92298e-11 
2.535 	 1.00631e-11 	 4.04753e-11 
2.537 	 1.03764e-11 	 4.17760e-11 
2.539 	 1.07029e-11 	 4.31328e-11 
2.541 	 1.10428e-11 	 4.45462e-11 
2.543 	 1.13960e-11 	 4.60160e-11 
2.545 	 1.17623e-11 	 4.75414e-11 
2.547 	 1.21411e-11 	 4.91206e-11 
2.549 	 1.25318e-11 	 5.07508e-11 
2.551 	 1.29333e-11 	 5.24280e-11 
2.553 	 1.33442e-11 	 5.41465e-11 
2.555 	 1.37626e-11 	 5.58990e-11 
2.557 	 1.41862e-11 	 5.76761e-11 
2.559 	 1.46121e-11 	 5.94660e-11 
2.561 	 1.50367e-11 	 6.12547e-11 
2.563 	 1.54560e-11 	 6.30255e-11 
2.565 	 1.58652e-11 	 6.47587e-11 
2.567 	 1.62589e-11 	 6.64323e-11 
2.569 	 1.66310e-11 	 6.80215e-11 
2.571 	 1.69749e-11 	 6.94992e-11 
2.573 	 1.72839e-11 	 7.08369e-11 
2.575 	 1.75507e-11 	 7.20052e-11 
2.577 	 1.77682e-11 	 7.29745e-11 
2.579 	 1.79299e-11 	 7.37170e-11 
2.581 	 1.80298e-11 	 7.42071e-11 
2.583 	 1.80627e-11 	 7.44235e-11 
2.585 	 1.80251e-11 	 7.43501e-11 
2.587 	 1.79148e-11 	 7.39773e-11 
2.589 	 1.77316e-11 	 7.33029e-11 
2.591 	 1.74770e-11 	 7.23321e-11 
2.593 	 1.71544e-11 	 7.10778e-11 
2.595 	 1.67688e-11 	 6.95599e-11 
2.597 	 1.63268e-11 	 6.78043e-11 
2.599 	 1.58359e-11 	 6.58417e-11 
2.601 	 1.53044e-11 	 6.37059e-11 
2.603 	 1.47412e-11 	 6.14324e-11 
2.605 	 1.41548e-11 	 5.90570e-11 
2.607 	 1.35536e-11 	 5.66139e-11 
2.609 	 1.29454e-11 	 5.41356e-11 
2.611 	 1.23371e-11 	 5.16511e-11 
2.613 	 1.17349e-11 	 4.91863e-11 
2.615 	 1.11441e-11 	 4.67630e-11 
2.618 	 1.05689e-11 	 4.43994e-11 
2.620 	 1.00126e-11 	 4.21101e-11 
2.622 	 9.47794e-12 	 3.99060e-11 
2.624 	 8.96664e-12 	 3.77953e-11 
2.626 	 8.47993e-12 	 3.57834e-11 
2.628 	 8.01846e-12 	 3.38735e-11 
2.630 	 7.58243e-12 	 3.20667e-11 
2.632 	 7.17168e-12 	 3.03629e-11 
2.634 	 6.78577e-12 	 2.87604e-11 
2.636 	 6.42400e-12 	 2.72568e-11 
2.638 	 6.08553e-12 	 2.58486e-11 
2.640 	 5.76936e-12 	 2.45322e-11 
2.642 	 5.47442e-12 	 2.33033e-11 
2.644 	 5.19957e-12 	 2.21572e-11 
2.646 	 4.94361e-12 	 2.10891e-11 
2.648 	 4.70532e-12 	 2.00942e-11 
2.650 	 4.48345e-12 	 1.91672e-11 
2.652 	 4.27674e-12 	 1.83031e-11 
2.654 	 4.08391e-12 	 1.74966e-11 
2.656 	 3.90369e-12 	 1.67424e-11 
2.658 	 3.73480e-12 	 1.60352e-11 
2.660 	 3.57598e-12 	 1.53698e-11 
2.662 	 3.42602e-12 	 1.47409e-11 
2.664 	 3.28374e-12 	 1.41438e-11 
2.666 	 3.14806e-12 	 1.35739e-11 
2.668 	 3.01801e-12 	 1.30269e-11 
2.670 	 2.89273e-12 	 1.24994e-11 
2.672 	 2.77154e-12 	 1.19884e-11 
2.674 	 2.65391e-12 	 1.14917e-11 
2.676 	 2.53948e-12 	 1.10078e-11 
2.678 	 2.42807e-12 	 1.05358e-11 
2.680 	 2.31959e-12 	 1.00757e-11 
2.682 	 2.21410e-12 	 9.62747e-12 
2.684 	 2.11171e-12 	 9.19180e-12 
2.686 	 2.01257e-12 	 8.76936e-12 
2.688 	 1.91686e-12 	 8.36096e-12 
2.690 	 1.82473e-12 	 7.96730e-12 
2.692 	 1.73629e-12 	 7.58898e-12 
2.694 	 1.65164e-12 	 7.22643e-12 
2.696 	 1.57083e-12 	 6.87989e-12 
2.698 	 1.49384e-12 	 6.54941e-12 
2.700 	 1.42064e-12 	 6.23488e-12 
