Energy [eV] EELS_b EELS_a 
2.500 	 2.44776e-12 	 9.63031e-12 
2.502 	 2.50050e-12 	 9.84774e-12 
2.504 	 2.55565e-12 	 1.00751e-11 
2.506 	 2.61334e-12 	 1.03129e-11 
2.508 	 2.67369e-12 	 1.05617e-11 
2.510 	 2.73683e-12 	 1.08220e-11 
2.512 	 2.80290e-12 	 1.10944e-11 
2.514 	 2.87205e-12 	 1.13796e-11 
2.516 	 2.94442e-12 	 1.16781e-11 
2.519 	 3.02016e-12 	 1.19906e-11 
2.521 	 3.09943e-12 	 1.23177e-11 
2.523 	 3.18238e-12 	 1.26601e-11 
2.525 	 3.26917e-12 	 1.30184e-11 
2.527 	 3.35992e-12 	 1.33933e-11 
2.529 	 3.45481e-12 	 1.37854e-11 
2.531 	 3.55394e-12 	 1.41953e-11 
2.533 	 3.65744e-12 	 1.46235e-11 
2.535 	 3.76542e-12 	 1.50704e-11 
2.537 	 3.87793e-12 	 1.55364e-11 
2.539 	 3.99502e-12 	 1.60218e-11 
2.541 	 4.11668e-12 	 1.65264e-11 
2.543 	 4.24285e-12 	 1.70503e-11 
2.545 	 4.37341e-12 	 1.75929e-11 
2.547 	 4.50814e-12 	 1.81534e-11 
2.549 	 4.64675e-12 	 1.87307e-11 
2.551 	 4.78880e-12 	 1.93232e-11 
2.553 	 4.93375e-12 	 1.99286e-11 
2.555 	 5.08089e-12 	 2.05442e-11 
2.557 	 5.22934e-12 	 2.11664e-11 
2.559 	 5.37802e-12 	 2.17911e-11 
2.561 	 5.52567e-12 	 2.24129e-11 
2.563 	 5.67078e-12 	 2.30258e-11 
2.565 	 5.81164e-12 	 2.36229e-11 
2.567 	 5.94631e-12 	 2.41963e-11 
2.569 	 6.07268e-12 	 2.47372e-11 
2.571 	 6.18844e-12 	 2.52363e-11 
2.573 	 6.29121e-12 	 2.56836e-11 
2.575 	 6.37854e-12 	 2.60689e-11 
2.577 	 6.44803e-12 	 2.63824e-11 
2.579 	 6.49743e-12 	 2.66144e-11 
2.581 	 6.52473e-12 	 2.67565e-11 
2.583 	 6.52830e-12 	 2.68016e-11 
2.585 	 6.50698e-12 	 2.67447e-11 
2.587 	 6.46014e-12 	 2.65827e-11 
2.589 	 6.38779e-12 	 2.63153e-11 
2.591 	 6.29056e-12 	 2.59447e-11 
2.593 	 6.16971e-12 	 2.54756e-11 
2.595 	 6.02704e-12 	 2.49152e-11 
2.597 	 5.86487e-12 	 2.42728e-11 
2.599 	 5.68587e-12 	 2.35589e-11 
2.601 	 5.49295e-12 	 2.27856e-11 
2.603 	 5.28915e-12 	 2.19651e-11 
2.605 	 5.07748e-12 	 2.11099e-11 
2.607 	 4.86085e-12 	 2.02319e-11 
2.609 	 4.64196e-12 	 1.93424e-11 
2.611 	 4.42325e-12 	 1.84515e-11 
2.613 	 4.20688e-12 	 1.75682e-11 
2.615 	 3.99464e-12 	 1.67001e-11 
2.618 	 3.78803e-12 	 1.58535e-11 
2.620 	 3.58825e-12 	 1.50336e-11 
2.622 	 3.39620e-12 	 1.42442e-11 
2.624 	 3.21251e-12 	 1.34882e-11 
2.626 	 3.03762e-12 	 1.27675e-11 
2.628 	 2.87176e-12 	 1.20831e-11 
2.630 	 2.71499e-12 	 1.14356e-11 
2.632 	 2.56727e-12 	 1.08248e-11 
2.634 	 2.42843e-12 	 1.02501e-11 
2.636 	 2.29824e-12 	 9.71079e-12 
2.638 	 2.17639e-12 	 9.20557e-12 
2.640 	 2.06254e-12 	 8.73311e-12 
2.642 	 1.95629e-12 	 8.29190e-12 
2.644 	 1.85724e-12 	 7.88032e-12 
2.646 	 1.76497e-12 	 7.49665e-12 
2.648 	 1.67905e-12 	 7.13915e-12 
2.650 	 1.59902e-12 	 6.80599e-12 
2.652 	 1.52443e-12 	 6.49533e-12 
2.654 	 1.45484e-12 	 6.20531e-12 
2.656 	 1.38978e-12 	 5.93405e-12 
2.658 	 1.32881e-12 	 5.67966e-12 
2.660 	 1.27147e-12 	 5.44029e-12 
2.662 	 1.21733e-12 	 5.21412e-12 
2.664 	 1.16598e-12 	 4.99940e-12 
2.666 	 1.11702e-12 	 4.79453e-12 
2.668 	 1.07012e-12 	 4.59804e-12 
2.670 	 1.02497e-12 	 4.40866e-12 
2.672 	 9.81334e-13 	 4.22538e-12 
2.674 	 9.39016e-13 	 4.04739e-12 
2.676 	 8.97893e-13 	 3.87418e-12 
2.678 	 8.57892e-13 	 3.70544e-12 
2.680 	 8.18989e-13 	 3.54108e-12 
2.682 	 7.81196e-13 	 3.38117e-12 
2.684 	 7.44552e-13 	 3.22590e-12 
2.686 	 7.09107e-13 	 3.07550e-12 
2.688 	 6.74919e-13 	 2.93024e-12 
2.690 	 6.42038e-13 	 2.79035e-12 
2.692 	 6.10505e-13 	 2.65603e-12 
2.694 	 5.80346e-13 	 2.52741e-12 
2.696 	 5.51572e-13 	 2.40456e-12 
2.698 	 5.24182e-13 	 2.28749e-12 
2.700 	 4.98157e-13 	 2.17615e-12 
