Energy [eV] EELS_b EELS_a 
2.500 	 4.53575e-13 	 2.99565e-10 
2.502 	 4.59680e-13 	 3.05087e-10 
2.504 	 4.66117e-13 	 3.10877e-10 
2.506 	 4.72937e-13 	 3.16976e-10 
2.508 	 4.80122e-13 	 3.23373e-10 
2.510 	 4.87715e-13 	 3.30103e-10 
2.512 	 4.95736e-13 	 3.37185e-10 
2.514 	 5.04178e-13 	 3.44618e-10 
2.516 	 5.13097e-13 	 3.52446e-10 
2.519 	 5.22491e-13 	 3.60673e-10 
2.521 	 5.32392e-13 	 3.69328e-10 
2.523 	 5.42839e-13 	 3.78444e-10 
2.525 	 5.53839e-13 	 3.88035e-10 
2.527 	 5.65410e-13 	 3.98118e-10 
2.529 	 5.77607e-13 	 4.08743e-10 
2.531 	 5.90443e-13 	 4.19926e-10 
2.533 	 6.03952e-13 	 4.31701e-10 
2.535 	 6.18165e-13 	 4.44102e-10 
2.537 	 6.33116e-13 	 4.57164e-10 
2.539 	 6.48830e-13 	 4.70918e-10 
2.541 	 6.65337e-13 	 4.85399e-10 
2.543 	 6.82670e-13 	 5.00644e-10 
2.545 	 7.00855e-13 	 5.16692e-10 
2.547 	 7.19927e-13 	 5.33583e-10 
2.549 	 7.39896e-13 	 5.51346e-10 
2.551 	 7.60771e-13 	 5.70007e-10 
2.553 	 7.82588e-13 	 5.89618e-10 
2.555 	 8.05322e-13 	 6.10185e-10 
2.557 	 8.28980e-13 	 6.31741e-10 
2.559 	 8.53540e-13 	 6.54300e-10 
2.561 	 8.78956e-13 	 6.77860e-10 
2.563 	 9.05190e-13 	 7.02429e-10 
2.565 	 9.32125e-13 	 7.27949e-10 
2.567 	 9.59705e-13 	 7.54424e-10 
2.569 	 9.87764e-13 	 7.81763e-10 
2.571 	 1.01614e-12 	 8.09882e-10 
2.573 	 1.04465e-12 	 8.38675e-10 
2.575 	 1.07302e-12 	 8.67966e-10 
2.577 	 1.10098e-12 	 8.97583e-10 
2.579 	 1.12818e-12 	 9.27274e-10 
2.581 	 1.15428e-12 	 9.56774e-10 
2.583 	 1.17886e-12 	 9.85751e-10 
2.585 	 1.20147e-12 	 1.01383e-09 
2.587 	 1.22167e-12 	 1.04060e-09 
2.589 	 1.23897e-12 	 1.06561e-09 
2.591 	 1.25291e-12 	 1.08839e-09 
2.593 	 1.26306e-12 	 1.10845e-09 
2.595 	 1.26906e-12 	 1.12532e-09 
2.597 	 1.27052e-12 	 1.13852e-09 
2.599 	 1.26723e-12 	 1.14766e-09 
2.601 	 1.25904e-12 	 1.15237e-09 
2.603 	 1.24593e-12 	 1.15244e-09 
2.605 	 1.22798e-12 	 1.14770e-09 
2.607 	 1.20537e-12 	 1.13812e-09 
2.609 	 1.17844e-12 	 1.12380e-09 
2.611 	 1.14757e-12 	 1.10496e-09 
2.613 	 1.11327e-12 	 1.08191e-09 
2.615 	 1.07607e-12 	 1.05509e-09 
2.618 	 1.03655e-12 	 1.02498e-09 
2.620 	 9.95305e-13 	 9.92154e-10 
2.622 	 9.52921e-13 	 9.57172e-10 
2.624 	 9.09932e-13 	 9.20595e-10 
2.626 	 8.66865e-13 	 8.83003e-10 
2.628 	 8.24147e-13 	 8.44881e-10 
2.630 	 7.82166e-13 	 8.06700e-10 
2.632 	 7.41259e-13 	 7.68877e-10 
2.634 	 7.01670e-13 	 7.31739e-10 
2.636 	 6.63607e-13 	 6.95573e-10 
2.638 	 6.27212e-13 	 6.60602e-10 
2.640 	 5.92576e-13 	 6.26985e-10 
2.642 	 5.59750e-13 	 5.94842e-10 
2.644 	 5.28748e-13 	 5.64241e-10 
2.646 	 4.99566e-13 	 5.35227e-10 
2.648 	 4.72157e-13 	 5.07801e-10 
2.650 	 4.46464e-13 	 4.81942e-10 
2.652 	 4.22423e-13 	 4.57619e-10 
2.654 	 3.99947e-13 	 4.34775e-10 
2.656 	 3.78945e-13 	 4.13340e-10 
2.658 	 3.59317e-13 	 3.93238e-10 
2.660 	 3.40965e-13 	 3.74384e-10 
2.662 	 3.23789e-13 	 3.56693e-10 
2.664 	 3.07683e-13 	 3.40070e-10 
2.666 	 2.92549e-13 	 3.24426e-10 
2.668 	 2.78287e-13 	 3.09665e-10 
2.670 	 2.64828e-13 	 2.95721e-10 
2.672 	 2.52065e-13 	 2.82489e-10 
2.674 	 2.39938e-13 	 2.69906e-10 
2.676 	 2.28387e-13 	 2.57910e-10 
2.678 	 2.17355e-13 	 2.46441e-10 
2.680 	 2.06810e-13 	 2.35461e-10 
2.682 	 1.96719e-13 	 2.24934e-10 
2.684 	 1.87059e-13 	 2.14833e-10 
2.686 	 1.77816e-13 	 2.05142e-10 
2.688 	 1.68978e-13 	 1.95846e-10 
2.690 	 1.60539e-13 	 1.86941e-10 
2.692 	 1.52493e-13 	 1.78417e-10 
2.694 	 1.44829e-13 	 1.70269e-10 
2.696 	 1.37545e-13 	 1.62493e-10 
2.698 	 1.30631e-13 	 1.55081e-10 
2.700 	 1.24075e-13 	 1.48025e-10 
