Energy [eV] EELS_b EELS_a 
2.500 	 4.49348e-11 	 1.07420e-08 
2.502 	 4.59970e-11 	 1.10403e-08 
2.504 	 4.71086e-11 	 1.13525e-08 
2.506 	 4.82724e-11 	 1.16797e-08 
2.508 	 4.94913e-11 	 1.20225e-08 
2.510 	 5.07681e-11 	 1.23818e-08 
2.512 	 5.21060e-11 	 1.27587e-08 
2.514 	 5.35084e-11 	 1.31540e-08 
2.516 	 5.49785e-11 	 1.35688e-08 
2.519 	 5.65199e-11 	 1.40042e-08 
2.521 	 5.81362e-11 	 1.44611e-08 
2.523 	 5.98312e-11 	 1.49409e-08 
2.525 	 6.16086e-11 	 1.54445e-08 
2.527 	 6.34722e-11 	 1.59733e-08 
2.529 	 6.54259e-11 	 1.65283e-08 
2.531 	 6.74733e-11 	 1.71107e-08 
2.533 	 6.96180e-11 	 1.77218e-08 
2.535 	 7.18633e-11 	 1.83624e-08 
2.537 	 7.42123e-11 	 1.90337e-08 
2.539 	 7.66672e-11 	 1.97365e-08 
2.541 	 7.92298e-11 	 2.04715e-08 
2.543 	 8.19011e-11 	 2.12391e-08 
2.545 	 8.46806e-11 	 2.20394e-08 
2.547 	 8.75666e-11 	 2.28723e-08 
2.549 	 9.05557e-11 	 2.37369e-08 
2.551 	 9.36419e-11 	 2.46319e-08 
2.553 	 9.68171e-11 	 2.55554e-08 
2.555 	 1.00070e-10 	 2.65043e-08 
2.557 	 1.03385e-10 	 2.74749e-08 
2.559 	 1.06744e-10 	 2.84621e-08 
2.561 	 1.10124e-10 	 2.94596e-08 
2.563 	 1.13495e-10 	 3.04599e-08 
2.565 	 1.16824e-10 	 3.14538e-08 
2.567 	 1.20072e-10 	 3.24307e-08 
2.569 	 1.23195e-10 	 3.33784e-08 
2.571 	 1.26143e-10 	 3.42835e-08 
2.573 	 1.28864e-10 	 3.51311e-08 
2.575 	 1.31301e-10 	 3.59057e-08 
2.577 	 1.33397e-10 	 3.65914e-08 
2.579 	 1.35096e-10 	 3.71723e-08 
2.581 	 1.36345e-10 	 3.76334e-08 
2.583 	 1.37099e-10 	 3.79612e-08 
2.585 	 1.37319e-10 	 3.81446e-08 
2.587 	 1.36979e-10 	 3.81755e-08 
2.589 	 1.36067e-10 	 3.80492e-08 
2.591 	 1.34584e-10 	 3.77648e-08 
2.593 	 1.32547e-10 	 3.73259e-08 
2.595 	 1.29987e-10 	 3.67395e-08 
2.597 	 1.26949e-10 	 3.60165e-08 
2.599 	 1.23487e-10 	 3.51707e-08 
2.601 	 1.19664e-10 	 3.42182e-08 
2.603 	 1.15547e-10 	 3.31764e-08 
2.605 	 1.11204e-10 	 3.20635e-08 
2.607 	 1.06704e-10 	 3.08978e-08 
2.609 	 1.02110e-10 	 2.96966e-08 
2.611 	 9.74809e-11 	 2.84760e-08 
2.613 	 9.28691e-11 	 2.72507e-08 
2.615 	 8.83196e-11 	 2.60335e-08 
2.618 	 8.38700e-11 	 2.48352e-08 
2.620 	 7.95507e-11 	 2.36650e-08 
2.622 	 7.53852e-11 	 2.25300e-08 
2.624 	 7.13910e-11 	 2.14357e-08 
2.626 	 6.75800e-11 	 2.03864e-08 
2.628 	 6.39597e-11 	 1.93847e-08 
2.630 	 6.05335e-11 	 1.84324e-08 
2.632 	 5.73017e-11 	 1.75302e-08 
2.634 	 5.42619e-11 	 1.66781e-08 
2.636 	 5.14097e-11 	 1.58756e-08 
2.638 	 4.87393e-11 	 1.51216e-08 
2.640 	 4.62436e-11 	 1.44145e-08 
2.642 	 4.39145e-11 	 1.37525e-08 
2.644 	 4.17435e-11 	 1.31337e-08 
2.646 	 3.97214e-11 	 1.25559e-08 
2.648 	 3.78388e-11 	 1.20165e-08 
2.650 	 3.60861e-11 	 1.15132e-08 
2.652 	 3.44534e-11 	 1.10432e-08 
2.654 	 3.29305e-11 	 1.06040e-08 
2.656 	 3.15076e-11 	 1.01925e-08 
2.658 	 3.01744e-11 	 9.80612e-09 
2.660 	 2.89209e-11 	 9.44177e-09 
2.662 	 2.77373e-11 	 9.09663e-09 
2.664 	 2.66144e-11 	 8.76789e-09 
2.666 	 2.55432e-11 	 8.45289e-09 
2.668 	 2.45159e-11 	 8.14923e-09 
2.670 	 2.35256e-11 	 7.85479e-09 
2.672 	 2.25667e-11 	 7.56786e-09 
2.674 	 2.16350e-11 	 7.28714e-09 
2.676 	 2.07274e-11 	 7.01176e-09 
2.678 	 1.98424e-11 	 6.74128e-09 
2.680 	 1.89794e-11 	 6.47565e-09 
2.682 	 1.81387e-11 	 6.21511e-09 
2.684 	 1.73215e-11 	 5.96012e-09 
2.686 	 1.65289e-11 	 5.71126e-09 
2.688 	 1.57625e-11 	 5.46915e-09 
2.690 	 1.50237e-11 	 5.23440e-09 
2.692 	 1.43134e-11 	 5.00754e-09 
2.694 	 1.36327e-11 	 4.78898e-09 
2.696 	 1.29818e-11 	 4.57904e-09 
2.698 	 1.23610e-11 	 4.37787e-09 
2.700 	 1.17701e-11 	 4.18555e-09 
