Energy [eV] EELS_b EELS_a 
2.500 	 4.21383e-06 	 2.11560e-05 
2.502 	 4.34869e-06 	 2.18644e-05 
2.504 	 4.49023e-06 	 2.26085e-05 
2.506 	 4.63884e-06 	 2.33906e-05 
2.508 	 4.79497e-06 	 2.42130e-05 
2.510 	 4.95907e-06 	 2.50782e-05 
2.512 	 5.13163e-06 	 2.59888e-05 
2.514 	 5.31318e-06 	 2.69478e-05 
2.516 	 5.50427e-06 	 2.79582e-05 
2.519 	 5.70548e-06 	 2.90230e-05 
2.521 	 5.91742e-06 	 3.01458e-05 
2.523 	 6.14074e-06 	 3.13299e-05 
2.525 	 6.37611e-06 	 3.25792e-05 
2.527 	 6.62425e-06 	 3.38975e-05 
2.529 	 6.88588e-06 	 3.52887e-05 
2.531 	 7.16175e-06 	 3.67570e-05 
2.533 	 7.45263e-06 	 3.83067e-05 
2.535 	 7.75930e-06 	 3.99418e-05 
2.537 	 8.08254e-06 	 4.16668e-05 
2.539 	 8.42309e-06 	 4.34856e-05 
2.541 	 8.78169e-06 	 4.54021e-05 
2.543 	 9.15898e-06 	 4.74200e-05 
2.545 	 9.55554e-06 	 4.95422e-05 
2.547 	 9.97182e-06 	 5.17711e-05 
2.549 	 1.04081e-05 	 5.41079e-05 
2.551 	 1.08645e-05 	 5.65530e-05 
2.553 	 1.13407e-05 	 5.91047e-05 
2.555 	 1.18362e-05 	 6.17597e-05 
2.557 	 1.23501e-05 	 6.45122e-05 
2.559 	 1.28808e-05 	 6.73534e-05 
2.561 	 1.34263e-05 	 7.02714e-05 
2.563 	 1.39838e-05 	 7.32503e-05 
2.565 	 1.45498e-05 	 7.62698e-05 
2.567 	 1.51199e-05 	 7.93050e-05 
2.569 	 1.56888e-05 	 8.23261e-05 
2.571 	 1.62502e-05 	 8.52982e-05 
2.573 	 1.67971e-05 	 8.81817e-05 
2.575 	 1.73214e-05 	 9.09328e-05 
2.577 	 1.78144e-05 	 9.35042e-05 
2.579 	 1.82671e-05 	 9.58470e-05 
2.581 	 1.86700e-05 	 9.79117e-05 
2.583 	 1.90142e-05 	 9.96513e-05 
2.585 	 1.92911e-05 	 1.01023e-04 
2.587 	 1.94932e-05 	 1.01989e-04 
2.589 	 1.96148e-05 	 1.02524e-04 
2.591 	 1.96518e-05 	 1.02608e-04 
2.593 	 1.96022e-05 	 1.02239e-04 
2.595 	 1.94665e-05 	 1.01421e-04 
2.597 	 1.92475e-05 	 1.00175e-04 
2.599 	 1.89498e-05 	 9.85285e-05 
2.601 	 1.85803e-05 	 9.65210e-05 
2.603 	 1.81472e-05 	 9.41976e-05 
2.605 	 1.76597e-05 	 9.16078e-05 
2.607 	 1.71276e-05 	 8.88034e-05 
2.609 	 1.65609e-05 	 8.58360e-05 
2.611 	 1.59692e-05 	 8.27550e-05 
2.613 	 1.53617e-05 	 7.96066e-05 
2.615 	 1.47467e-05 	 7.64323e-05 
2.618 	 1.41316e-05 	 7.32687e-05 
2.620 	 1.35228e-05 	 7.01467e-05 
2.622 	 1.29257e-05 	 6.70923e-05 
2.624 	 1.23444e-05 	 6.41261e-05 
2.626 	 1.17825e-05 	 6.12644e-05 
2.628 	 1.12424e-05 	 5.85191e-05 
2.630 	 1.07261e-05 	 5.58985e-05 
2.632 	 1.02347e-05 	 5.34081e-05 
2.634 	 9.76881e-06 	 5.10505e-05 
2.636 	 9.32875e-06 	 4.88264e-05 
2.638 	 8.91431e-06 	 4.67345e-05 
2.640 	 8.52507e-06 	 4.47722e-05 
2.642 	 8.16032e-06 	 4.29359e-05 
2.644 	 7.81919e-06 	 4.12207e-05 
2.646 	 7.50063e-06 	 3.96213e-05 
2.648 	 7.20347e-06 	 3.81312e-05 
2.650 	 6.92640e-06 	 3.67438e-05 
2.652 	 6.66802e-06 	 3.54516e-05 
2.654 	 6.42683e-06 	 3.42466e-05 
2.656 	 6.20123e-06 	 3.31203e-05 
2.658 	 5.98957e-06 	 3.20638e-05 
2.660 	 5.79013e-06 	 3.10679e-05 
2.662 	 5.60118e-06 	 3.01232e-05 
2.664 	 5.42102e-06 	 2.92203e-05 
2.666 	 5.24801e-06 	 2.83505e-05 
2.668 	 5.08063e-06 	 2.75054e-05 
2.670 	 4.91756e-06 	 2.66777e-05 
2.672 	 4.75770e-06 	 2.58617e-05 
2.674 	 4.60021e-06 	 2.50527e-05 
2.676 	 4.44454e-06 	 2.42481e-05 
2.678 	 4.29043e-06 	 2.34466e-05 
2.680 	 4.13786e-06 	 2.26484e-05 
2.682 	 3.98702e-06 	 2.18550e-05 
2.684 	 3.83827e-06 	 2.10686e-05 
2.686 	 3.69203e-06 	 2.02921e-05 
2.688 	 3.54880e-06 	 1.95285e-05 
2.690 	 3.40904e-06 	 1.87808e-05 
2.692 	 3.27318e-06 	 1.80518e-05 
2.694 	 3.14159e-06 	 1.73439e-05 
2.696 	 3.01456e-06 	 1.66588e-05 
2.698 	 2.89229e-06 	 1.59980e-05 
2.700 	 2.77490e-06 	 1.53625e-05 
