Energy [eV] EELS_b EELS_a 
2.500 	 6.98334e-09 	 2.89487e-08 
2.502 	 7.17047e-09 	 2.97556e-08 
2.504 	 7.36610e-09 	 3.05996e-08 
2.506 	 7.57071e-09 	 3.14828e-08 
2.508 	 7.78477e-09 	 3.24072e-08 
2.510 	 8.00876e-09 	 3.33750e-08 
2.512 	 8.24322e-09 	 3.43886e-08 
2.514 	 8.48868e-09 	 3.54504e-08 
2.516 	 8.74570e-09 	 3.65629e-08 
2.519 	 9.01485e-09 	 3.77286e-08 
2.521 	 9.29673e-09 	 3.89503e-08 
2.523 	 9.59191e-09 	 4.02306e-08 
2.525 	 9.90102e-09 	 4.15723e-08 
2.527 	 1.02246e-08 	 4.29780e-08 
2.529 	 1.05633e-08 	 4.44506e-08 
2.531 	 1.09177e-08 	 4.59926e-08 
2.533 	 1.12883e-08 	 4.76065e-08 
2.535 	 1.16754e-08 	 4.92946e-08 
2.537 	 1.20797e-08 	 5.10588e-08 
2.539 	 1.25012e-08 	 5.29007e-08 
2.541 	 1.29403e-08 	 5.48214e-08 
2.543 	 1.33968e-08 	 5.68211e-08 
2.545 	 1.38707e-08 	 5.88994e-08 
2.547 	 1.43613e-08 	 6.10547e-08 
2.549 	 1.48681e-08 	 6.32841e-08 
2.551 	 1.53897e-08 	 6.55831e-08 
2.553 	 1.59248e-08 	 6.79456e-08 
2.555 	 1.64712e-08 	 7.03630e-08 
2.557 	 1.70263e-08 	 7.28247e-08 
2.559 	 1.75870e-08 	 7.53170e-08 
2.561 	 1.81492e-08 	 7.78233e-08 
2.563 	 1.87085e-08 	 8.03240e-08 
2.565 	 1.92592e-08 	 8.27958e-08 
2.567 	 1.97955e-08 	 8.52121e-08 
2.569 	 2.03103e-08 	 8.75433e-08 
2.571 	 2.07962e-08 	 8.97565e-08 
2.573 	 2.12452e-08 	 9.18168e-08 
2.575 	 2.16490e-08 	 9.36875e-08 
2.577 	 2.19994e-08 	 9.53314e-08 
2.579 	 2.22882e-08 	 9.67124e-08 
2.581 	 2.25080e-08 	 9.77964e-08 
2.583 	 2.26522e-08 	 9.85534e-08 
2.585 	 2.27155e-08 	 9.89588e-08 
2.587 	 2.26943e-08 	 9.89949e-08 
2.589 	 2.25868e-08 	 9.86520e-08 
2.591 	 2.23932e-08 	 9.79293e-08 
2.593 	 2.21157e-08 	 9.68350e-08 
2.595 	 2.17586e-08 	 9.53860e-08 
2.597 	 2.13277e-08 	 9.36070e-08 
2.599 	 2.08306e-08 	 9.15299e-08 
2.601 	 2.02757e-08 	 8.91914e-08 
2.603 	 1.96724e-08 	 8.66318e-08 
2.605 	 1.90303e-08 	 8.38933e-08 
2.607 	 1.83590e-08 	 8.10180e-08 
2.609 	 1.76677e-08 	 7.80468e-08 
2.611 	 1.69652e-08 	 7.50182e-08 
2.613 	 1.62593e-08 	 7.19672e-08 
2.615 	 1.55570e-08 	 6.89252e-08 
2.618 	 1.48642e-08 	 6.59190e-08 
2.620 	 1.41861e-08 	 6.29715e-08 
2.622 	 1.35268e-08 	 6.01015e-08 
2.624 	 1.28895e-08 	 5.73236e-08 
2.626 	 1.22767e-08 	 5.46493e-08 
2.628 	 1.16900e-08 	 5.20867e-08 
2.630 	 1.11307e-08 	 4.96413e-08 
2.632 	 1.05994e-08 	 4.73162e-08 
2.634 	 1.00962e-08 	 4.51127e-08 
2.636 	 9.62091e-09 	 4.30302e-08 
2.638 	 9.17314e-09 	 4.10672e-08 
2.640 	 8.75216e-09 	 3.92207e-08 
2.642 	 8.35705e-09 	 3.74870e-08 
2.644 	 7.98678e-09 	 3.58617e-08 
2.646 	 7.64014e-09 	 3.43398e-08 
2.648 	 7.31586e-09 	 3.29157e-08 
2.650 	 7.01255e-09 	 3.15835e-08 
2.652 	 6.72875e-09 	 3.03368e-08 
2.654 	 6.46292e-09 	 2.91688e-08 
2.656 	 6.21345e-09 	 2.80726e-08 
2.658 	 5.97869e-09 	 2.70408e-08 
2.660 	 5.75699e-09 	 2.60660e-08 
2.662 	 5.54666e-09 	 2.51408e-08 
2.664 	 5.34607e-09 	 2.42579e-08 
2.666 	 5.15368e-09 	 2.34102e-08 
2.668 	 4.96807e-09 	 2.25916e-08 
2.670 	 4.78803e-09 	 2.17964e-08 
2.672 	 4.61254e-09 	 2.10201e-08 
2.674 	 4.44083e-09 	 2.02593e-08 
2.676 	 4.27243e-09 	 1.95117e-08 
2.678 	 4.10706e-09 	 1.87763e-08 
2.680 	 3.94471e-09 	 1.80530e-08 
2.682 	 3.78552e-09 	 1.73424e-08 
2.684 	 3.62978e-09 	 1.66461e-08 
2.686 	 3.47783e-09 	 1.59655e-08 
2.688 	 3.33004e-09 	 1.53026e-08 
2.690 	 3.18678e-09 	 1.46590e-08 
2.692 	 3.04836e-09 	 1.40363e-08 
2.694 	 2.91503e-09 	 1.34358e-08 
2.696 	 2.78696e-09 	 1.28582e-08 
2.698 	 2.66425e-09 	 1.23042e-08 
2.700 	 2.54694e-09 	 1.17740e-08 
