Energy [eV] EELS_b EELS_a 
2.500 	 1.52631e-13 	 1.51623e-10 
2.502 	 1.53424e-13 	 1.53286e-10 
2.504 	 1.54290e-13 	 1.55038e-10 
2.506 	 1.55262e-13 	 1.56912e-10 
2.508 	 1.56319e-13 	 1.58887e-10 
2.510 	 1.57478e-13 	 1.60985e-10 
2.512 	 1.58737e-13 	 1.63204e-10 
2.514 	 1.60100e-13 	 1.65551e-10 
2.516 	 1.61561e-13 	 1.68021e-10 
2.519 	 1.63143e-13 	 1.70642e-10 
2.521 	 1.64853e-13 	 1.73420e-10 
2.523 	 1.66670e-13 	 1.76338e-10 
2.525 	 1.68625e-13 	 1.79429e-10 
2.527 	 1.70716e-13 	 1.82698e-10 
2.529 	 1.72934e-13 	 1.86136e-10 
2.531 	 1.75320e-13 	 1.89783e-10 
2.533 	 1.77861e-13 	 1.93640e-10 
2.535 	 1.80555e-13 	 1.97701e-10 
2.537 	 1.83420e-13 	 2.01991e-10 
2.539 	 1.86469e-13 	 2.06528e-10 
2.541 	 1.89699e-13 	 2.11309e-10 
2.543 	 1.93130e-13 	 2.16366e-10 
2.545 	 1.96753e-13 	 2.21692e-10 
2.547 	 2.00608e-13 	 2.27332e-10 
2.549 	 2.04676e-13 	 2.33272e-10 
2.551 	 2.08997e-13 	 2.39567e-10 
2.553 	 2.13546e-13 	 2.46192e-10 
2.555 	 2.18356e-13 	 2.53183e-10 
2.557 	 2.23427e-13 	 2.60556e-10 
2.559 	 2.28766e-13 	 2.68316e-10 
2.561 	 2.34388e-13 	 2.76501e-10 
2.563 	 2.40323e-13 	 2.85142e-10 
2.565 	 2.46537e-13 	 2.94208e-10 
2.567 	 2.53040e-13 	 3.03720e-10 
2.569 	 2.59854e-13 	 3.13711e-10 
2.571 	 2.66977e-13 	 3.24184e-10 
2.573 	 2.74377e-13 	 3.35107e-10 
2.575 	 2.82039e-13 	 3.46485e-10 
2.577 	 2.89983e-13 	 3.58333e-10 
2.579 	 2.98171e-13 	 3.70630e-10 
2.581 	 3.06528e-13 	 3.83261e-10 
2.583 	 3.15057e-13 	 3.96270e-10 
2.585 	 3.23704e-13 	 4.09576e-10 
2.587 	 3.32390e-13 	 4.23077e-10 
2.589 	 3.41043e-13 	 4.36701e-10 
2.591 	 3.49554e-13 	 4.50305e-10 
2.593 	 3.57826e-13 	 4.63756e-10 
2.595 	 3.65751e-13 	 4.76910e-10 
2.597 	 3.73187e-13 	 4.89581e-10 
2.599 	 3.80005e-13 	 5.01577e-10 
2.601 	 3.86072e-13 	 5.12708e-10 
2.603 	 3.91239e-13 	 5.22754e-10 
2.605 	 3.95378e-13 	 5.31514e-10 
2.607 	 3.98359e-13 	 5.38781e-10 
2.609 	 4.00082e-13 	 5.44381e-10 
2.611 	 4.00454e-13 	 5.48143e-10 
2.613 	 3.99412e-13 	 5.49941e-10 
2.615 	 3.96929e-13 	 5.49689e-10 
2.618 	 3.92993e-13 	 5.47327e-10 
2.620 	 3.87629e-13 	 5.42846e-10 
2.622 	 3.80896e-13 	 5.36292e-10 
2.624 	 3.72873e-13 	 5.27744e-10 
2.626 	 3.63668e-13 	 5.17329e-10 
2.628 	 3.53412e-13 	 5.05214e-10 
2.630 	 3.42246e-13 	 4.91591e-10 
2.632 	 3.30330e-13 	 4.76682e-10 
2.634 	 3.17835e-13 	 4.60732e-10 
2.636 	 3.04922e-13 	 4.43981e-10 
2.638 	 2.91762e-13 	 4.26678e-10 
2.640 	 2.78508e-13 	 4.09058e-10 
2.642 	 2.65308e-13 	 3.91342e-10 
2.644 	 2.52294e-13 	 3.73731e-10 
2.646 	 2.39579e-13 	 3.56402e-10 
2.648 	 2.27248e-13 	 3.39487e-10 
2.650 	 2.15384e-13 	 3.23121e-10 
2.652 	 2.04038e-13 	 3.07386e-10 
2.654 	 1.93247e-13 	 2.92348e-10 
2.656 	 1.83032e-13 	 2.78045e-10 
2.658 	 1.73400e-13 	 2.64500e-10 
2.660 	 1.64342e-13 	 2.51709e-10 
2.662 	 1.55846e-13 	 2.39663e-10 
2.664 	 1.47886e-13 	 2.28332e-10 
2.666 	 1.40431e-13 	 2.17678e-10 
2.668 	 1.33444e-13 	 2.07657e-10 
2.670 	 1.26888e-13 	 1.98221e-10 
2.672 	 1.20724e-13 	 1.89314e-10 
2.674 	 1.14910e-13 	 1.80886e-10 
2.676 	 1.09411e-13 	 1.72885e-10 
2.678 	 1.04194e-13 	 1.65269e-10 
2.680 	 9.92290e-14 	 1.57999e-10 
2.682 	 9.44836e-14 	 1.51029e-10 
2.684 	 8.99394e-14 	 1.44334e-10 
2.686 	 8.55881e-14 	 1.37904e-10 
2.688 	 8.14132e-14 	 1.31717e-10 
2.690 	 7.74058e-14 	 1.25763e-10 
2.692 	 7.35653e-14 	 1.20044e-10 
2.694 	 6.98777e-14 	 1.14533e-10 
2.696 	 6.63488e-14 	 1.09248e-10 
2.698 	 6.29751e-14 	 1.04179e-10 
2.700 	 5.97551e-14 	 9.93278e-11 
