Energy [eV] EELS_b EELS_a 
2.500 	 -2.55608e-04 	 -4.18560e-04 
2.502 	 -2.52453e-04 	 -4.01121e-04 
2.504 	 -2.49123e-04 	 -3.83089e-04 
2.506 	 -2.45606e-04 	 -3.64438e-04 
2.508 	 -2.41893e-04 	 -3.45138e-04 
2.510 	 -2.37971e-04 	 -3.25159e-04 
2.512 	 -2.33830e-04 	 -3.04469e-04 
2.514 	 -2.29456e-04 	 -2.83032e-04 
2.516 	 -2.24834e-04 	 -2.60812e-04 
2.519 	 -2.19951e-04 	 -2.37771e-04 
2.521 	 -2.14791e-04 	 -2.13868e-04 
2.523 	 -2.09337e-04 	 -1.89058e-04 
2.525 	 -2.03570e-04 	 -1.63297e-04 
2.527 	 -1.97471e-04 	 -1.36535e-04 
2.529 	 -1.91020e-04 	 -1.08722e-04 
2.531 	 -1.84195e-04 	 -7.98016e-05 
2.533 	 -1.76972e-04 	 -4.97177e-05 
2.535 	 -1.69326e-04 	 -1.84090e-05 
2.537 	 -1.61229e-04 	 1.41886e-05 
2.539 	 -1.52654e-04 	 4.81430e-05 
2.541 	 -1.43569e-04 	 8.35255e-05 
2.543 	 -1.33942e-04 	 1.20411e-04 
2.545 	 -1.23738e-04 	 1.58879e-04 
2.547 	 -1.12921e-04 	 1.99012e-04 
2.549 	 -1.01452e-04 	 2.40897e-04 
2.551 	 -8.92880e-05 	 2.84625e-04 
2.553 	 -7.63869e-05 	 3.30289e-04 
2.555 	 -6.27024e-05 	 3.77989e-04 
2.557 	 -4.81863e-05 	 4.27825e-04 
2.559 	 -3.27882e-05 	 4.79902e-04 
2.561 	 -1.64557e-05 	 5.34327e-04 
2.563 	 8.65730e-07 	 5.91211e-04 
2.565 	 1.92322e-05 	 6.50664e-04 
2.567 	 3.87011e-05 	 7.12798e-04 
2.569 	 5.93311e-05 	 7.77726e-04 
2.571 	 8.11814e-05 	 8.45559e-04 
2.573 	 1.04311e-04 	 9.16407e-04 
2.575 	 1.28778e-04 	 9.90375e-04 
2.577 	 1.54641e-04 	 1.06756e-03 
2.579 	 1.81952e-04 	 1.14807e-03 
2.581 	 2.10764e-04 	 1.23198e-03 
2.583 	 2.41124e-04 	 1.31937e-03 
2.585 	 2.73075e-04 	 1.41031e-03 
2.587 	 3.06653e-04 	 1.50487e-03 
2.589 	 3.41888e-04 	 1.60308e-03 
2.591 	 3.78805e-04 	 1.70499e-03 
2.593 	 4.17419e-04 	 1.81063e-03 
2.595 	 4.57742e-04 	 1.92003e-03 
2.597 	 4.99778e-04 	 2.03320e-03 
2.599 	 5.43528e-04 	 2.15018e-03 
2.601 	 5.88990e-04 	 2.27100e-03 
2.603 	 6.36162e-04 	 2.39571e-03 
2.605 	 6.85044e-04 	 2.52437e-03 
2.607 	 7.35639e-04 	 2.65708e-03 
2.609 	 7.87956e-04 	 2.79395e-03 
2.611 	 8.42009e-04 	 2.93516e-03 
2.613 	 8.97817e-04 	 3.08087e-03 
2.615 	 9.55404e-04 	 3.23133e-03 
2.618 	 1.01479e-03 	 3.38676e-03 
2.620 	 1.07598e-03 	 3.54744e-03 
2.622 	 1.13897e-03 	 3.71361e-03 
2.624 	 1.20373e-03 	 3.88555e-03 
2.626 	 1.27015e-03 	 4.06344e-03 
2.628 	 1.33810e-03 	 4.24744e-03 
2.630 	 1.40733e-03 	 4.43763e-03 
2.632 	 1.47754e-03 	 4.63394e-03 
2.634 	 1.54827e-03 	 4.83621e-03 
2.636 	 1.61896e-03 	 5.04407e-03 
2.638 	 1.68893e-03 	 5.25702e-03 
2.640 	 1.75734e-03 	 5.47432e-03 
2.642 	 1.82328e-03 	 5.69505e-03 
2.644 	 1.88570e-03 	 5.91809e-03 
2.646 	 1.94354e-03 	 6.14211e-03 
2.648 	 1.99568e-03 	 6.36563e-03 
2.650 	 2.04109e-03 	 6.58702e-03 
2.652 	 2.07881e-03 	 6.80456e-03 
2.654 	 2.10805e-03 	 7.01651e-03 
2.656 	 2.12823e-03 	 7.22114e-03 
2.658 	 2.13903e-03 	 7.41682e-03 
2.660 	 2.14041e-03 	 7.60205e-03 
2.662 	 2.13263e-03 	 7.77551e-03 
2.664 	 2.11619e-03 	 7.93607e-03 
2.666 	 2.09186e-03 	 8.08282e-03 
2.668 	 2.06059e-03 	 8.21500e-03 
2.670 	 2.02344e-03 	 8.33198e-03 
2.672 	 1.98155e-03 	 8.43319e-03 
2.674 	 1.93604e-03 	 8.51806e-03 
2.676 	 1.88794e-03 	 8.58597e-03 
2.678 	 1.83818e-03 	 8.63616e-03 
2.680 	 1.78755e-03 	 8.66775e-03 
2.682 	 1.73663e-03 	 8.67965e-03 
2.684 	 1.68585e-03 	 8.67063e-03 
2.686 	 1.63544e-03 	 8.63926e-03 
2.688 	 1.58547e-03 	 8.58401e-03 
2.690 	 1.53587e-03 	 8.50327e-03 
2.692 	 1.48643e-03 	 8.39539e-03 
2.694 	 1.43682e-03 	 8.25878e-03 
2.696 	 1.38665e-03 	 8.09198e-03 
2.698 	 1.33543e-03 	 7.89370e-03 
2.700 	 1.28264e-03 	 7.66292e-03 
