Energy [eV] EELS_b EELS_a 
2.500 	 1.23359e-12 	 6.40741e-10 
2.502 	 1.25715e-12 	 6.55697e-10 
2.504 	 1.28183e-12 	 6.71354e-10 
2.506 	 1.30769e-12 	 6.87750e-10 
2.508 	 1.33480e-12 	 7.04926e-10 
2.510 	 1.36321e-12 	 7.22926e-10 
2.512 	 1.39298e-12 	 7.41793e-10 
2.514 	 1.42419e-12 	 7.61576e-10 
2.516 	 1.45690e-12 	 7.82324e-10 
2.519 	 1.49119e-12 	 8.04091e-10 
2.521 	 1.52712e-12 	 8.26932e-10 
2.523 	 1.56478e-12 	 8.50903e-10 
2.525 	 1.60423e-12 	 8.76064e-10 
2.527 	 1.64555e-12 	 9.02476e-10 
2.529 	 1.68881e-12 	 9.30203e-10 
2.531 	 1.73409e-12 	 9.59310e-10 
2.533 	 1.78145e-12 	 9.89860e-10 
2.535 	 1.83095e-12 	 1.02192e-09 
2.537 	 1.88264e-12 	 1.05555e-09 
2.539 	 1.93658e-12 	 1.09082e-09 
2.541 	 1.99277e-12 	 1.12778e-09 
2.543 	 2.05123e-12 	 1.16649e-09 
2.545 	 2.11193e-12 	 1.20699e-09 
2.547 	 2.17485e-12 	 1.24931e-09 
2.549 	 2.23988e-12 	 1.29348e-09 
2.551 	 2.30689e-12 	 1.33949e-09 
2.553 	 2.37573e-12 	 1.38733e-09 
2.555 	 2.44613e-12 	 1.43695e-09 
2.557 	 2.51779e-12 	 1.48826e-09 
2.559 	 2.59033e-12 	 1.54116e-09 
2.561 	 2.66326e-12 	 1.59547e-09 
2.563 	 2.73601e-12 	 1.65097e-09 
2.565 	 2.80792e-12 	 1.70740e-09 
2.567 	 2.87820e-12 	 1.76440e-09 
2.569 	 2.94598e-12 	 1.82157e-09 
2.571 	 3.01027e-12 	 1.87842e-09 
2.573 	 3.07002e-12 	 1.93439e-09 
2.575 	 3.12410e-12 	 1.98885e-09 
2.577 	 3.17136e-12 	 2.04108e-09 
2.579 	 3.21064e-12 	 2.09033e-09 
2.581 	 3.24083e-12 	 2.13580e-09 
2.583 	 3.26091e-12 	 2.17665e-09 
2.585 	 3.26999e-12 	 2.21207e-09 
2.587 	 3.26740e-12 	 2.24125e-09 
2.589 	 3.25268e-12 	 2.26346e-09 
2.591 	 3.22563e-12 	 2.27805e-09 
2.593 	 3.18635e-12 	 2.28450e-09 
2.595 	 3.13523e-12 	 2.28243e-09 
2.597 	 3.07291e-12 	 2.27166e-09 
2.599 	 3.00029e-12 	 2.25216e-09 
2.601 	 2.91850e-12 	 2.22412e-09 
2.603 	 2.82880e-12 	 2.18790e-09 
2.605 	 2.73256e-12 	 2.14405e-09 
2.607 	 2.63120e-12 	 2.09329e-09 
2.609 	 2.52614e-12 	 2.03643e-09 
2.611 	 2.41875e-12 	 1.97441e-09 
2.613 	 2.31030e-12 	 1.90819e-09 
2.615 	 2.20196e-12 	 1.83878e-09 
2.618 	 2.09475e-12 	 1.76715e-09 
2.620 	 1.98956e-12 	 1.69423e-09 
2.622 	 1.88712e-12 	 1.62088e-09 
2.624 	 1.78801e-12 	 1.54787e-09 
2.626 	 1.69269e-12 	 1.47586e-09 
2.628 	 1.60149e-12 	 1.40542e-09 
2.630 	 1.51463e-12 	 1.33700e-09 
2.632 	 1.43224e-12 	 1.27098e-09 
2.634 	 1.35435e-12 	 1.20762e-09 
2.636 	 1.28094e-12 	 1.14710e-09 
2.638 	 1.21195e-12 	 1.08956e-09 
2.640 	 1.14724e-12 	 1.03503e-09 
2.642 	 1.08668e-12 	 9.83530e-10 
2.644 	 1.03008e-12 	 9.35020e-10 
2.646 	 9.77238e-13 	 8.89429e-10 
2.648 	 9.27952e-13 	 8.46656e-10 
2.650 	 8.81997e-13 	 8.06580e-10 
2.652 	 8.39142e-13 	 7.69060e-10 
2.654 	 7.99153e-13 	 7.33944e-10 
2.656 	 7.61791e-13 	 7.01065e-10 
2.658 	 7.26818e-13 	 6.70251e-10 
2.660 	 6.93995e-13 	 6.41323e-10 
2.662 	 6.63091e-13 	 6.14099e-10 
2.664 	 6.33882e-13 	 5.88400e-10 
2.666 	 6.06158e-13 	 5.64051e-10 
2.668 	 5.79727e-13 	 5.40884e-10 
2.670 	 5.54420e-13 	 5.18750e-10 
2.672 	 5.30094e-13 	 4.97511e-10 
2.674 	 5.06634e-13 	 4.77055e-10 
2.676 	 4.83957e-13 	 4.57292e-10 
2.678 	 4.62005e-13 	 4.38155e-10 
2.680 	 4.40747e-13 	 4.19600e-10 
2.682 	 4.20174e-13 	 4.01603e-10 
2.684 	 4.00288e-13 	 3.84157e-10 
2.686 	 3.81104e-13 	 3.67268e-10 
2.688 	 3.62639e-13 	 3.50946e-10 
2.690 	 3.44909e-13 	 3.35206e-10 
2.692 	 3.27928e-13 	 3.20063e-10 
2.694 	 3.11703e-13 	 3.05529e-10 
2.696 	 2.96236e-13 	 2.91610e-10 
2.698 	 2.81521e-13 	 2.78309e-10 
2.700 	 2.67545e-13 	 2.65621e-10 
