Energy [eV] EELS_b EELS_a 
2.500 	 5.74520e-14 	 7.45615e-11 
2.502 	 5.77652e-14 	 7.53541e-11 
2.504 	 5.81111e-14 	 7.61945e-11 
2.506 	 5.84920e-14 	 7.70869e-11 
2.508 	 5.89104e-14 	 7.80355e-11 
2.510 	 5.93643e-14 	 7.90383e-11 
2.512 	 5.98577e-14 	 8.01012e-11 
2.514 	 6.03917e-14 	 8.12265e-11 
2.516 	 6.09679e-14 	 8.24177e-11 
2.519 	 6.15873e-14 	 8.36768e-11 
2.521 	 6.22532e-14 	 8.50091e-11 
2.523 	 6.29672e-14 	 8.64180e-11 
2.525 	 6.37314e-14 	 8.79075e-11 
2.527 	 6.45479e-14 	 8.94816e-11 
2.529 	 6.54187e-14 	 9.11441e-11 
2.531 	 6.63469e-14 	 9.29015e-11 
2.533 	 6.73356e-14 	 9.47584e-11 
2.535 	 6.83862e-14 	 9.67191e-11 
2.537 	 6.95038e-14 	 9.87916e-11 
2.539 	 7.06894e-14 	 1.00980e-10 
2.541 	 7.19464e-14 	 1.03290e-10 
2.543 	 7.32804e-14 	 1.05733e-10 
2.545 	 7.46920e-14 	 1.08310e-10 
2.547 	 7.61859e-14 	 1.11031e-10 
2.549 	 7.77660e-14 	 1.13906e-10 
2.551 	 7.94346e-14 	 1.16938e-10 
2.553 	 8.11967e-14 	 1.20138e-10 
2.555 	 8.30531e-14 	 1.23512e-10 
2.557 	 8.50092e-14 	 1.27069e-10 
2.559 	 8.70671e-14 	 1.30818e-10 
2.561 	 8.92273e-14 	 1.34763e-10 
2.563 	 9.14932e-14 	 1.38912e-10 
2.565 	 9.38644e-14 	 1.43272e-10 
2.567 	 9.63412e-14 	 1.47846e-10 
2.569 	 9.89216e-14 	 1.52639e-10 
2.571 	 1.01602e-13 	 1.57649e-10 
2.573 	 1.04377e-13 	 1.62877e-10 
2.575 	 1.07240e-13 	 1.68317e-10 
2.577 	 1.10179e-13 	 1.73960e-10 
2.579 	 1.13182e-13 	 1.79794e-10 
2.581 	 1.16231e-13 	 1.85798e-10 
2.583 	 1.19305e-13 	 1.91949e-10 
2.585 	 1.22379e-13 	 1.98213e-10 
2.587 	 1.25423e-13 	 2.04550e-10 
2.589 	 1.28404e-13 	 2.10916e-10 
2.591 	 1.31282e-13 	 2.17250e-10 
2.593 	 1.34013e-13 	 2.23484e-10 
2.595 	 1.36554e-13 	 2.29548e-10 
2.597 	 1.38856e-13 	 2.35358e-10 
2.599 	 1.40864e-13 	 2.40820e-10 
2.601 	 1.42533e-13 	 2.45844e-10 
2.603 	 1.43811e-13 	 2.50331e-10 
2.605 	 1.44654e-13 	 2.54183e-10 
2.607 	 1.45021e-13 	 2.57302e-10 
2.609 	 1.44879e-13 	 2.59602e-10 
2.611 	 1.44203e-13 	 2.61002e-10 
2.613 	 1.42980e-13 	 2.61438e-10 
2.615 	 1.41207e-13 	 2.60864e-10 
2.618 	 1.38893e-13 	 2.59248e-10 
2.620 	 1.36064e-13 	 2.56593e-10 
2.622 	 1.32755e-13 	 2.52922e-10 
2.624 	 1.29011e-13 	 2.48279e-10 
2.626 	 1.24890e-13 	 2.42733e-10 
2.628 	 1.20454e-13 	 2.36381e-10 
2.630 	 1.15772e-13 	 2.29330e-10 
2.632 	 1.10914e-13 	 2.21702e-10 
2.634 	 1.05948e-13 	 2.13623e-10 
2.636 	 1.00939e-13 	 2.05223e-10 
2.638 	 9.59454e-14 	 1.96627e-10 
2.640 	 9.10196e-14 	 1.87950e-10 
2.642 	 8.62069e-14 	 1.79299e-10 
2.644 	 8.15431e-14 	 1.70765e-10 
2.646 	 7.70571e-14 	 1.62427e-10 
2.648 	 7.27697e-14 	 1.54347e-10 
2.650 	 6.86940e-14 	 1.46570e-10 
2.652 	 6.48381e-14 	 1.39133e-10 
2.654 	 6.12051e-14 	 1.32059e-10 
2.656 	 5.77920e-14 	 1.25357e-10 
2.658 	 5.45941e-14 	 1.19031e-10 
2.660 	 5.16037e-14 	 1.13077e-10 
2.662 	 4.88091e-14 	 1.07480e-10 
2.664 	 4.61986e-14 	 1.02227e-10 
2.666 	 4.37592e-14 	 9.72958e-11 
2.668 	 4.14770e-14 	 9.26647e-11 
2.670 	 3.93379e-14 	 8.83075e-11 
2.672 	 3.73281e-14 	 8.41988e-11 
2.674 	 3.54353e-14 	 8.03167e-11 
2.676 	 3.36472e-14 	 7.66360e-11 
2.678 	 3.19533e-14 	 7.31352e-11 
2.680 	 3.03450e-14 	 6.97980e-11 
2.682 	 2.88136e-14 	 6.66055e-11 
2.684 	 2.73546e-14 	 6.35493e-11 
2.686 	 2.59618e-14 	 6.06160e-11 
2.688 	 2.46324e-14 	 5.78007e-11 
2.690 	 2.33641e-14 	 5.50999e-11 
2.692 	 2.21542e-14 	 5.25086e-11 
2.694 	 2.10025e-14 	 5.00282e-11 
2.696 	 1.99058e-14 	 4.76522e-11 
2.698 	 1.88634e-14 	 4.53812e-11 
2.700 	 1.78744e-14 	 4.32154e-11 
