Energy [eV] EELS_b EELS_a 
2.500 	 3.78062e-09 	 1.55732e-08 
2.502 	 3.87940e-09 	 1.59974e-08 
2.504 	 3.98265e-09 	 1.64411e-08 
2.506 	 4.09061e-09 	 1.69052e-08 
2.508 	 4.20354e-09 	 1.73908e-08 
2.510 	 4.32168e-09 	 1.78992e-08 
2.512 	 4.44532e-09 	 1.84315e-08 
2.514 	 4.57473e-09 	 1.89890e-08 
2.516 	 4.71020e-09 	 1.95729e-08 
2.519 	 4.85204e-09 	 2.01847e-08 
2.521 	 5.00056e-09 	 2.08258e-08 
2.523 	 5.15606e-09 	 2.14974e-08 
2.525 	 5.31886e-09 	 2.22012e-08 
2.527 	 5.48929e-09 	 2.29384e-08 
2.529 	 5.66763e-09 	 2.37106e-08 
2.531 	 5.85420e-09 	 2.45190e-08 
2.533 	 6.04926e-09 	 2.53651e-08 
2.535 	 6.25307e-09 	 2.62499e-08 
2.537 	 6.46585e-09 	 2.71747e-08 
2.539 	 6.68775e-09 	 2.81401e-08 
2.541 	 6.91887e-09 	 2.91468e-08 
2.543 	 7.15923e-09 	 3.01951e-08 
2.545 	 7.40873e-09 	 3.12847e-08 
2.547 	 7.66715e-09 	 3.24148e-08 
2.549 	 7.93412e-09 	 3.35841e-08 
2.551 	 8.20907e-09 	 3.47903e-08 
2.553 	 8.49123e-09 	 3.60303e-08 
2.555 	 8.77955e-09 	 3.72998e-08 
2.557 	 9.07271e-09 	 3.85934e-08 
2.559 	 9.36906e-09 	 3.99040e-08 
2.561 	 9.66659e-09 	 4.12232e-08 
2.563 	 9.96291e-09 	 4.25408e-08 
2.565 	 1.02552e-08 	 4.38448e-08 
2.567 	 1.05403e-08 	 4.51215e-08 
2.569 	 1.08147e-08 	 4.63553e-08 
2.571 	 1.10743e-08 	 4.75292e-08 
2.573 	 1.13151e-08 	 4.86247e-08 
2.575 	 1.15325e-08 	 4.96224e-08 
2.577 	 1.17223e-08 	 5.05028e-08 
2.579 	 1.18799e-08 	 5.12464e-08 
2.581 	 1.20013e-08 	 5.18349e-08 
2.583 	 1.20830e-08 	 5.22519e-08 
2.585 	 1.21220e-08 	 5.24839e-08 
2.587 	 1.21162e-08 	 5.25208e-08 
2.589 	 1.20643e-08 	 5.23569e-08 
2.591 	 1.19664e-08 	 5.19909e-08 
2.593 	 1.18234e-08 	 5.14265e-08 
2.595 	 1.16373e-08 	 5.06720e-08 
2.597 	 1.14113e-08 	 4.97402e-08 
2.599 	 1.11491e-08 	 4.86473e-08 
2.601 	 1.08553e-08 	 4.74128e-08 
2.603 	 1.05348e-08 	 4.60580e-08 
2.605 	 1.01928e-08 	 4.46052e-08 
2.607 	 9.83430e-09 	 4.30771e-08 
2.609 	 9.46446e-09 	 4.14955e-08 
2.611 	 9.08796e-09 	 3.98812e-08 
2.613 	 8.70909e-09 	 3.82533e-08 
2.615 	 8.33169e-09 	 3.66286e-08 
2.618 	 7.95907e-09 	 3.50218e-08 
2.620 	 7.59402e-09 	 3.34455e-08 
2.622 	 7.23882e-09 	 3.19098e-08 
2.624 	 6.89528e-09 	 3.04228e-08 
2.626 	 6.56477e-09 	 2.89908e-08 
2.628 	 6.24828e-09 	 2.76184e-08 
2.630 	 5.94645e-09 	 2.63085e-08 
2.632 	 5.65965e-09 	 2.50629e-08 
2.634 	 5.38800e-09 	 2.38824e-08 
2.636 	 5.13142e-09 	 2.27667e-08 
2.638 	 4.88967e-09 	 2.17150e-08 
2.640 	 4.66238e-09 	 2.07258e-08 
2.642 	 4.44906e-09 	 1.97971e-08 
2.644 	 4.24916e-09 	 1.89265e-08 
2.646 	 4.06204e-09 	 1.81114e-08 
2.648 	 3.88700e-09 	 1.73487e-08 
2.650 	 3.72330e-09 	 1.66353e-08 
2.652 	 3.57015e-09 	 1.59679e-08 
2.654 	 3.42673e-09 	 1.53427e-08 
2.656 	 3.29217e-09 	 1.47560e-08 
2.658 	 3.16560e-09 	 1.42040e-08 
2.660 	 3.04612e-09 	 1.36828e-08 
2.662 	 2.93283e-09 	 1.31883e-08 
2.664 	 2.82487e-09 	 1.27168e-08 
2.666 	 2.72141e-09 	 1.22645e-08 
2.668 	 2.62170e-09 	 1.18281e-08 
2.670 	 2.52508e-09 	 1.14046e-08 
2.672 	 2.43101e-09 	 1.09917e-08 
2.674 	 2.33909e-09 	 1.05876e-08 
2.676 	 2.24904e-09 	 1.01910e-08 
2.678 	 2.16073e-09 	 9.80127e-09 
2.680 	 2.07413e-09 	 9.41843e-09 
2.682 	 1.98932e-09 	 9.04279e-09 
2.684 	 1.90643e-09 	 8.67503e-09 
2.686 	 1.82563e-09 	 8.31598e-09 
2.688 	 1.74712e-09 	 7.96654e-09 
2.690 	 1.67108e-09 	 7.62758e-09 
2.692 	 1.59766e-09 	 7.29986e-09 
2.694 	 1.52699e-09 	 6.98400e-09 
2.696 	 1.45915e-09 	 6.68043e-09 
2.698 	 1.39419e-09 	 6.38942e-09 
2.700 	 1.33212e-09 	 6.11106e-09 
