Energy [eV] Ext Cross [um^2] Abs Cross [um^2] Sca Cross [um^2] 
2.480 	 7.27069e-04 	 5.12153e-04 	 2.14916e-04 
2.443 	 7.67564e-04 	 5.25634e-04 	 2.41930e-04 
2.407 	 8.08797e-04 	 5.39401e-04 	 2.69396e-04 
2.373 	 8.50206e-04 	 5.53012e-04 	 2.97195e-04 
2.339 	 8.92509e-04 	 5.67193e-04 	 3.25316e-04 
2.306 	 9.35237e-04 	 5.81638e-04 	 3.53599e-04 
2.274 	 9.78238e-04 	 5.96251e-04 	 3.81987e-04 
2.243 	 1.02162e-03 	 6.11171e-04 	 4.10452e-04 
2.213 	 1.06510e-03 	 6.26198e-04 	 4.38898e-04 
2.184 	 1.10875e-03 	 6.41452e-04 	 4.67299e-04 
2.155 	 1.15252e-03 	 6.56912e-04 	 4.95610e-04 
2.127 	 1.19648e-03 	 6.72670e-04 	 5.23813e-04 
2.100 	 1.24070e-03 	 6.88823e-04 	 5.51881e-04 
2.074 	 1.28508e-03 	 7.05303e-04 	 5.79777e-04 
2.048 	 1.32934e-03 	 7.21860e-04 	 6.07479e-04 
2.023 	 1.37363e-03 	 7.38653e-04 	 6.34979e-04 
1.998 	 1.41798e-03 	 7.55720e-04 	 6.62263e-04 
1.974 	 1.46230e-03 	 7.72971e-04 	 6.89334e-04 
1.951 	 1.50672e-03 	 7.90550e-04 	 7.16174e-04 
1.928 	 1.55124e-03 	 8.08469e-04 	 7.42773e-04 
1.905 	 1.59581e-03 	 8.26676e-04 	 7.69130e-04 
1.884 	 1.64033e-03 	 8.45098e-04 	 7.95236e-04 
1.862 	 1.68491e-03 	 8.63801e-04 	 8.21108e-04 
1.841 	 1.72966e-03 	 8.82915e-04 	 8.46744e-04 
1.821 	 1.77459e-03 	 9.02449e-04 	 8.72141e-04 
1.801 	 1.81978e-03 	 9.22481e-04 	 8.97296e-04 
1.782 	 1.86535e-03 	 9.43170e-04 	 9.22184e-04 
1.763 	 1.91110e-03 	 9.64366e-04 	 9.46735e-04 
1.744 	 1.95603e-03 	 9.85055e-04 	 9.70975e-04 
1.726 	 2.00047e-03 	 1.00539e-03 	 9.95072e-04 
1.708 	 2.04530e-03 	 1.02627e-03 	 1.01903e-03 
1.690 	 2.09069e-03 	 1.04790e-03 	 1.04279e-03 
1.673 	 2.13675e-03 	 1.07039e-03 	 1.06636e-03 
1.656 	 2.18377e-03 	 1.09404e-03 	 1.08974e-03 
1.640 	 2.23229e-03 	 1.11937e-03 	 1.11291e-03 
1.623 	 2.28222e-03 	 1.14640e-03 	 1.13582e-03 
1.608 	 2.33053e-03 	 1.17222e-03 	 1.15831e-03 
1.592 	 2.37413e-03 	 1.19362e-03 	 1.18051e-03 
1.577 	 2.41597e-03 	 1.21333e-03 	 1.20264e-03 
1.562 	 2.45872e-03 	 1.23400e-03 	 1.22472e-03 
1.547 	 2.50260e-03 	 1.25591e-03 	 1.24669e-03 
1.533 	 2.54726e-03 	 1.27873e-03 	 1.26853e-03 
1.519 	 2.59243e-03 	 1.30218e-03 	 1.29025e-03 
1.505 	 2.63793e-03 	 1.32610e-03 	 1.31183e-03 
1.491 	 2.68367e-03 	 1.35038e-03 	 1.33330e-03 
1.478 	 2.72962e-03 	 1.37496e-03 	 1.35466e-03 
1.464 	 2.77576e-03 	 1.39985e-03 	 1.37592e-03 
1.452 	 2.82217e-03 	 1.42514e-03 	 1.39703e-03 
1.439 	 2.86893e-03 	 1.45102e-03 	 1.41791e-03 
1.426 	 2.91595e-03 	 1.47760e-03 	 1.43835e-03 
1.414 	 2.96260e-03 	 1.50432e-03 	 1.45828e-03 
1.402 	 3.00822e-03 	 1.53015e-03 	 1.47807e-03 
1.390 	 3.05287e-03 	 1.55482e-03 	 1.49805e-03 
1.379 	 3.09689e-03 	 1.57867e-03 	 1.51822e-03 
1.367 	 3.14035e-03 	 1.60189e-03 	 1.53847e-03 
1.356 	 3.18311e-03 	 1.62439e-03 	 1.55872e-03 
1.345 	 3.22492e-03 	 1.64597e-03 	 1.57895e-03 
1.334 	 3.26547e-03 	 1.66632e-03 	 1.59915e-03 
1.323 	 3.30433e-03 	 1.68501e-03 	 1.61932e-03 
1.313 	 3.34102e-03 	 1.70154e-03 	 1.63948e-03 
1.302 	 3.37486e-03 	 1.71523e-03 	 1.65963e-03 
1.292 	 3.40499e-03 	 1.72521e-03 	 1.67978e-03 
1.282 	 3.43027e-03 	 1.73031e-03 	 1.69997e-03 
1.272 	 3.44915e-03 	 1.72895e-03 	 1.72020e-03 
1.262 	 3.45952e-03 	 1.71901e-03 	 1.74051e-03 
1.253 	 3.45847e-03 	 1.69755e-03 	 1.76092e-03 
1.243 	 3.44193e-03 	 1.66046e-03 	 1.78147e-03 
1.234 	 3.40422e-03 	 1.60200e-03 	 1.80221e-03 
1.225 	 3.33735e-03 	 1.51416e-03 	 1.82319e-03 
1.216 	 3.23040e-03 	 1.38594e-03 	 1.84446e-03 
1.207 	 3.06925e-03 	 1.20320e-03 	 1.86605e-03 
1.198 	 2.83849e-03 	 9.50550e-04 	 1.88794e-03 
1.189 	 2.52941e-03 	 6.19488e-04 	 1.90992e-03 
1.181 	 2.16109e-03 	 2.29646e-04 	 1.93145e-03 
1.172 	 1.81336e-03 	 -1.38183e-04 	 1.95154e-03 
1.164 	 1.63053e-03 	 -3.38676e-04 	 1.96921e-03 
1.156 	 1.72875e-03 	 -2.55740e-04 	 1.98449e-03 
1.148 	 2.07826e-03 	 7.94928e-05 	 1.99877e-03 
1.140 	 2.54070e-03 	 5.27114e-04 	 2.01359e-03 
1.132 	 2.99609e-03 	 9.66439e-04 	 2.02965e-03 
1.124 	 3.39116e-03 	 1.34423e-03 	 2.04692e-03 
1.117 	 3.71790e-03 	 1.65277e-03 	 2.06513e-03 
1.109 	 3.98600e-03 	 1.90199e-03 	 2.08400e-03 
1.102 	 4.20853e-03 	 2.10520e-03 	 2.10333e-03 
1.094 	 4.39701e-03 	 2.27403e-03 	 2.12298e-03 
1.087 	 4.56034e-03 	 2.41747e-03 	 2.14287e-03 
1.080 	 4.70509e-03 	 2.54216e-03 	 2.16294e-03 
1.073 	 4.83608e-03 	 2.65292e-03 	 2.18316e-03 
1.066 	 4.95679e-03 	 2.75327e-03 	 2.20352e-03 
1.059 	 5.06977e-03 	 2.84577e-03 	 2.22400e-03 
1.052 	 5.17693e-03 	 2.93233e-03 	 2.24460e-03 
1.046 	 5.27968e-03 	 3.01437e-03 	 2.26531e-03 
1.039 	 5.37911e-03 	 3.09298e-03 	 2.28614e-03 
1.032 	 5.47605e-03 	 3.16897e-03 	 2.30708e-03 
1.026 	 5.57114e-03 	 3.24299e-03 	 2.32814e-03 
1.020 	 5.66489e-03 	 3.31556e-03 	 2.34933e-03 
1.013 	 5.75771e-03 	 3.38708e-03 	 2.37063e-03 
1.007 	 5.84994e-03 	 3.45786e-03 	 2.39207e-03 
1.001 	 5.94183e-03 	 3.52819e-03 	 2.41365e-03 
0.995 	 6.03363e-03 	 3.59827e-03 	 2.43536e-03 
0.989 	 6.12551e-03 	 3.66829e-03 	 2.45722e-03 
0.983 	 6.21763e-03 	 3.73840e-03 	 2.47923e-03 
0.977 	 6.31015e-03 	 3.80875e-03 	 2.50140e-03 
0.971 	 6.40316e-03 	 3.87944e-03 	 2.52373e-03 
0.966 	 6.49680e-03 	 3.95058e-03 	 2.54622e-03 
0.960 	 6.59114e-03 	 4.02225e-03 	 2.56888e-03 
0.955 	 6.68628e-03 	 4.09456e-03 	 2.59173e-03 
0.949 	 6.78231e-03 	 4.16756e-03 	 2.61475e-03 
0.944 	 6.87931e-03 	 4.24134e-03 	 2.63796e-03 
0.938 	 6.97735e-03 	 4.31598e-03 	 2.66137e-03 
0.933 	 7.07652e-03 	 4.39153e-03 	 2.68498e-03 
0.928 	 7.17689e-03 	 4.46809e-03 	 2.70880e-03 
0.922 	 7.27854e-03 	 4.54572e-03 	 2.73283e-03 
0.917 	 7.38158e-03 	 4.62450e-03 	 2.75708e-03 
0.912 	 7.48608e-03 	 4.70453e-03 	 2.78156e-03 
0.907 	 7.59216e-03 	 4.78589e-03 	 2.80627e-03 
0.902 	 7.69993e-03 	 4.86871e-03 	 2.83122e-03 
0.897 	 7.80952e-03 	 4.95310e-03 	 2.85641e-03 
0.892 	 7.92107e-03 	 5.03921e-03 	 2.88186e-03 
0.888 	 8.03475e-03 	 5.12720e-03 	 2.90755e-03 
0.883 	 8.15075e-03 	 5.21725e-03 	 2.93349e-03 
0.878 	 8.26927e-03 	 5.30959e-03 	 2.95968e-03 
0.873 	 8.39056e-03 	 5.40445e-03 	 2.98612e-03 
0.869 	 8.51486e-03 	 5.50209e-03 	 3.01277e-03 
0.864 	 8.64240e-03 	 5.60278e-03 	 3.03962e-03 
0.860 	 8.77336e-03 	 5.70673e-03 	 3.06663e-03 
0.855 	 8.90780e-03 	 5.81407e-03 	 3.09373e-03 
0.851 	 9.04553e-03 	 5.92470e-03 	 3.12083e-03 
0.847 	 9.18596e-03 	 6.03812e-03 	 3.14783e-03 
0.842 	 9.32790e-03 	 6.15329e-03 	 3.17461e-03 
0.838 	 9.46946e-03 	 6.26839e-03 	 3.20107e-03 
0.834 	 9.60815e-03 	 6.38100e-03 	 3.22715e-03 
0.829 	 9.74139e-03 	 6.48844e-03 	 3.25295e-03 
0.825 	 9.86733e-03 	 6.58866e-03 	 3.27868e-03 
0.821 	 9.98565e-03 	 6.68101e-03 	 3.30464e-03 
0.817 	 1.00978e-02 	 6.76659e-03 	 3.33117e-03 
0.813 	 1.02063e-02 	 6.84775e-03 	 3.35851e-03 
0.809 	 1.03141e-02 	 6.92727e-03 	 3.38679e-03 
0.805 	 1.04235e-02 	 7.00753e-03 	 3.41600e-03 
0.801 	 1.05363e-02 	 7.09022e-03 	 3.44608e-03 
0.797 	 1.06532e-02 	 7.17628e-03 	 3.47692e-03 
0.793 	 1.07746e-02 	 7.26613e-03 	 3.50844e-03 
0.790 	 1.09004e-02 	 7.35982e-03 	 3.54055e-03 
0.786 	 1.10304e-02 	 7.45721e-03 	 3.57320e-03 
0.782 	 1.11644e-02 	 7.55809e-03 	 3.60634e-03 
0.778 	 1.13022e-02 	 7.66222e-03 	 3.63994e-03 
0.775 	 1.14434e-02 	 7.76939e-03 	 3.67398e-03 
0.771 	 1.15878e-02 	 7.87938e-03 	 3.70846e-03 
0.768 	 1.17354e-02 	 7.99204e-03 	 3.74337e-03 
0.764 	 1.18859e-02 	 8.10721e-03 	 3.77871e-03 
0.760 	 1.20393e-02 	 8.22480e-03 	 3.81448e-03 
0.757 	 1.21954e-02 	 8.34470e-03 	 3.85070e-03 
0.753 	 1.23542e-02 	 8.46686e-03 	 3.88735e-03 
0.750 	 1.25157e-02 	 8.59122e-03 	 3.92447e-03 
0.747 	 1.26798e-02 	 8.71773e-03 	 3.96204e-03 
0.743 	 1.28465e-02 	 8.84638e-03 	 4.00008e-03 
0.740 	 1.30157e-02 	 8.97714e-03 	 4.03861e-03 
0.737 	 1.31876e-02 	 9.11000e-03 	 4.07762e-03 
0.733 	 1.33621e-02 	 9.24496e-03 	 4.11714e-03 
0.730 	 1.35392e-02 	 9.38203e-03 	 4.15718e-03 
0.727 	 1.37189e-02 	 9.52121e-03 	 4.19774e-03 
0.724 	 1.39013e-02 	 9.66251e-03 	 4.23884e-03 
0.720 	 1.40864e-02 	 9.80595e-03 	 4.28049e-03 
0.717 	 1.42742e-02 	 9.95154e-03 	 4.32270e-03 
0.714 	 1.44648e-02 	 1.00993e-02 	 4.36549e-03 
0.711 	 1.46581e-02 	 1.02493e-02 	 4.40887e-03 
0.708 	 1.48543e-02 	 1.04014e-02 	 4.45285e-03 
0.705 	 1.50533e-02 	 1.05559e-02 	 4.49744e-03 
0.702 	 1.52552e-02 	 1.07126e-02 	 4.54267e-03 
0.699 	 1.54601e-02 	 1.08716e-02 	 4.58854e-03 
0.696 	 1.56680e-02 	 1.10329e-02 	 4.63506e-03 
0.693 	 1.58789e-02 	 1.11966e-02 	 4.68225e-03 
0.690 	 1.60929e-02 	 1.13627e-02 	 4.73013e-03 
0.687 	 1.63100e-02 	 1.15313e-02 	 4.77870e-03 
0.684 	 1.65303e-02 	 1.17023e-02 	 4.82799e-03 
0.682 	 1.67538e-02 	 1.18758e-02 	 4.87800e-03 
0.679 	 1.69807e-02 	 1.20519e-02 	 4.92876e-03 
0.676 	 1.72108e-02 	 1.22305e-02 	 4.98028e-03 
0.673 	 1.74444e-02 	 1.24118e-02 	 5.03258e-03 
0.671 	 1.76814e-02 	 1.25958e-02 	 5.08567e-03 
0.668 	 1.79220e-02 	 1.27824e-02 	 5.13957e-03 
0.665 	 1.81661e-02 	 1.29718e-02 	 5.19430e-03 
0.662 	 1.84139e-02 	 1.31640e-02 	 5.24987e-03 
0.660 	 1.86654e-02 	 1.33590e-02 	 5.30631e-03 
0.657 	 1.89206e-02 	 1.35570e-02 	 5.36364e-03 
0.655 	 1.91797e-02 	 1.37578e-02 	 5.42186e-03 
0.652 	 1.94427e-02 	 1.39617e-02 	 5.48101e-03 
0.649 	 1.97097e-02 	 1.41686e-02 	 5.54111e-03 
0.647 	 1.99807e-02 	 1.43785e-02 	 5.60217e-03 
0.644 	 2.02558e-02 	 1.45916e-02 	 5.66421e-03 
0.642 	 2.05352e-02 	 1.48079e-02 	 5.72727e-03 
0.639 	 2.08188e-02 	 1.50275e-02 	 5.79135e-03 
0.637 	 2.11068e-02 	 1.52503e-02 	 5.85649e-03 
0.634 	 2.13993e-02 	 1.54765e-02 	 5.92271e-03 
0.632 	 2.16962e-02 	 1.57062e-02 	 5.99003e-03 
0.629 	 2.19978e-02 	 1.59393e-02 	 6.05849e-03 
0.627 	 2.23040e-02 	 1.61759e-02 	 6.12810e-03 
0.625 	 2.26151e-02 	 1.64162e-02 	 6.19889e-03 
0.622 	 2.29310e-02 	 1.66601e-02 	 6.27089e-03 
0.620 	 2.32519e-02 	 1.69078e-02 	 6.34413e-03 
