Energy [eV] EELS_b EELS_a 
2.500 	 1.15510e-06 	 5.47341e-06 
2.502 	 1.19192e-06 	 5.65371e-06 
2.504 	 1.23057e-06 	 5.84307e-06 
2.506 	 1.27118e-06 	 6.04202e-06 
2.508 	 1.31385e-06 	 6.25116e-06 
2.510 	 1.35871e-06 	 6.47111e-06 
2.512 	 1.40590e-06 	 6.70255e-06 
2.514 	 1.45556e-06 	 6.94617e-06 
2.516 	 1.50784e-06 	 7.20272e-06 
2.519 	 1.56291e-06 	 7.47298e-06 
2.521 	 1.62092e-06 	 7.75779e-06 
2.523 	 1.68206e-06 	 8.05801e-06 
2.525 	 1.74651e-06 	 8.37453e-06 
2.527 	 1.81447e-06 	 8.70830e-06 
2.529 	 1.88612e-06 	 9.06028e-06 
2.531 	 1.96167e-06 	 9.43145e-06 
2.533 	 2.04133e-06 	 9.82280e-06 
2.535 	 2.12529e-06 	 1.02353e-05 
2.537 	 2.21377e-06 	 1.06700e-05 
2.539 	 2.30695e-06 	 1.11277e-05 
2.541 	 2.40502e-06 	 1.16094e-05 
2.543 	 2.50814e-06 	 1.21157e-05 
2.545 	 2.61642e-06 	 1.26472e-05 
2.547 	 2.72997e-06 	 1.32043e-05 
2.549 	 2.84881e-06 	 1.37872e-05 
2.551 	 2.97292e-06 	 1.43955e-05 
2.553 	 3.10218e-06 	 1.50286e-05 
2.555 	 3.23635e-06 	 1.56853e-05 
2.557 	 3.37509e-06 	 1.63637e-05 
2.559 	 3.51790e-06 	 1.70613e-05 
2.561 	 3.66407e-06 	 1.77745e-05 
2.563 	 3.81274e-06 	 1.84988e-05 
2.565 	 3.96278e-06 	 1.92288e-05 
2.567 	 4.11284e-06 	 1.99577e-05 
2.569 	 4.26131e-06 	 2.06776e-05 
2.571 	 4.40632e-06 	 2.13794e-05 
2.573 	 4.54577e-06 	 2.20529e-05 
2.575 	 4.67735e-06 	 2.26869e-05 
2.577 	 4.79860e-06 	 2.32696e-05 
2.579 	 4.90698e-06 	 2.37892e-05 
2.581 	 4.99998e-06 	 2.42336e-05 
2.583 	 5.07522e-06 	 2.45920e-05 
2.585 	 5.13059e-06 	 2.48545e-05 
2.587 	 5.16436e-06 	 2.50133e-05 
2.589 	 5.17533e-06 	 2.50631e-05 
2.591 	 5.16285e-06 	 2.50014e-05 
2.593 	 5.12694e-06 	 2.48284e-05 
2.595 	 5.06825e-06 	 2.45477e-05 
2.597 	 4.98807e-06 	 2.41655e-05 
2.599 	 4.88821e-06 	 2.36907e-05 
2.601 	 4.77093e-06 	 2.31339e-05 
2.603 	 4.63877e-06 	 2.25071e-05 
2.605 	 4.49447e-06 	 2.18233e-05 
2.607 	 4.34078e-06 	 2.10954e-05 
2.609 	 4.18041e-06 	 2.03358e-05 
2.611 	 4.01588e-06 	 1.95566e-05 
2.613 	 3.84949e-06 	 1.87684e-05 
2.615 	 3.68328e-06 	 1.79806e-05 
2.618 	 3.51897e-06 	 1.72015e-05 
2.620 	 3.35801e-06 	 1.64378e-05 
2.622 	 3.20155e-06 	 1.56949e-05 
2.624 	 3.05050e-06 	 1.49772e-05 
2.626 	 2.90552e-06 	 1.42877e-05 
2.628 	 2.76707e-06 	 1.36288e-05 
2.630 	 2.63545e-06 	 1.30019e-05 
2.632 	 2.51080e-06 	 1.24077e-05 
2.634 	 2.39315e-06 	 1.18466e-05 
2.636 	 2.28244e-06 	 1.13181e-05 
2.638 	 2.17853e-06 	 1.08219e-05 
2.640 	 2.08122e-06 	 1.03569e-05 
2.642 	 1.99026e-06 	 9.92212e-06 
2.644 	 1.90537e-06 	 9.51623e-06 
2.646 	 1.82624e-06 	 9.13779e-06 
2.648 	 1.75254e-06 	 8.78524e-06 
2.650 	 1.68390e-06 	 8.45687e-06 
2.652 	 1.61995e-06 	 8.15090e-06 
2.654 	 1.56030e-06 	 7.86542e-06 
2.656 	 1.50453e-06 	 7.59844e-06 
2.658 	 1.45223e-06 	 7.34789e-06 
2.660 	 1.40296e-06 	 7.11163e-06 
2.662 	 1.35629e-06 	 6.88752e-06 
2.664 	 1.31180e-06 	 6.67345e-06 
2.666 	 1.26908e-06 	 6.46740e-06 
2.668 	 1.22778e-06 	 6.26751e-06 
2.670 	 1.18756e-06 	 6.07217e-06 
2.672 	 1.14816e-06 	 5.88004e-06 
2.674 	 1.10938e-06 	 5.69014e-06 
2.676 	 1.07109e-06 	 5.50183e-06 
2.678 	 1.03323e-06 	 5.31483e-06 
2.680 	 9.95793e-07 	 5.12918e-06 
2.682 	 9.58828e-07 	 4.94518e-06 
2.684 	 9.22420e-07 	 4.76332e-06 
2.686 	 8.86675e-07 	 4.58421e-06 
2.688 	 8.51706e-07 	 4.40849e-06 
2.690 	 8.17626e-07 	 4.23680e-06 
2.692 	 7.84536e-07 	 4.06972e-06 
2.694 	 7.52520e-07 	 3.90773e-06 
2.696 	 7.21644e-07 	 3.75122e-06 
2.698 	 6.91952e-07 	 3.60047e-06 
2.700 	 6.63472e-07 	 3.45565e-06 
