Energy [eV] EELS_b EELS_a 
2.500 	 6.66159e-11 	 2.67202e-10 
2.502 	 6.82008e-11 	 2.73847e-10 
2.504 	 6.98595e-11 	 2.80801e-10 
2.506 	 7.15959e-11 	 2.88082e-10 
2.508 	 7.34143e-11 	 2.95707e-10 
2.510 	 7.53192e-11 	 3.03697e-10 
2.512 	 7.73151e-11 	 3.12070e-10 
2.514 	 7.94071e-11 	 3.20847e-10 
2.516 	 8.16000e-11 	 3.30050e-10 
2.519 	 8.38993e-11 	 3.39702e-10 
2.521 	 8.63103e-11 	 3.49826e-10 
2.523 	 8.88386e-11 	 3.60445e-10 
2.525 	 9.14899e-11 	 3.71585e-10 
2.527 	 9.42699e-11 	 3.83269e-10 
2.529 	 9.71844e-11 	 3.95523e-10 
2.531 	 1.00239e-10 	 4.08370e-10 
2.533 	 1.03439e-10 	 4.21835e-10 
2.535 	 1.06789e-10 	 4.35940e-10 
2.537 	 1.10295e-10 	 4.50703e-10 
2.539 	 1.13959e-10 	 4.66144e-10 
2.541 	 1.17784e-10 	 4.82274e-10 
2.543 	 1.21773e-10 	 4.99102e-10 
2.545 	 1.25925e-10 	 5.16627e-10 
2.547 	 1.30237e-10 	 5.34843e-10 
2.549 	 1.34704e-10 	 5.53729e-10 
2.551 	 1.39319e-10 	 5.73255e-10 
2.553 	 1.44070e-10 	 5.93373e-10 
2.555 	 1.48940e-10 	 6.14016e-10 
2.557 	 1.53908e-10 	 6.35095e-10 
2.559 	 1.58946e-10 	 6.56498e-10 
2.561 	 1.64020e-10 	 6.78083e-10 
2.563 	 1.69089e-10 	 6.99678e-10 
2.565 	 1.74102e-10 	 7.21079e-10 
2.567 	 1.79004e-10 	 7.42047e-10 
2.569 	 1.83728e-10 	 7.62310e-10 
2.571 	 1.88202e-10 	 7.81565e-10 
2.573 	 1.92347e-10 	 7.99482e-10 
2.575 	 1.96080e-10 	 8.15713e-10 
2.577 	 1.99317e-10 	 8.29897e-10 
2.579 	 2.01971e-10 	 8.41681e-10 
2.581 	 2.03965e-10 	 8.50729e-10 
2.583 	 2.05227e-10 	 8.56738e-10 
2.585 	 2.05698e-10 	 8.59459e-10 
2.587 	 2.05338e-10 	 8.58713e-10 
2.589 	 2.04124e-10 	 8.54399e-10 
2.591 	 2.02055e-10 	 8.46506e-10 
2.593 	 1.99154e-10 	 8.35118e-10 
2.595 	 1.95463e-10 	 8.20408e-10 
2.597 	 1.91046e-10 	 8.02633e-10 
2.599 	 1.85982e-10 	 7.82115e-10 
2.601 	 1.80362e-10 	 7.59233e-10 
2.603 	 1.74287e-10 	 7.34397e-10 
2.605 	 1.67858e-10 	 7.08029e-10 
2.607 	 1.61176e-10 	 6.80552e-10 
2.609 	 1.54339e-10 	 6.52366e-10 
2.611 	 1.47434e-10 	 6.23846e-10 
2.613 	 1.40542e-10 	 5.95324e-10 
2.615 	 1.33731e-10 	 5.67091e-10 
2.618 	 1.27059e-10 	 5.39393e-10 
2.620 	 1.20574e-10 	 5.12430e-10 
2.622 	 1.14313e-10 	 4.86360e-10 
2.624 	 1.08302e-10 	 4.61303e-10 
2.626 	 1.02561e-10 	 4.37343e-10 
2.628 	 9.71027e-11 	 4.14536e-10 
2.630 	 9.19329e-11 	 3.92912e-10 
2.632 	 8.70530e-11 	 3.72479e-10 
2.634 	 8.24602e-11 	 3.53230e-10 
2.636 	 7.81485e-11 	 3.35143e-10 
2.638 	 7.41095e-11 	 3.18185e-10 
2.640 	 7.03331e-11 	 3.02318e-10 
2.642 	 6.68074e-11 	 2.87493e-10 
2.644 	 6.35199e-11 	 2.73659e-10 
2.646 	 6.04570e-11 	 2.60763e-10 
2.648 	 5.76047e-11 	 2.48746e-10 
2.650 	 5.49485e-11 	 2.37549e-10 
2.652 	 5.24737e-11 	 2.27111e-10 
2.654 	 5.01651e-11 	 2.17369e-10 
2.656 	 4.80077e-11 	 2.08259e-10 
2.658 	 4.59860e-11 	 1.99718e-10 
2.660 	 4.40851e-11 	 1.91681e-10 
2.662 	 4.22901e-11 	 1.84086e-10 
2.664 	 4.05868e-11 	 1.76872e-10 
2.666 	 3.89619e-11 	 1.69983e-10 
2.668 	 3.74034e-11 	 1.63368e-10 
2.670 	 3.59008e-11 	 1.56980e-10 
2.672 	 3.44456e-11 	 1.50785e-10 
2.674 	 3.30312e-11 	 1.44753e-10 
2.676 	 3.16532e-11 	 1.38867e-10 
2.678 	 3.03091e-11 	 1.33116e-10 
2.680 	 2.89980e-11 	 1.27496e-10 
2.682 	 2.77206e-11 	 1.22011e-10 
2.684 	 2.64783e-11 	 1.16668e-10 
2.686 	 2.52732e-11 	 1.11478e-10 
2.688 	 2.41075e-11 	 1.06449e-10 
2.690 	 2.29834e-11 	 1.01593e-10 
2.692 	 2.19025e-11 	 9.69169e-11 
2.694 	 2.08661e-11 	 9.24282e-11 
2.696 	 1.98751e-11 	 8.81305e-11 
2.698 	 1.89295e-11 	 8.40253e-11 
2.700 	 1.80291e-11 	 8.01123e-11 
