Energy [eV] EELS_b EELS_a 
2.500 	 8.25430e-06 	 4.28191e-05 
2.502 	 8.51778e-06 	 4.42613e-05 
2.504 	 8.79418e-06 	 4.57762e-05 
2.506 	 9.08428e-06 	 4.73684e-05 
2.508 	 9.38891e-06 	 4.90428e-05 
2.510 	 9.70896e-06 	 5.08044e-05 
2.512 	 1.00454e-05 	 5.26588e-05 
2.514 	 1.03991e-05 	 5.46118e-05 
2.516 	 1.07713e-05 	 5.66697e-05 
2.519 	 1.11630e-05 	 5.88389e-05 
2.521 	 1.15754e-05 	 6.11264e-05 
2.523 	 1.20097e-05 	 6.35395e-05 
2.525 	 1.24672e-05 	 6.60860e-05 
2.527 	 1.29494e-05 	 6.87738e-05 
2.529 	 1.34575e-05 	 7.16114e-05 
2.531 	 1.39930e-05 	 7.46074e-05 
2.533 	 1.45574e-05 	 7.77706e-05 
2.535 	 1.51523e-05 	 8.11102e-05 
2.537 	 1.57790e-05 	 8.46351e-05 
2.539 	 1.64391e-05 	 8.83543e-05 
2.541 	 1.71339e-05 	 9.22764e-05 
2.543 	 1.78648e-05 	 9.64095e-05 
2.545 	 1.86329e-05 	 1.00760e-04 
2.547 	 1.94392e-05 	 1.05335e-04 
2.549 	 2.02841e-05 	 1.10138e-04 
2.551 	 2.11681e-05 	 1.15170e-04 
2.553 	 2.20908e-05 	 1.20431e-04 
2.555 	 2.30513e-05 	 1.25914e-04 
2.557 	 2.40480e-05 	 1.31611e-04 
2.559 	 2.50783e-05 	 1.37505e-04 
2.561 	 2.61385e-05 	 1.43575e-04 
2.563 	 2.72236e-05 	 1.49790e-04 
2.565 	 2.83272e-05 	 1.56111e-04 
2.567 	 2.94415e-05 	 1.62490e-04 
2.569 	 3.05565e-05 	 1.68867e-04 
2.571 	 3.16608e-05 	 1.75172e-04 
2.573 	 3.27412e-05 	 1.81325e-04 
2.575 	 3.37828e-05 	 1.87236e-04 
2.577 	 3.47692e-05 	 1.92806e-04 
2.579 	 3.56831e-05 	 1.97932e-04 
2.581 	 3.65066e-05 	 2.02510e-04 
2.583 	 3.72221e-05 	 2.06438e-04 
2.585 	 3.78131e-05 	 2.09621e-04 
2.587 	 3.82646e-05 	 2.11977e-04 
2.589 	 3.85644e-05 	 2.13443e-04 
2.591 	 3.87037e-05 	 2.13977e-04 
2.593 	 3.86775e-05 	 2.13559e-04 
2.595 	 3.84851e-05 	 2.12199e-04 
2.597 	 3.81303e-05 	 2.09928e-04 
2.599 	 3.76209e-05 	 2.06805e-04 
2.601 	 3.69684e-05 	 2.02903e-04 
2.603 	 3.61873e-05 	 1.98316e-04 
2.605 	 3.52944e-05 	 1.93143e-04 
2.607 	 3.43078e-05 	 1.87493e-04 
2.609 	 3.32462e-05 	 1.81473e-04 
2.611 	 3.21283e-05 	 1.75186e-04 
2.613 	 3.09717e-05 	 1.68731e-04 
2.615 	 2.97928e-05 	 1.62196e-04 
2.618 	 2.86065e-05 	 1.55660e-04 
2.620 	 2.74257e-05 	 1.49189e-04 
2.622 	 2.62615e-05 	 1.42841e-04 
2.624 	 2.51230e-05 	 1.36662e-04 
2.626 	 2.40177e-05 	 1.30688e-04 
2.628 	 2.29513e-05 	 1.24946e-04 
2.630 	 2.19281e-05 	 1.19456e-04 
2.632 	 2.09510e-05 	 1.14232e-04 
2.634 	 2.00221e-05 	 1.09281e-04 
2.636 	 1.91422e-05 	 1.04606e-04 
2.638 	 1.83116e-05 	 1.00205e-04 
2.640 	 1.75297e-05 	 9.60747e-05 
2.642 	 1.67955e-05 	 9.22081e-05 
2.644 	 1.61077e-05 	 8.85959e-05 
2.646 	 1.54644e-05 	 8.52272e-05 
2.648 	 1.48635e-05 	 8.20895e-05 
2.650 	 1.43025e-05 	 7.91684e-05 
2.652 	 1.37787e-05 	 7.64487e-05 
2.654 	 1.32893e-05 	 7.39133e-05 
2.656 	 1.28312e-05 	 7.15442e-05 
2.658 	 1.24010e-05 	 6.93224e-05 
2.660 	 1.19953e-05 	 6.72279e-05 
2.662 	 1.16107e-05 	 6.52404e-05 
2.664 	 1.12437e-05 	 6.33397e-05 
2.666 	 1.08909e-05 	 6.15063e-05 
2.668 	 1.05493e-05 	 5.97222e-05 
2.670 	 1.02162e-05 	 5.79715e-05 
2.672 	 9.88919e-06 	 5.62412e-05 
2.674 	 9.56669e-06 	 5.45216e-05 
2.676 	 9.24755e-06 	 5.28067e-05 
2.678 	 8.93123e-06 	 5.10939e-05 
2.680 	 8.61769e-06 	 4.93838e-05 
2.682 	 8.30736e-06 	 4.76798e-05 
2.684 	 8.00097e-06 	 4.59872e-05 
2.686 	 7.69946e-06 	 4.43126e-05 
2.688 	 7.40386e-06 	 4.26629e-05 
2.690 	 7.11516e-06 	 4.10450e-05 
2.692 	 6.83430e-06 	 3.94653e-05 
2.694 	 6.56204e-06 	 3.79292e-05 
2.696 	 6.29902e-06 	 3.64411e-05 
2.698 	 6.04567e-06 	 3.50045e-05 
2.700 	 5.80229e-06 	 3.36216e-05 
