Energy [eV] EELS_b EELS_a 
2.500 	 6.25654e-04 	 9.27700e-04 
2.502 	 6.45496e-04 	 9.57831e-04 
2.504 	 6.66262e-04 	 9.89411e-04 
2.506 	 6.88007e-04 	 1.02253e-03 
2.508 	 7.10786e-04 	 1.05728e-03 
2.510 	 7.34661e-04 	 1.09377e-03 
2.512 	 7.59694e-04 	 1.13210e-03 
2.514 	 7.85955e-04 	 1.17240e-03 
2.516 	 8.13516e-04 	 1.21479e-03 
2.519 	 8.42452e-04 	 1.25939e-03 
2.521 	 8.72846e-04 	 1.30637e-03 
2.523 	 9.04783e-04 	 1.35586e-03 
2.525 	 9.38352e-04 	 1.40804e-03 
2.527 	 9.73651e-04 	 1.46309e-03 
2.529 	 1.01078e-03 	 1.52118e-03 
2.531 	 1.04984e-03 	 1.58253e-03 
2.533 	 1.09094e-03 	 1.64735e-03 
2.535 	 1.13420e-03 	 1.71587e-03 
2.537 	 1.17974e-03 	 1.78834e-03 
2.539 	 1.22768e-03 	 1.86501e-03 
2.541 	 1.27814e-03 	 1.94615e-03 
2.543 	 1.33125e-03 	 2.03207e-03 
2.545 	 1.38714e-03 	 2.12306e-03 
2.547 	 1.44593e-03 	 2.21943e-03 
2.549 	 1.50775e-03 	 2.32153e-03 
2.551 	 1.57272e-03 	 2.42968e-03 
2.553 	 1.64094e-03 	 2.54423e-03 
2.555 	 1.71251e-03 	 2.66554e-03 
2.557 	 1.78751e-03 	 2.79394e-03 
2.559 	 1.86599e-03 	 2.92977e-03 
2.561 	 1.94800e-03 	 3.07333e-03 
2.563 	 2.03351e-03 	 3.22491e-03 
2.565 	 2.12248e-03 	 3.38473e-03 
2.567 	 2.21481e-03 	 3.55294e-03 
2.569 	 2.31032e-03 	 3.72963e-03 
2.571 	 2.40878e-03 	 3.91473e-03 
2.573 	 2.50986e-03 	 4.10803e-03 
2.575 	 2.61313e-03 	 4.30914e-03 
2.577 	 2.71804e-03 	 4.51741e-03 
2.579 	 2.82393e-03 	 4.73193e-03 
2.581 	 2.92998e-03 	 4.95141e-03 
2.583 	 3.03523e-03 	 5.17423e-03 
2.585 	 3.13855e-03 	 5.39830e-03 
2.587 	 3.23866e-03 	 5.62109e-03 
2.589 	 3.33413e-03 	 5.83956e-03 
2.591 	 3.42339e-03 	 6.05027e-03 
2.593 	 3.50476e-03 	 6.24935e-03 
2.595 	 3.57653e-03 	 6.43265e-03 
2.597 	 3.63701e-03 	 6.59589e-03 
2.599 	 3.68458e-03 	 6.73489e-03 
2.601 	 3.71787e-03 	 6.84577e-03 
2.603 	 3.73576e-03 	 6.92529e-03 
2.605 	 3.73754e-03 	 6.97100e-03 
2.607 	 3.72296e-03 	 6.98156e-03 
2.609 	 3.69224e-03 	 6.95677e-03 
2.611 	 3.64612e-03 	 6.89766e-03 
2.613 	 3.58580e-03 	 6.80643e-03 
2.615 	 3.51285e-03 	 6.68625e-03 
2.618 	 3.42913e-03 	 6.54105e-03 
2.620 	 3.33668e-03 	 6.37526e-03 
2.622 	 3.23761e-03 	 6.19353e-03 
2.624 	 3.13396e-03 	 6.00047e-03 
2.626 	 3.02767e-03 	 5.80044e-03 
2.628 	 2.92051e-03 	 5.59745e-03 
2.630 	 2.81400e-03 	 5.39498e-03 
2.632 	 2.70945e-03 	 5.19602e-03 
2.634 	 2.60794e-03 	 5.00300e-03 
2.636 	 2.51030e-03 	 4.81784e-03 
2.638 	 2.41716e-03 	 4.64199e-03 
2.640 	 2.32899e-03 	 4.47650e-03 
2.642 	 2.24607e-03 	 4.32200e-03 
2.644 	 2.16854e-03 	 4.17885e-03 
2.646 	 2.09643e-03 	 4.04710e-03 
2.648 	 2.02965e-03 	 3.92658e-03 
2.650 	 1.96803e-03 	 3.81689e-03 
2.652 	 1.91129e-03 	 3.71744e-03 
2.654 	 1.85909e-03 	 3.62748e-03 
2.656 	 1.81100e-03 	 3.54608e-03 
2.658 	 1.76655e-03 	 3.47216e-03 
2.660 	 1.72518e-03 	 3.40452e-03 
2.662 	 1.68632e-03 	 3.34184e-03 
2.664 	 1.64934e-03 	 3.28274e-03 
2.666 	 1.61363e-03 	 3.22580e-03 
2.668 	 1.57858e-03 	 3.16966e-03 
2.670 	 1.54365e-03 	 3.11302e-03 
2.672 	 1.50834e-03 	 3.05476e-03 
2.674 	 1.47230e-03 	 2.99396e-03 
2.676 	 1.43525e-03 	 2.92997e-03 
2.678 	 1.39706e-03 	 2.86242e-03 
2.680 	 1.35771e-03 	 2.79122e-03 
2.682 	 1.31729e-03 	 2.71653e-03 
2.684 	 1.27599e-03 	 2.63873e-03 
2.686 	 1.23404e-03 	 2.55835e-03 
2.688 	 1.19172e-03 	 2.47601e-03 
2.690 	 1.14932e-03 	 2.39239e-03 
2.692 	 1.10712e-03 	 2.30813e-03 
2.694 	 1.06538e-03 	 2.22386e-03 
2.696 	 1.02433e-03 	 2.14013e-03 
2.698 	 9.84148e-04 	 2.05743e-03 
2.700 	 9.45005e-04 	 1.97618e-03 
