Energy [eV] EELS_b EELS_a 
2.500 	 1.47274e-07 	 6.47724e-07 
2.502 	 1.51776e-07 	 6.68080e-07 
2.504 	 1.56497e-07 	 6.89430e-07 
2.506 	 1.61450e-07 	 7.11834e-07 
2.508 	 1.66648e-07 	 7.35353e-07 
2.510 	 1.72107e-07 	 7.60053e-07 
2.512 	 1.77840e-07 	 7.86002e-07 
2.514 	 1.83865e-07 	 8.13274e-07 
2.516 	 1.90197e-07 	 8.41945e-07 
2.519 	 1.96854e-07 	 8.72094e-07 
2.521 	 2.03855e-07 	 9.03804e-07 
2.523 	 2.11218e-07 	 9.37161e-07 
2.525 	 2.18962e-07 	 9.72253e-07 
2.527 	 2.27108e-07 	 1.00917e-06 
2.529 	 2.35674e-07 	 1.04800e-06 
2.531 	 2.44680e-07 	 1.08884e-06 
2.533 	 2.54147e-07 	 1.13178e-06 
2.535 	 2.64091e-07 	 1.17690e-06 
2.537 	 2.74531e-07 	 1.22427e-06 
2.539 	 2.85482e-07 	 1.27398e-06 
2.541 	 2.96955e-07 	 1.32608e-06 
2.543 	 3.08959e-07 	 1.38061e-06 
2.545 	 3.21496e-07 	 1.43758e-06 
2.547 	 3.34564e-07 	 1.49699e-06 
2.549 	 3.48150e-07 	 1.55879e-06 
2.551 	 3.62234e-07 	 1.62288e-06 
2.553 	 3.76782e-07 	 1.68914e-06 
2.555 	 3.91746e-07 	 1.75734e-06 
2.557 	 4.07061e-07 	 1.82721e-06 
2.559 	 4.22644e-07 	 1.89837e-06 
2.561 	 4.38391e-07 	 1.97038e-06 
2.563 	 4.54172e-07 	 2.04266e-06 
2.565 	 4.69837e-07 	 2.11454e-06 
2.567 	 4.85206e-07 	 2.18524e-06 
2.569 	 5.00079e-07 	 2.25386e-06 
2.571 	 5.14233e-07 	 2.31940e-06 
2.573 	 5.27425e-07 	 2.38080e-06 
2.575 	 5.39405e-07 	 2.43692e-06 
2.577 	 5.49916e-07 	 2.48662e-06 
2.579 	 5.58710e-07 	 2.52877e-06 
2.581 	 5.65558e-07 	 2.56234e-06 
2.583 	 5.70261e-07 	 2.58640e-06 
2.585 	 5.72663e-07 	 2.60023e-06 
2.587 	 5.72660e-07 	 2.60332e-06 
2.589 	 5.70209e-07 	 2.59543e-06 
2.591 	 5.65329e-07 	 2.57661e-06 
2.593 	 5.58104e-07 	 2.54718e-06 
2.595 	 5.48678e-07 	 2.50772e-06 
2.597 	 5.37244e-07 	 2.45907e-06 
2.599 	 5.24037e-07 	 2.40223e-06 
2.601 	 5.09321e-07 	 2.33835e-06 
2.603 	 4.93374e-07 	 2.26865e-06 
2.605 	 4.76476e-07 	 2.19439e-06 
2.607 	 4.58900e-07 	 2.11677e-06 
2.609 	 4.40904e-07 	 2.03697e-06 
2.611 	 4.22722e-07 	 1.95603e-06 
2.613 	 4.04560e-07 	 1.87492e-06 
2.615 	 3.86597e-07 	 1.79445e-06 
2.618 	 3.68983e-07 	 1.71532e-06 
2.620 	 3.51839e-07 	 1.63810e-06 
2.622 	 3.35260e-07 	 1.56325e-06 
2.624 	 3.19316e-07 	 1.49111e-06 
2.626 	 3.04060e-07 	 1.42194e-06 
2.628 	 2.89524e-07 	 1.35591e-06 
2.630 	 2.75726e-07 	 1.29313e-06 
2.632 	 2.62672e-07 	 1.23365e-06 
2.634 	 2.50358e-07 	 1.17745e-06 
2.636 	 2.38771e-07 	 1.12450e-06 
2.638 	 2.27894e-07 	 1.07474e-06 
2.640 	 2.17701e-07 	 1.02806e-06 
2.642 	 2.08166e-07 	 9.84358e-07 
2.644 	 1.99257e-07 	 9.43492e-07 
2.646 	 1.90943e-07 	 9.05324e-07 
2.648 	 1.83187e-07 	 8.69698e-07 
2.650 	 1.75951e-07 	 8.36447e-07 
2.652 	 1.69198e-07 	 8.05398e-07 
2.654 	 1.62886e-07 	 7.76364e-07 
2.656 	 1.56974e-07 	 7.49155e-07 
2.658 	 1.51418e-07 	 7.23571e-07 
2.660 	 1.46174e-07 	 6.99407e-07 
2.662 	 1.41199e-07 	 6.76461e-07 
2.664 	 1.36450e-07 	 6.54531e-07 
2.666 	 1.31887e-07 	 6.33426e-07 
2.668 	 1.27472e-07 	 6.12972e-07 
2.670 	 1.23173e-07 	 5.93015e-07 
2.672 	 1.18964e-07 	 5.73433e-07 
2.674 	 1.14826e-07 	 5.54132e-07 
2.676 	 1.10746e-07 	 5.35054e-07 
2.678 	 1.06718e-07 	 5.16173e-07 
2.680 	 1.02742e-07 	 4.97493e-07 
2.682 	 9.88245e-08 	 4.79041e-07 
2.684 	 9.49730e-08 	 4.60862e-07 
2.686 	 9.11987e-08 	 4.43011e-07 
2.688 	 8.75130e-08 	 4.25546e-07 
2.690 	 8.39270e-08 	 4.08524e-07 
2.692 	 8.04507e-08 	 3.91996e-07 
2.694 	 7.70921e-08 	 3.76004e-07 
2.696 	 7.38574e-08 	 3.60581e-07 
2.698 	 7.07506e-08 	 3.45749e-07 
2.700 	 6.77739e-08 	 3.31522e-07 
