Energy [eV] EELS_b EELS_a 
2.500 	 1.10956e-09 	 1.11255e-07 
2.502 	 1.13739e-09 	 1.14475e-07 
2.504 	 1.16648e-09 	 1.17846e-07 
2.506 	 1.19691e-09 	 1.21377e-07 
2.508 	 1.22874e-09 	 1.25077e-07 
2.510 	 1.26204e-09 	 1.28955e-07 
2.512 	 1.29689e-09 	 1.33023e-07 
2.514 	 1.33338e-09 	 1.37289e-07 
2.516 	 1.37158e-09 	 1.41766e-07 
2.519 	 1.41159e-09 	 1.46464e-07 
2.521 	 1.45349e-09 	 1.51396e-07 
2.523 	 1.49737e-09 	 1.56574e-07 
2.525 	 1.54333e-09 	 1.62010e-07 
2.527 	 1.59146e-09 	 1.67717e-07 
2.529 	 1.64184e-09 	 1.73708e-07 
2.531 	 1.69457e-09 	 1.79996e-07 
2.533 	 1.74973e-09 	 1.86593e-07 
2.535 	 1.80740e-09 	 1.93512e-07 
2.537 	 1.86764e-09 	 2.00763e-07 
2.539 	 1.93052e-09 	 2.08356e-07 
2.541 	 1.99607e-09 	 2.16300e-07 
2.543 	 2.06430e-09 	 2.24601e-07 
2.545 	 2.13521e-09 	 2.33260e-07 
2.547 	 2.20874e-09 	 2.42277e-07 
2.549 	 2.28482e-09 	 2.51646e-07 
2.551 	 2.36329e-09 	 2.61354e-07 
2.553 	 2.44395e-09 	 2.71382e-07 
2.555 	 2.52654e-09 	 2.81702e-07 
2.557 	 2.61070e-09 	 2.92276e-07 
2.559 	 2.69598e-09 	 3.03055e-07 
2.561 	 2.78183e-09 	 3.13977e-07 
2.563 	 2.86759e-09 	 3.24964e-07 
2.565 	 2.95248e-09 	 3.35924e-07 
2.567 	 3.03560e-09 	 3.46750e-07 
2.569 	 3.11592e-09 	 3.57318e-07 
2.571 	 3.19232e-09 	 3.67489e-07 
2.573 	 3.26357e-09 	 3.77112e-07 
2.575 	 3.32839e-09 	 3.86022e-07 
2.577 	 3.38544e-09 	 3.94054e-07 
2.579 	 3.43341e-09 	 4.01037e-07 
2.581 	 3.47106e-09 	 4.06809e-07 
2.583 	 3.49726e-09 	 4.11222e-07 
2.585 	 3.51107e-09 	 4.14148e-07 
2.587 	 3.51177e-09 	 4.15486e-07 
2.589 	 3.49892e-09 	 4.15174e-07 
2.591 	 3.47242e-09 	 4.13184e-07 
2.593 	 3.43248e-09 	 4.09533e-07 
2.595 	 3.37964e-09 	 4.04277e-07 
2.597 	 3.31474e-09 	 3.97513e-07 
2.599 	 3.23888e-09 	 3.89369e-07 
2.601 	 3.15338e-09 	 3.80002e-07 
2.603 	 3.05970e-09 	 3.69587e-07 
2.605 	 2.95938e-09 	 3.58310e-07 
2.607 	 2.85397e-09 	 3.46359e-07 
2.609 	 2.74499e-09 	 3.33919e-07 
2.611 	 2.63388e-09 	 3.21167e-07 
2.613 	 2.52194e-09 	 3.08263e-07 
2.615 	 2.41036e-09 	 2.95350e-07 
2.618 	 2.30015e-09 	 2.82555e-07 
2.620 	 2.19217e-09 	 2.69984e-07 
2.622 	 2.08710e-09 	 2.57724e-07 
2.624 	 1.98552e-09 	 2.45844e-07 
2.626 	 1.88783e-09 	 2.34398e-07 
2.628 	 1.79434e-09 	 2.23425e-07 
2.630 	 1.70525e-09 	 2.12952e-07 
2.632 	 1.62065e-09 	 2.02994e-07 
2.634 	 1.54060e-09 	 1.93559e-07 
2.636 	 1.46505e-09 	 1.84645e-07 
2.638 	 1.39393e-09 	 1.76246e-07 
2.640 	 1.32713e-09 	 1.68351e-07 
2.642 	 1.26450e-09 	 1.60943e-07 
2.644 	 1.20586e-09 	 1.54004e-07 
2.646 	 1.15103e-09 	 1.47512e-07 
2.648 	 1.09978e-09 	 1.41444e-07 
2.650 	 1.05190e-09 	 1.35773e-07 
2.652 	 1.00716e-09 	 1.30471e-07 
2.654 	 9.65294e-10 	 1.25510e-07 
2.656 	 9.26064e-10 	 1.20859e-07 
2.658 	 8.89205e-10 	 1.16486e-07 
2.660 	 8.54458e-10 	 1.12358e-07 
2.662 	 8.21561e-10 	 1.08443e-07 
2.664 	 7.90263e-10 	 1.04709e-07 
2.666 	 7.60324e-10 	 1.01126e-07 
2.668 	 7.31528e-10 	 9.76644e-08 
2.670 	 7.03684e-10 	 9.43010e-08 
2.672 	 6.76637e-10 	 9.10153e-08 
2.674 	 6.50268e-10 	 8.77921e-08 
2.676 	 6.24495e-10 	 8.46214e-08 
2.678 	 5.99277e-10 	 8.14981e-08 
2.680 	 5.74601e-10 	 7.84218e-08 
2.682 	 5.50484e-10 	 7.53957e-08 
2.684 	 5.26959e-10 	 7.24257e-08 
2.686 	 5.04071e-10 	 6.95192e-08 
2.688 	 4.81868e-10 	 6.66843e-08 
2.690 	 4.60397e-10 	 6.39289e-08 
2.692 	 4.39698e-10 	 6.12598e-08 
2.694 	 4.19800e-10 	 5.86827e-08 
2.696 	 4.00724e-10 	 5.62020e-08 
2.698 	 3.82481e-10 	 5.38204e-08 
2.700 	 3.65069e-10 	 5.15392e-08 
