Energy [eV] EELS_b EELS_a 
2.500 	 1.03732e-05 	 5.44355e-05 
2.502 	 1.07038e-05 	 5.62717e-05 
2.504 	 1.10505e-05 	 5.82005e-05 
2.506 	 1.14144e-05 	 6.02277e-05 
2.508 	 1.17965e-05 	 6.23595e-05 
2.510 	 1.21978e-05 	 6.46024e-05 
2.512 	 1.26195e-05 	 6.69635e-05 
2.514 	 1.30629e-05 	 6.94501e-05 
2.516 	 1.35292e-05 	 7.20703e-05 
2.519 	 1.40199e-05 	 7.48324e-05 
2.521 	 1.45365e-05 	 7.77452e-05 
2.523 	 1.50804e-05 	 8.08182e-05 
2.525 	 1.56532e-05 	 8.40612e-05 
2.527 	 1.62567e-05 	 8.74845e-05 
2.529 	 1.68926e-05 	 9.10989e-05 
2.531 	 1.75626e-05 	 9.49155e-05 
2.533 	 1.82687e-05 	 9.89458e-05 
2.535 	 1.90126e-05 	 1.03201e-04 
2.537 	 1.97962e-05 	 1.07694e-04 
2.539 	 2.06214e-05 	 1.12436e-04 
2.541 	 2.14899e-05 	 1.17438e-04 
2.543 	 2.24033e-05 	 1.22710e-04 
2.545 	 2.33630e-05 	 1.28262e-04 
2.547 	 2.43703e-05 	 1.34103e-04 
2.549 	 2.54258e-05 	 1.40238e-04 
2.551 	 2.65301e-05 	 1.46669e-04 
2.553 	 2.76827e-05 	 1.53396e-04 
2.555 	 2.88826e-05 	 1.60414e-04 
2.557 	 3.01279e-05 	 1.67711e-04 
2.559 	 3.14154e-05 	 1.75269e-04 
2.561 	 3.27407e-05 	 1.83059e-04 
2.563 	 3.40977e-05 	 1.91047e-04 
2.565 	 3.54787e-05 	 1.99182e-04 
2.567 	 3.68738e-05 	 2.07405e-04 
2.569 	 3.82712e-05 	 2.15640e-04 
2.571 	 3.96567e-05 	 2.23800e-04 
2.573 	 4.10141e-05 	 2.31781e-04 
2.575 	 4.23249e-05 	 2.39470e-04 
2.577 	 4.35690e-05 	 2.46741e-04 
2.579 	 4.47248e-05 	 2.53459e-04 
2.581 	 4.57703e-05 	 2.59489e-04 
2.583 	 4.66834e-05 	 2.64697e-04 
2.585 	 4.74431e-05 	 2.68960e-04 
2.587 	 4.80308e-05 	 2.72168e-04 
2.589 	 4.84309e-05 	 2.74235e-04 
2.591 	 4.86318e-05 	 2.75104e-04 
2.593 	 4.86269e-05 	 2.74745e-04 
2.595 	 4.84148e-05 	 2.73166e-04 
2.597 	 4.79995e-05 	 2.70407e-04 
2.599 	 4.73901e-05 	 2.66537e-04 
2.601 	 4.66006e-05 	 2.61652e-04 
2.603 	 4.56485e-05 	 2.55869e-04 
2.605 	 4.45544e-05 	 2.49318e-04 
2.607 	 4.33405e-05 	 2.42137e-04 
2.609 	 4.20301e-05 	 2.34465e-04 
2.611 	 4.06461e-05 	 2.26437e-04 
2.613 	 3.92107e-05 	 2.18180e-04 
2.615 	 3.77445e-05 	 2.09809e-04 
2.618 	 3.62661e-05 	 2.01426e-04 
2.620 	 3.47919e-05 	 1.93119e-04 
2.622 	 3.33360e-05 	 1.84963e-04 
2.624 	 3.19101e-05 	 1.77018e-04 
2.626 	 3.05239e-05 	 1.69332e-04 
2.628 	 2.91847e-05 	 1.61941e-04 
2.630 	 2.78982e-05 	 1.54872e-04 
2.632 	 2.66684e-05 	 1.48142e-04 
2.634 	 2.54980e-05 	 1.41763e-04 
2.636 	 2.43884e-05 	 1.35737e-04 
2.638 	 2.33400e-05 	 1.30065e-04 
2.640 	 2.23523e-05 	 1.24740e-04 
2.642 	 2.14244e-05 	 1.19756e-04 
2.644 	 2.05544e-05 	 1.15100e-04 
2.646 	 1.97403e-05 	 1.10758e-04 
2.648 	 1.89794e-05 	 1.06714e-04 
2.650 	 1.82687e-05 	 1.02951e-04 
2.652 	 1.76050e-05 	 9.94475e-05 
2.654 	 1.69846e-05 	 9.61823e-05 
2.656 	 1.64036e-05 	 9.31319e-05 
2.658 	 1.58578e-05 	 9.02715e-05 
2.660 	 1.53430e-05 	 8.75750e-05 
2.662 	 1.48548e-05 	 8.50160e-05 
2.664 	 1.43886e-05 	 8.25680e-05 
2.666 	 1.39404e-05 	 8.02055e-05 
2.668 	 1.35062e-05 	 7.79049e-05 
2.670 	 1.30825e-05 	 7.56454e-05 
2.672 	 1.26665e-05 	 7.34099e-05 
2.674 	 1.22559e-05 	 7.11859e-05 
2.676 	 1.18494e-05 	 6.89653e-05 
2.678 	 1.14462e-05 	 6.67448e-05 
2.680 	 1.10464e-05 	 6.45256e-05 
2.682 	 1.06505e-05 	 6.23119e-05 
2.684 	 1.02594e-05 	 6.01111e-05 
2.686 	 9.87442e-06 	 5.79317e-05 
2.688 	 9.49680e-06 	 5.57831e-05 
2.690 	 9.12786e-06 	 5.36746e-05 
2.692 	 8.76880e-06 	 5.16147e-05 
2.694 	 8.42063e-06 	 4.96106e-05 
2.696 	 8.08418e-06 	 4.76684e-05 
2.698 	 7.76001e-06 	 4.57925e-05 
2.700 	 7.44852e-06 	 4.39860e-05 
