Energy [eV] Ext Cross [um^2] Abs Cross [um^2] Sca Cross [um^2] 
2.756 	 9.11225e-03 	 4.89368e-03 	 4.21857e-03 
2.749 	 9.61835e-03 	 5.07820e-03 	 4.54015e-03 
2.743 	 1.01562e-02 	 5.27259e-03 	 4.88359e-03 
2.737 	 1.07276e-02 	 5.47704e-03 	 5.25060e-03 
2.731 	 1.13350e-02 	 5.69204e-03 	 5.64294e-03 
2.725 	 1.19807e-02 	 5.91835e-03 	 6.06231e-03 
2.719 	 1.26674e-02 	 6.15679e-03 	 6.51056e-03 
2.713 	 1.33979e-02 	 6.40818e-03 	 6.98973e-03 
2.707 	 1.41754e-02 	 6.67335e-03 	 7.50202e-03 
2.701 	 1.50030e-02 	 6.95316e-03 	 8.04986e-03 
2.695 	 1.58842e-02 	 7.24852e-03 	 8.63573e-03 
2.689 	 1.68226e-02 	 7.56033e-03 	 9.26224e-03 
2.684 	 1.78217e-02 	 7.88954e-03 	 9.93215e-03 
2.678 	 1.88855e-02 	 8.23709e-03 	 1.06484e-02 
2.672 	 2.00182e-02 	 8.60393e-03 	 1.14143e-02 
2.666 	 2.12240e-02 	 8.99098e-03 	 1.22331e-02 
2.660 	 2.25073e-02 	 9.39921e-03 	 1.31081e-02 
2.655 	 2.38724e-02 	 9.82959e-03 	 1.40428e-02 
2.649 	 2.53237e-02 	 1.02830e-02 	 1.50406e-02 
2.643 	 2.68653e-02 	 1.07603e-02 	 1.61050e-02 
2.638 	 2.85014e-02 	 1.12621e-02 	 1.72393e-02 
2.632 	 3.02360e-02 	 1.17891e-02 	 1.84469e-02 
2.627 	 3.20722e-02 	 1.23415e-02 	 1.97306e-02 
2.621 	 3.40126e-02 	 1.29195e-02 	 2.10931e-02 
2.615 	 3.60590e-02 	 1.35227e-02 	 2.25363e-02 
2.610 	 3.82118e-02 	 1.41505e-02 	 2.40613e-02 
2.604 	 4.04703e-02 	 1.48018e-02 	 2.56684e-02 
2.599 	 4.28316e-02 	 1.54748e-02 	 2.73568e-02 
2.593 	 4.52910e-02 	 1.61670e-02 	 2.91240e-02 
2.588 	 4.78407e-02 	 1.68751e-02 	 3.09656e-02 
2.583 	 5.04701e-02 	 1.75951e-02 	 3.28750e-02 
2.577 	 5.31651e-02 	 1.83218e-02 	 3.48434e-02 
2.572 	 5.59081e-02 	 1.90490e-02 	 3.68591e-02 
2.566 	 5.86773e-02 	 1.97695e-02 	 3.89078e-02 
2.561 	 6.14472e-02 	 2.04752e-02 	 4.09719e-02 
2.556 	 6.41881e-02 	 2.11569e-02 	 4.30312e-02 
2.550 	 6.68669e-02 	 2.18047e-02 	 4.50621e-02 
2.545 	 6.94473e-02 	 2.24082e-02 	 4.70392e-02 
2.540 	 7.18915e-02 	 2.29566e-02 	 4.89348e-02 
2.535 	 7.41605e-02 	 2.34396e-02 	 5.07209e-02 
2.530 	 7.62163e-02 	 2.38473e-02 	 5.23690e-02 
2.524 	 7.80232e-02 	 2.41710e-02 	 5.38522e-02 
2.519 	 7.95492e-02 	 2.44034e-02 	 5.51458e-02 
2.514 	 8.07679e-02 	 2.45393e-02 	 5.62286e-02 
2.509 	 8.16599e-02 	 2.45756e-02 	 5.70844e-02 
2.504 	 8.22135e-02 	 2.45116e-02 	 5.77019e-02 
2.499 	 8.24254e-02 	 2.43492e-02 	 5.80761e-02 
2.494 	 8.23004e-02 	 2.40925e-02 	 5.82078e-02 
2.489 	 8.18512e-02 	 2.37477e-02 	 5.81035e-02 
2.484 	 8.10976e-02 	 2.33227e-02 	 5.77749e-02 
2.479 	 8.00647e-02 	 2.28268e-02 	 5.72379e-02 
2.474 	 7.87820e-02 	 2.22701e-02 	 5.65119e-02 
2.469 	 7.72815e-02 	 2.16630e-02 	 5.56185e-02 
2.464 	 7.55967e-02 	 2.10160e-02 	 5.45808e-02 
2.459 	 7.37610e-02 	 2.03391e-02 	 5.34219e-02 
2.454 	 7.18065e-02 	 1.96418e-02 	 5.21647e-02 
2.449 	 6.97637e-02 	 1.89327e-02 	 5.08310e-02 
2.444 	 6.76603e-02 	 1.82194e-02 	 4.94409e-02 
2.440 	 6.55214e-02 	 1.75087e-02 	 4.80127e-02 
2.435 	 6.33686e-02 	 1.68061e-02 	 4.65625e-02 
2.430 	 6.12208e-02 	 1.61162e-02 	 4.51045e-02 
2.425 	 5.90936e-02 	 1.54428e-02 	 4.36508e-02 
2.420 	 5.70000e-02 	 1.47888e-02 	 4.22112e-02 
2.416 	 5.49505e-02 	 1.41563e-02 	 4.07942e-02 
2.411 	 5.29530e-02 	 1.35467e-02 	 3.94062e-02 
2.406 	 5.10137e-02 	 1.29612e-02 	 3.80525e-02 
2.402 	 4.91370e-02 	 1.24002e-02 	 3.67368e-02 
2.397 	 4.73259e-02 	 1.18639e-02 	 3.54620e-02 
2.392 	 4.55821e-02 	 1.13521e-02 	 3.42300e-02 
2.388 	 4.39062e-02 	 1.08643e-02 	 3.30419e-02 
2.383 	 4.22983e-02 	 1.04002e-02 	 3.18981e-02 
2.378 	 4.07575e-02 	 9.95890e-03 	 3.07986e-02 
2.374 	 3.92827e-02 	 9.53966e-03 	 2.97431e-02 
2.369 	 3.78723e-02 	 9.14161e-03 	 2.87307e-02 
2.365 	 3.65243e-02 	 8.76384e-03 	 2.77604e-02 
2.360 	 3.52366e-02 	 8.40541e-03 	 2.68312e-02 
2.356 	 3.40070e-02 	 8.06540e-03 	 2.59416e-02 
2.351 	 3.28331e-02 	 7.74287e-03 	 2.50903e-02 
2.347 	 3.17126e-02 	 7.43692e-03 	 2.42757e-02 
2.342 	 3.06432e-02 	 7.14668e-03 	 2.34965e-02 
2.338 	 2.96223e-02 	 6.87129e-03 	 2.27510e-02 
2.333 	 2.86479e-02 	 6.60994e-03 	 2.20379e-02 
2.329 	 2.77175e-02 	 6.36184e-03 	 2.13557e-02 
2.325 	 2.68291e-02 	 6.12626e-03 	 2.07028e-02 
2.320 	 2.59805e-02 	 5.90247e-03 	 2.00780e-02 
2.316 	 2.51697e-02 	 5.68980e-03 	 1.94799e-02 
2.312 	 2.43948e-02 	 5.48763e-03 	 1.89071e-02 
2.307 	 2.36539e-02 	 5.29534e-03 	 1.83585e-02 
2.303 	 2.29452e-02 	 5.11237e-03 	 1.78329e-02 
2.299 	 2.22672e-02 	 4.93819e-03 	 1.73290e-02 
2.294 	 2.16182e-02 	 4.77229e-03 	 1.68459e-02 
2.290 	 2.09967e-02 	 4.61420e-03 	 1.63825e-02 
2.286 	 2.04013e-02 	 4.46348e-03 	 1.59378e-02 
2.282 	 1.98306e-02 	 4.31971e-03 	 1.55109e-02 
2.277 	 1.92835e-02 	 4.18251e-03 	 1.51009e-02 
2.273 	 1.87586e-02 	 4.05150e-03 	 1.47071e-02 
2.269 	 1.82548e-02 	 3.92636e-03 	 1.43285e-02 
2.265 	 1.77712e-02 	 3.80675e-03 	 1.39644e-02 
2.261 	 1.73066e-02 	 3.69238e-03 	 1.36142e-02 
2.257 	 1.68602e-02 	 3.58297e-03 	 1.32772e-02 
2.252 	 1.64310e-02 	 3.47825e-03 	 1.29528e-02 
2.248 	 1.60183e-02 	 3.37797e-03 	 1.26403e-02 
2.244 	 1.56211e-02 	 3.28190e-03 	 1.23392e-02 
2.240 	 1.52387e-02 	 3.18982e-03 	 1.20489e-02 
2.236 	 1.48705e-02 	 3.10151e-03 	 1.17690e-02 
2.232 	 1.45158e-02 	 3.01679e-03 	 1.14990e-02 
2.228 	 1.41738e-02 	 2.93546e-03 	 1.12384e-02 
2.224 	 1.38441e-02 	 2.85736e-03 	 1.09868e-02 
2.220 	 1.35260e-02 	 2.78233e-03 	 1.07437e-02 
2.216 	 1.32191e-02 	 2.71021e-03 	 1.05089e-02 
2.212 	 1.29227e-02 	 2.64086e-03 	 1.02818e-02 
2.208 	 1.26364e-02 	 2.57413e-03 	 1.00623e-02 
2.204 	 1.23599e-02 	 2.50992e-03 	 9.84993e-03 
2.200 	 1.20925e-02 	 2.44809e-03 	 9.64442e-03 
2.196 	 1.18340e-02 	 2.38853e-03 	 9.44546e-03 
2.192 	 1.15839e-02 	 2.33115e-03 	 9.25279e-03 
2.189 	 1.13420e-02 	 2.27582e-03 	 9.06614e-03 
2.185 	 1.11077e-02 	 2.22247e-03 	 8.88526e-03 
2.181 	 1.08809e-02 	 2.17100e-03 	 8.70991e-03 
2.177 	 1.06612e-02 	 2.12133e-03 	 8.53986e-03 
2.173 	 1.04483e-02 	 2.07337e-03 	 8.37491e-03 
2.169 	 1.02419e-02 	 2.02706e-03 	 8.21484e-03 
2.166 	 1.00418e-02 	 1.98230e-03 	 8.05946e-03 
2.162 	 9.84765e-03 	 1.93905e-03 	 7.90860e-03 
2.158 	 9.65930e-03 	 1.89723e-03 	 7.76206e-03 
2.154 	 9.47648e-03 	 1.85679e-03 	 7.61969e-03 
2.150 	 9.29899e-03 	 1.81766e-03 	 7.48133e-03 
2.147 	 9.12660e-03 	 1.77978e-03 	 7.34682e-03 
2.143 	 8.95913e-03 	 1.74312e-03 	 7.21601e-03 
2.139 	 8.79639e-03 	 1.70761e-03 	 7.08878e-03 
2.136 	 8.63819e-03 	 1.67321e-03 	 6.96498e-03 
2.132 	 8.48437e-03 	 1.63987e-03 	 6.84450e-03 
2.128 	 8.33476e-03 	 1.60756e-03 	 6.72721e-03 
2.124 	 8.18921e-03 	 1.57622e-03 	 6.61299e-03 
2.121 	 8.04758e-03 	 1.54583e-03 	 6.50175e-03 
2.117 	 7.90971e-03 	 1.51634e-03 	 6.39337e-03 
2.114 	 7.77548e-03 	 1.48773e-03 	 6.28775e-03 
2.110 	 7.64475e-03 	 1.45995e-03 	 6.18480e-03 
2.106 	 7.51740e-03 	 1.43297e-03 	 6.08443e-03 
2.103 	 7.39332e-03 	 1.40677e-03 	 5.98655e-03 
2.099 	 7.27238e-03 	 1.38132e-03 	 5.89107e-03 
2.096 	 7.15449e-03 	 1.35658e-03 	 5.79791e-03 
2.092 	 7.03954e-03 	 1.33253e-03 	 5.70700e-03 
2.089 	 6.92742e-03 	 1.30915e-03 	 5.61827e-03 
2.085 	 6.81805e-03 	 1.28642e-03 	 5.53164e-03 
2.081 	 6.71133e-03 	 1.26430e-03 	 5.44704e-03 
2.078 	 6.60718e-03 	 1.24277e-03 	 5.36441e-03 
2.074 	 6.50551e-03 	 1.22182e-03 	 5.28368e-03 
2.071 	 6.40624e-03 	 1.20143e-03 	 5.20481e-03 
2.068 	 6.30929e-03 	 1.18157e-03 	 5.12772e-03 
2.064 	 6.21459e-03 	 1.16223e-03 	 5.05236e-03 
2.061 	 6.12208e-03 	 1.14339e-03 	 4.97869e-03 
2.057 	 6.03167e-03 	 1.12503e-03 	 4.90664e-03 
2.054 	 5.94331e-03 	 1.10714e-03 	 4.83617e-03 
2.050 	 5.85694e-03 	 1.08970e-03 	 4.76724e-03 
2.047 	 5.77248e-03 	 1.07270e-03 	 4.69979e-03 
2.044 	 5.68990e-03 	 1.05611e-03 	 4.63378e-03 
2.040 	 5.60912e-03 	 1.03994e-03 	 4.56918e-03 
2.037 	 5.53009e-03 	 1.02416e-03 	 4.50593e-03 
2.033 	 5.45277e-03 	 1.00876e-03 	 4.44400e-03 
2.030 	 5.37710e-03 	 9.93734e-04 	 4.38336e-03 
2.027 	 5.30303e-03 	 9.79063e-04 	 4.32397e-03 
2.023 	 5.23052e-03 	 9.64739e-04 	 4.26578e-03 
2.020 	 5.15952e-03 	 9.50751e-04 	 4.20877e-03 
2.017 	 5.09000e-03 	 9.37089e-04 	 4.15291e-03 
2.014 	 5.02190e-03 	 9.23741e-04 	 4.09816e-03 
2.010 	 4.95519e-03 	 9.10700e-04 	 4.04449e-03 
2.007 	 4.88984e-03 	 8.97954e-04 	 3.99188e-03 
2.004 	 4.82579e-03 	 8.85496e-04 	 3.94029e-03 
2.000 	 4.76302e-03 	 8.73317e-04 	 3.88970e-03 
1.997 	 4.70149e-03 	 8.61408e-04 	 3.84008e-03 
1.994 	 4.64117e-03 	 8.49763e-04 	 3.79141e-03 
1.991 	 4.58203e-03 	 8.38372e-04 	 3.74366e-03 
1.988 	 4.52403e-03 	 8.27229e-04 	 3.69680e-03 
1.984 	 4.46715e-03 	 8.16326e-04 	 3.65082e-03 
1.981 	 4.41135e-03 	 8.05658e-04 	 3.60569e-03 
1.978 	 4.35661e-03 	 7.95217e-04 	 3.56140e-03 
1.975 	 4.30291e-03 	 7.84997e-04 	 3.51791e-03 
1.972 	 4.25020e-03 	 7.74992e-04 	 3.47521e-03 
1.969 	 4.19848e-03 	 7.65195e-04 	 3.43328e-03 
1.965 	 4.14771e-03 	 7.55602e-04 	 3.39211e-03 
1.962 	 4.09787e-03 	 7.46206e-04 	 3.35166e-03 
1.959 	 4.04894e-03 	 7.37001e-04 	 3.31193e-03 
1.956 	 4.00089e-03 	 7.27984e-04 	 3.27290e-03 
1.953 	 3.95370e-03 	 7.19148e-04 	 3.23455e-03 
1.950 	 3.90735e-03 	 7.10489e-04 	 3.19686e-03 
1.947 	 3.86183e-03 	 7.02002e-04 	 3.15983e-03 
1.944 	 3.81710e-03 	 6.93682e-04 	 3.12342e-03 
1.941 	 3.77316e-03 	 6.85525e-04 	 3.08763e-03 
1.938 	 3.72998e-03 	 6.77526e-04 	 3.05245e-03 
1.935 	 3.68754e-03 	 6.69682e-04 	 3.01786e-03 
1.932 	 3.64583e-03 	 6.61988e-04 	 2.98384e-03 
1.929 	 3.60483e-03 	 6.54441e-04 	 2.95039e-03 
1.926 	 3.56452e-03 	 6.47037e-04 	 2.91749e-03 
1.923 	 3.52489e-03 	 6.39772e-04 	 2.88512e-03 
1.920 	 3.48593e-03 	 6.32643e-04 	 2.85328e-03 
1.917 	 3.44761e-03 	 6.25646e-04 	 2.82196e-03 
1.914 	 3.40992e-03 	 6.18779e-04 	 2.79114e-03 
1.911 	 3.37285e-03 	 6.12038e-04 	 2.76081e-03 
1.908 	 3.33639e-03 	 6.05420e-04 	 2.73097e-03 
