Energy [eV] EELS_b EELS_a 
2.500 	 2.05620e-11 	 6.07023e-09 
2.502 	 2.10404e-11 	 6.23660e-09 
2.504 	 2.15411e-11 	 6.41079e-09 
2.506 	 2.20653e-11 	 6.59323e-09 
2.508 	 2.26142e-11 	 6.78438e-09 
2.510 	 2.31892e-11 	 6.98473e-09 
2.512 	 2.37916e-11 	 7.19479e-09 
2.514 	 2.44230e-11 	 7.41509e-09 
2.516 	 2.50848e-11 	 7.64619e-09 
2.519 	 2.57785e-11 	 7.88867e-09 
2.521 	 2.65059e-11 	 8.14313e-09 
2.523 	 2.72684e-11 	 8.41019e-09 
2.525 	 2.80678e-11 	 8.69047e-09 
2.527 	 2.89057e-11 	 8.98461e-09 
2.529 	 2.97838e-11 	 9.29326e-09 
2.531 	 3.07036e-11 	 9.61703e-09 
2.533 	 3.16667e-11 	 9.95653e-09 
2.535 	 3.26744e-11 	 1.03123e-08 
2.537 	 3.37279e-11 	 1.06850e-08 
2.539 	 3.48282e-11 	 1.10749e-08 
2.541 	 3.59759e-11 	 1.14824e-08 
2.543 	 3.71711e-11 	 1.19077e-08 
2.545 	 3.84135e-11 	 1.23509e-08 
2.547 	 3.97020e-11 	 1.28117e-08 
2.549 	 4.10347e-11 	 1.32896e-08 
2.551 	 4.24087e-11 	 1.37839e-08 
2.553 	 4.38199e-11 	 1.42933e-08 
2.555 	 4.52626e-11 	 1.48161e-08 
2.557 	 4.67298e-11 	 1.53502e-08 
2.559 	 4.82123e-11 	 1.58925e-08 
2.561 	 4.96992e-11 	 1.64397e-08 
2.563 	 5.11770e-11 	 1.69872e-08 
2.565 	 5.26302e-11 	 1.75300e-08 
2.567 	 5.40407e-11 	 1.80621e-08 
2.569 	 5.53884e-11 	 1.85767e-08 
2.571 	 5.66508e-11 	 1.90662e-08 
2.573 	 5.78041e-11 	 1.95226e-08 
2.575 	 5.88233e-11 	 1.99372e-08 
2.577 	 5.96832e-11 	 2.03013e-08 
2.579 	 6.03595e-11 	 2.06062e-08 
2.581 	 6.08296e-11 	 2.08439e-08 
2.583 	 6.10742e-11 	 2.10072e-08 
2.585 	 6.10781e-11 	 2.10902e-08 
2.587 	 6.08316e-11 	 2.10888e-08 
2.589 	 6.03311e-11 	 2.10007e-08 
2.591 	 5.95794e-11 	 2.08260e-08 
2.593 	 5.85860e-11 	 2.05667e-08 
2.595 	 5.73667e-11 	 2.02272e-08 
2.597 	 5.59425e-11 	 1.98137e-08 
2.599 	 5.43390e-11 	 1.93340e-08 
2.601 	 5.25846e-11 	 1.87971e-08 
2.603 	 5.07095e-11 	 1.82127e-08 
2.605 	 4.87440e-11 	 1.75908e-08 
2.607 	 4.67180e-11 	 1.69414e-08 
2.609 	 4.46590e-11 	 1.62739e-08 
2.611 	 4.25925e-11 	 1.55971e-08 
2.613 	 4.05406e-11 	 1.49190e-08 
2.615 	 3.85223e-11 	 1.42463e-08 
2.618 	 3.65533e-11 	 1.35850e-08 
2.620 	 3.46462e-11 	 1.29399e-08 
2.622 	 3.28106e-11 	 1.23147e-08 
2.624 	 3.10534e-11 	 1.17125e-08 
2.626 	 2.93793e-11 	 1.11355e-08 
2.628 	 2.77909e-11 	 1.05849e-08 
2.630 	 2.62894e-11 	 1.00618e-08 
2.632 	 2.48744e-11 	 9.56637e-09 
2.634 	 2.35447e-11 	 9.09866e-09 
2.636 	 2.22979e-11 	 8.65828e-09 
2.638 	 2.11312e-11 	 8.24457e-09 
2.640 	 2.00415e-11 	 7.85669e-09 
2.642 	 1.90249e-11 	 7.49363e-09 
2.644 	 1.80777e-11 	 7.15426e-09 
2.646 	 1.71958e-11 	 6.83733e-09 
2.648 	 1.63748e-11 	 6.54154e-09 
2.650 	 1.56106e-11 	 6.26550e-09 
2.652 	 1.48988e-11 	 6.00777e-09 
2.654 	 1.42350e-11 	 5.76683e-09 
2.656 	 1.36148e-11 	 5.54117e-09 
2.658 	 1.30337e-11 	 5.32919e-09 
2.660 	 1.24873e-11 	 5.12933e-09 
2.662 	 1.19714e-11 	 4.94000e-09 
2.664 	 1.14820e-11 	 4.75968e-09 
2.666 	 1.10152e-11 	 4.58694e-09 
2.668 	 1.05676e-11 	 4.42045e-09 
2.670 	 1.01362e-11 	 4.25908e-09 
2.672 	 9.71863e-12 	 4.10190e-09 
2.674 	 9.31304e-12 	 3.94819e-09 
2.676 	 8.91816e-12 	 3.79750e-09 
2.678 	 8.53329e-12 	 3.64959e-09 
2.680 	 8.15821e-12 	 3.50442e-09 
2.682 	 7.79307e-12 	 3.36212e-09 
2.684 	 7.43830e-12 	 3.22294e-09 
2.686 	 7.09446e-12 	 3.08719e-09 
2.688 	 6.76216e-12 	 2.95520e-09 
2.690 	 6.44199e-12 	 2.82729e-09 
2.692 	 6.13440e-12 	 2.70375e-09 
2.694 	 5.83973e-12 	 2.58479e-09 
2.696 	 5.55817e-12 	 2.47056e-09 
2.698 	 5.28975e-12 	 2.36116e-09 
2.700 	 5.03435e-12 	 2.25661e-09 
