Energy [eV] EELS_b EELS_a 
2.500 	 4.36926e-12 	 1.95620e-09 
2.502 	 4.46592e-12 	 2.00805e-09 
2.504 	 4.56702e-12 	 2.06231e-09 
2.506 	 4.67280e-12 	 2.11911e-09 
2.508 	 4.78350e-12 	 2.17858e-09 
2.510 	 4.89937e-12 	 2.24088e-09 
2.512 	 5.02068e-12 	 2.30615e-09 
2.514 	 5.14768e-12 	 2.37456e-09 
2.516 	 5.28067e-12 	 2.44626e-09 
2.519 	 5.41993e-12 	 2.52144e-09 
2.521 	 5.56576e-12 	 2.60026e-09 
2.523 	 5.71845e-12 	 2.68291e-09 
2.525 	 5.87829e-12 	 2.76958e-09 
2.527 	 6.04557e-12 	 2.86043e-09 
2.529 	 6.22058e-12 	 2.95567e-09 
2.531 	 6.40357e-12 	 3.05546e-09 
2.533 	 6.59480e-12 	 3.15998e-09 
2.535 	 6.79445e-12 	 3.26937e-09 
2.537 	 7.00271e-12 	 3.38378e-09 
2.539 	 7.21965e-12 	 3.50332e-09 
2.541 	 7.44532e-12 	 3.62806e-09 
2.543 	 7.67962e-12 	 3.75803e-09 
2.545 	 7.92237e-12 	 3.89321e-09 
2.547 	 8.17322e-12 	 4.03349e-09 
2.549 	 8.43164e-12 	 4.17869e-09 
2.551 	 8.69691e-12 	 4.32851e-09 
2.553 	 8.96803e-12 	 4.48254e-09 
2.555 	 9.24375e-12 	 4.64022e-09 
2.557 	 9.52246e-12 	 4.80079e-09 
2.559 	 9.80221e-12 	 4.96335e-09 
2.561 	 1.00807e-11 	 5.12676e-09 
2.563 	 1.03551e-11 	 5.28965e-09 
2.565 	 1.06222e-11 	 5.45041e-09 
2.567 	 1.08785e-11 	 5.60722e-09 
2.569 	 1.11199e-11 	 5.75798e-09 
2.571 	 1.13423e-11 	 5.90044e-09 
2.573 	 1.15409e-11 	 6.03213e-09 
2.575 	 1.17112e-11 	 6.15052e-09 
2.577 	 1.18486e-11 	 6.25301e-09 
2.579 	 1.19488e-11 	 6.33712e-09 
2.581 	 1.20079e-11 	 6.40050e-09 
2.583 	 1.20228e-11 	 6.44112e-09 
2.585 	 1.19911e-11 	 6.45738e-09 
2.587 	 1.19116e-11 	 6.44817e-09 
2.589 	 1.17841e-11 	 6.41297e-09 
2.591 	 1.16099e-11 	 6.35191e-09 
2.593 	 1.13911e-11 	 6.26576e-09 
2.595 	 1.11312e-11 	 6.15592e-09 
2.597 	 1.08345e-11 	 6.02431e-09 
2.599 	 1.05061e-11 	 5.87333e-09 
2.601 	 1.01513e-11 	 5.70569e-09 
2.603 	 9.77585e-12 	 5.52432e-09 
2.605 	 9.38551e-12 	 5.33219e-09 
2.607 	 8.98572e-12 	 5.13226e-09 
2.609 	 8.58156e-12 	 4.92734e-09 
2.611 	 8.17760e-12 	 4.72002e-09 
2.613 	 7.77788e-12 	 4.51264e-09 
2.615 	 7.38578e-12 	 4.30721e-09 
2.618 	 7.00411e-12 	 4.10546e-09 
2.620 	 6.63508e-12 	 3.90881e-09 
2.622 	 6.28037e-12 	 3.71838e-09 
2.624 	 5.94119e-12 	 3.53503e-09 
2.626 	 5.61831e-12 	 3.35938e-09 
2.628 	 5.31217e-12 	 3.19185e-09 
2.630 	 5.02288e-12 	 3.03269e-09 
2.632 	 4.75034e-12 	 2.88198e-09 
2.634 	 4.49426e-12 	 2.73970e-09 
2.636 	 4.25417e-12 	 2.60573e-09 
2.638 	 4.02952e-12 	 2.47986e-09 
2.640 	 3.81964e-12 	 2.36184e-09 
2.642 	 3.62384e-12 	 2.25136e-09 
2.644 	 3.44134e-12 	 2.14806e-09 
2.646 	 3.27137e-12 	 2.05158e-09 
2.648 	 3.11311e-12 	 1.96151e-09 
2.650 	 2.96573e-12 	 1.87743e-09 
2.652 	 2.82841e-12 	 1.79890e-09 
2.654 	 2.70030e-12 	 1.72548e-09 
2.656 	 2.58055e-12 	 1.65669e-09 
2.658 	 2.46832e-12 	 1.59207e-09 
2.660 	 2.36278e-12 	 1.53114e-09 
2.662 	 2.26313e-12 	 1.47343e-09 
2.664 	 2.16858e-12 	 1.41848e-09 
2.666 	 2.07843e-12 	 1.36586e-09 
2.668 	 1.99203e-12 	 1.31519e-09 
2.670 	 1.90883e-12 	 1.26612e-09 
2.672 	 1.82836e-12 	 1.21838e-09 
2.674 	 1.75029e-12 	 1.17175e-09 
2.676 	 1.67437e-12 	 1.12610e-09 
2.678 	 1.60047e-12 	 1.08135e-09 
2.680 	 1.52855e-12 	 1.03750e-09 
2.682 	 1.45864e-12 	 9.94571e-10 
2.684 	 1.39081e-12 	 9.52643e-10 
2.686 	 1.32517e-12 	 9.11801e-10 
2.688 	 1.26181e-12 	 8.72140e-10 
2.690 	 1.20084e-12 	 8.33749e-10 
2.692 	 1.14234e-12 	 7.96706e-10 
2.694 	 1.08636e-12 	 7.61072e-10 
2.696 	 1.03293e-12 	 7.26888e-10 
2.698 	 9.82042e-13 	 6.94177e-10 
2.700 	 9.33675e-13 	 6.62941e-10 
