Energy [eV] EELS_b EELS_a 
2.500 	 1.20724e-10 	 4.85923e-10 
2.502 	 1.23622e-10 	 4.98123e-10 
2.504 	 1.26655e-10 	 5.10890e-10 
2.506 	 1.29830e-10 	 5.24255e-10 
2.508 	 1.33153e-10 	 5.38251e-10 
2.510 	 1.36634e-10 	 5.52914e-10 
2.512 	 1.40281e-10 	 5.68278e-10 
2.514 	 1.44103e-10 	 5.84383e-10 
2.516 	 1.48109e-10 	 6.01267e-10 
2.519 	 1.52308e-10 	 6.18973e-10 
2.521 	 1.56711e-10 	 6.37543e-10 
2.523 	 1.61327e-10 	 6.57020e-10 
2.525 	 1.66168e-10 	 6.77450e-10 
2.527 	 1.71243e-10 	 6.98878e-10 
2.529 	 1.76562e-10 	 7.21349e-10 
2.531 	 1.82137e-10 	 7.44908e-10 
2.533 	 1.87977e-10 	 7.69598e-10 
2.535 	 1.94091e-10 	 7.95461e-10 
2.537 	 2.00488e-10 	 8.22535e-10 
2.539 	 2.07174e-10 	 8.50850e-10 
2.541 	 2.14156e-10 	 8.80432e-10 
2.543 	 2.21435e-10 	 9.11297e-10 
2.545 	 2.29013e-10 	 9.43447e-10 
2.547 	 2.36885e-10 	 9.76870e-10 
2.549 	 2.45043e-10 	 1.01153e-09 
2.551 	 2.53474e-10 	 1.04738e-09 
2.553 	 2.62155e-10 	 1.08434e-09 
2.555 	 2.71060e-10 	 1.12228e-09 
2.557 	 2.80149e-10 	 1.16104e-09 
2.559 	 2.89375e-10 	 1.20044e-09 
2.561 	 2.98677e-10 	 1.24021e-09 
2.563 	 3.07981e-10 	 1.28006e-09 
2.565 	 3.17200e-10 	 1.31961e-09 
2.567 	 3.26232e-10 	 1.35843e-09 
2.569 	 3.34961e-10 	 1.39605e-09 
2.571 	 3.43256e-10 	 1.43191e-09 
2.573 	 3.50978e-10 	 1.46543e-09 
2.575 	 3.57976e-10 	 1.49596e-09 
2.577 	 3.64096e-10 	 1.52285e-09 
2.579 	 3.69185e-10 	 1.54547e-09 
2.581 	 3.73098e-10 	 1.56318e-09 
2.583 	 3.75701e-10 	 1.57542e-09 
2.585 	 3.76887e-10 	 1.58173e-09 
2.587 	 3.76574e-10 	 1.58176e-09 
2.589 	 3.74715e-10 	 1.57529e-09 
2.591 	 3.71302e-10 	 1.56228e-09 
2.593 	 3.66366e-10 	 1.54284e-09 
2.595 	 3.59979e-10 	 1.51727e-09 
2.597 	 3.52246e-10 	 1.48600e-09 
2.599 	 3.43306e-10 	 1.44960e-09 
2.601 	 3.33320e-10 	 1.40873e-09 
2.603 	 3.22464e-10 	 1.36413e-09 
2.605 	 3.10922e-10 	 1.31656e-09 
2.607 	 2.98878e-10 	 1.26679e-09 
2.609 	 2.86508e-10 	 1.21556e-09 
2.611 	 2.73976e-10 	 1.16356e-09 
2.613 	 2.61430e-10 	 1.11142e-09 
2.615 	 2.48999e-10 	 1.05967e-09 
2.618 	 2.36793e-10 	 1.00878e-09 
2.620 	 2.24902e-10 	 9.59141e-10 
2.622 	 2.13397e-10 	 9.11055e-10 
2.624 	 2.02333e-10 	 8.64756e-10 
2.626 	 1.91748e-10 	 8.20416e-10 
2.628 	 1.81669e-10 	 7.78149e-10 
2.630 	 1.72109e-10 	 7.38020e-10 
2.632 	 1.63074e-10 	 7.00058e-10 
2.634 	 1.54561e-10 	 6.64256e-10 
2.636 	 1.46560e-10 	 6.30582e-10 
2.638 	 1.39058e-10 	 5.98983e-10 
2.640 	 1.32038e-10 	 5.69391e-10 
2.642 	 1.25479e-10 	 5.41723e-10 
2.644 	 1.19358e-10 	 5.15890e-10 
2.646 	 1.13652e-10 	 4.91792e-10 
2.648 	 1.08335e-10 	 4.69325e-10 
2.650 	 1.03382e-10 	 4.48382e-10 
2.652 	 9.87640e-11 	 4.28850e-10 
2.654 	 9.44550e-11 	 4.10615e-10 
2.656 	 9.04265e-11 	 3.93557e-10 
2.658 	 8.66506e-11 	 3.77560e-10 
2.660 	 8.30991e-11 	 3.62503e-10 
2.662 	 7.97445e-11 	 3.48270e-10 
2.664 	 7.65604e-11 	 3.34749e-10 
2.666 	 7.35220e-11 	 3.21832e-10 
2.668 	 7.06069e-11 	 3.09424e-10 
2.670 	 6.77955e-11 	 2.97440e-10 
2.672 	 6.50718e-11 	 2.85811e-10 
2.674 	 6.24236e-11 	 2.74486e-10 
2.676 	 5.98423e-11 	 2.63428e-10 
2.678 	 5.73234e-11 	 2.52618e-10 
2.680 	 5.48654e-11 	 2.42051e-10 
2.682 	 5.24692e-11 	 2.31732e-10 
2.684 	 5.01379e-11 	 2.21674e-10 
2.686 	 4.78752e-11 	 2.11898e-10 
2.688 	 4.56855e-11 	 2.02423e-10 
2.690 	 4.35728e-11 	 1.93267e-10 
2.692 	 4.15404e-11 	 1.84448e-10 
2.694 	 3.95909e-11 	 1.75977e-10 
2.696 	 3.77258e-11 	 1.67863e-10 
2.698 	 3.59455e-11 	 1.60109e-10 
2.700 	 3.42496e-11 	 1.52715e-10 
