Energy [eV] EELS_b EELS_a 
2.500 	 9.05117e-10 	 3.68720e-09 
2.502 	 9.27698e-10 	 3.78341e-09 
2.504 	 9.51305e-10 	 3.88403e-09 
2.506 	 9.75994e-10 	 3.98929e-09 
2.508 	 1.00182e-09 	 4.09945e-09 
2.510 	 1.02885e-09 	 4.21477e-09 
2.512 	 1.05713e-09 	 4.33553e-09 
2.514 	 1.08675e-09 	 4.46202e-09 
2.516 	 1.11776e-09 	 4.59454e-09 
2.519 	 1.15024e-09 	 4.73340e-09 
2.521 	 1.18426e-09 	 4.87893e-09 
2.523 	 1.21989e-09 	 5.03145e-09 
2.525 	 1.25721e-09 	 5.19129e-09 
2.527 	 1.29629e-09 	 5.35880e-09 
2.529 	 1.33721e-09 	 5.53431e-09 
2.531 	 1.38005e-09 	 5.71815e-09 
2.533 	 1.42486e-09 	 5.91064e-09 
2.535 	 1.47172e-09 	 6.11207e-09 
2.537 	 1.52069e-09 	 6.32272e-09 
2.539 	 1.57180e-09 	 6.54280e-09 
2.541 	 1.62509e-09 	 6.77249e-09 
2.543 	 1.68057e-09 	 7.01188e-09 
2.545 	 1.73825e-09 	 7.26096e-09 
2.547 	 1.79807e-09 	 7.51962e-09 
2.549 	 1.85998e-09 	 7.78759e-09 
2.551 	 1.92385e-09 	 8.06443e-09 
2.553 	 1.98953e-09 	 8.34948e-09 
2.555 	 2.05680e-09 	 8.64185e-09 
2.557 	 2.12537e-09 	 8.94034e-09 
2.559 	 2.19488e-09 	 9.24344e-09 
2.561 	 2.26489e-09 	 9.54927e-09 
2.563 	 2.33485e-09 	 9.85555e-09 
2.565 	 2.40413e-09 	 1.01596e-08 
2.567 	 2.47200e-09 	 1.04582e-08 
2.569 	 2.53762e-09 	 1.07478e-08 
2.571 	 2.60008e-09 	 1.10245e-08 
2.573 	 2.65836e-09 	 1.12840e-08 
2.575 	 2.71141e-09 	 1.15215e-08 
2.577 	 2.75815e-09 	 1.17325e-08 
2.579 	 2.79749e-09 	 1.19122e-08 
2.581 	 2.82842e-09 	 1.20561e-08 
2.583 	 2.84999e-09 	 1.21601e-08 
2.585 	 2.86143e-09 	 1.22207e-08 
2.587 	 2.86215e-09 	 1.22353e-08 
2.589 	 2.85177e-09 	 1.22022e-08 
2.591 	 2.83022e-09 	 1.21209e-08 
2.593 	 2.79764e-09 	 1.19920e-08 
2.595 	 2.75448e-09 	 1.18173e-08 
2.597 	 2.70143e-09 	 1.15997e-08 
2.599 	 2.63939e-09 	 1.13429e-08 
2.601 	 2.56944e-09 	 1.10516e-08 
2.603 	 2.49278e-09 	 1.07308e-08 
2.605 	 2.41067e-09 	 1.03860e-08 
2.607 	 2.32439e-09 	 1.00227e-08 
2.609 	 2.23519e-09 	 9.64625e-09 
2.611 	 2.14426e-09 	 9.26168e-09 
2.613 	 2.05266e-09 	 8.87368e-09 
2.615 	 1.96137e-09 	 8.48641e-09 
2.618 	 1.87121e-09 	 8.10348e-09 
2.620 	 1.78289e-09 	 7.72793e-09 
2.622 	 1.69699e-09 	 7.36227e-09 
2.624 	 1.61394e-09 	 7.00848e-09 
2.626 	 1.53411e-09 	 6.66806e-09 
2.628 	 1.45773e-09 	 6.34211e-09 
2.630 	 1.38496e-09 	 6.03134e-09 
2.632 	 1.31589e-09 	 5.73616e-09 
2.634 	 1.25053e-09 	 5.45671e-09 
2.636 	 1.18888e-09 	 5.19293e-09 
2.638 	 1.13086e-09 	 4.94457e-09 
2.640 	 1.07638e-09 	 4.71123e-09 
2.642 	 1.02531e-09 	 4.49241e-09 
2.644 	 9.77506e-10 	 4.28753e-09 
2.646 	 9.32815e-10 	 4.09590e-09 
2.648 	 8.91060e-10 	 3.91682e-09 
2.650 	 8.52057e-10 	 3.74949e-09 
2.652 	 8.15614e-10 	 3.59310e-09 
2.654 	 7.81529e-10 	 3.44679e-09 
2.656 	 7.49594e-10 	 3.30966e-09 
2.658 	 7.19597e-10 	 3.18081e-09 
2.660 	 6.91325e-10 	 3.05931e-09 
2.662 	 6.64566e-10 	 2.94424e-09 
2.664 	 6.39114e-10 	 2.83471e-09 
2.666 	 6.14775e-10 	 2.72986e-09 
2.668 	 5.91372e-10 	 2.62892e-09 
2.670 	 5.68751e-10 	 2.53122e-09 
2.672 	 5.46784e-10 	 2.43619e-09 
2.674 	 5.25375e-10 	 2.34342e-09 
2.676 	 5.04458e-10 	 2.25261e-09 
2.678 	 4.83997e-10 	 2.16362e-09 
2.680 	 4.63983e-10 	 2.07642e-09 
2.682 	 4.44427e-10 	 1.99106e-09 
2.684 	 4.25358e-10 	 1.90767e-09 
2.686 	 4.06810e-10 	 1.82643e-09 
2.688 	 3.88822e-10 	 1.74752e-09 
2.690 	 3.71431e-10 	 1.67112e-09 
2.692 	 3.54669e-10 	 1.59737e-09 
2.694 	 3.38560e-10 	 1.52640e-09 
2.696 	 3.23119e-10 	 1.45830e-09 
2.698 	 3.08355e-10 	 1.39311e-09 
2.700 	 2.94267e-10 	 1.33083e-09 
