Energy [eV] EELS_b EELS_a 
2.500 	 6.98334e-09 	 4.31985e-07 
2.502 	 7.17047e-09 	 4.44900e-07 
2.504 	 7.36610e-09 	 4.58425e-07 
2.506 	 7.57071e-09 	 4.72592e-07 
2.508 	 7.78477e-09 	 4.87439e-07 
2.510 	 8.00876e-09 	 5.03004e-07 
2.512 	 8.24322e-09 	 5.19326e-07 
2.514 	 8.48868e-09 	 5.36447e-07 
2.516 	 8.74570e-09 	 5.54412e-07 
2.519 	 9.01485e-09 	 5.73265e-07 
2.521 	 9.29673e-09 	 5.93054e-07 
2.523 	 9.59191e-09 	 6.13827e-07 
2.525 	 9.90102e-09 	 6.35635e-07 
2.527 	 1.02246e-08 	 6.58526e-07 
2.529 	 1.05633e-08 	 6.82551e-07 
2.531 	 1.09177e-08 	 7.07761e-07 
2.533 	 1.12883e-08 	 7.34203e-07 
2.535 	 1.16754e-08 	 7.61925e-07 
2.537 	 1.20797e-08 	 7.90967e-07 
2.539 	 1.25012e-08 	 8.21367e-07 
2.541 	 1.29403e-08 	 8.53155e-07 
2.543 	 1.33968e-08 	 8.86349e-07 
2.545 	 1.38707e-08 	 9.20956e-07 
2.547 	 1.43613e-08 	 9.56966e-07 
2.549 	 1.48681e-08 	 9.94349e-07 
2.551 	 1.53897e-08 	 1.03305e-06 
2.553 	 1.59248e-08 	 1.07299e-06 
2.555 	 1.64712e-08 	 1.11405e-06 
2.557 	 1.70263e-08 	 1.15607e-06 
2.559 	 1.75870e-08 	 1.19886e-06 
2.561 	 1.81492e-08 	 1.24214e-06 
2.563 	 1.87085e-08 	 1.28563e-06 
2.565 	 1.92592e-08 	 1.32894e-06 
2.567 	 1.97955e-08 	 1.37165e-06 
2.569 	 2.03103e-08 	 1.41328e-06 
2.571 	 2.07962e-08 	 1.45328e-06 
2.573 	 2.12452e-08 	 1.49105e-06 
2.575 	 2.16490e-08 	 1.52596e-06 
2.577 	 2.19994e-08 	 1.55738e-06 
2.579 	 2.22882e-08 	 1.58466e-06 
2.581 	 2.25080e-08 	 1.60717e-06 
2.583 	 2.26522e-08 	 1.62437e-06 
2.585 	 2.27155e-08 	 1.63576e-06 
2.587 	 2.26943e-08 	 1.64100e-06 
2.589 	 2.25868e-08 	 1.63983e-06 
2.591 	 2.23932e-08 	 1.63219e-06 
2.593 	 2.21157e-08 	 1.61814e-06 
2.595 	 2.17586e-08 	 1.59791e-06 
2.597 	 2.13277e-08 	 1.57187e-06 
2.599 	 2.08306e-08 	 1.54053e-06 
2.601 	 2.02757e-08 	 1.50447e-06 
2.603 	 1.96724e-08 	 1.46436e-06 
2.605 	 1.90303e-08 	 1.42092e-06 
2.607 	 1.83590e-08 	 1.37486e-06 
2.609 	 1.76677e-08 	 1.32689e-06 
2.611 	 1.69652e-08 	 1.27767e-06 
2.613 	 1.62593e-08 	 1.22782e-06 
2.615 	 1.55570e-08 	 1.17789e-06 
2.618 	 1.48642e-08 	 1.12835e-06 
2.620 	 1.41861e-08 	 1.07963e-06 
2.622 	 1.35268e-08 	 1.03206e-06 
2.624 	 1.28895e-08 	 9.85902e-07 
2.626 	 1.22767e-08 	 9.41378e-07 
2.628 	 1.16900e-08 	 8.98642e-07 
2.630 	 1.11307e-08 	 8.57800e-07 
2.632 	 1.05994e-08 	 8.18922e-07 
2.634 	 1.00962e-08 	 7.82039e-07 
2.636 	 9.62091e-09 	 7.47157e-07 
2.638 	 9.17314e-09 	 7.14253e-07 
2.640 	 8.75216e-09 	 6.83290e-07 
2.642 	 8.35705e-09 	 6.54211e-07 
2.644 	 7.98678e-09 	 6.26946e-07 
2.646 	 7.64014e-09 	 6.01417e-07 
2.648 	 7.31586e-09 	 5.77533e-07 
2.650 	 7.01255e-09 	 5.55195e-07 
2.652 	 6.72875e-09 	 5.34297e-07 
2.654 	 6.46292e-09 	 5.14725e-07 
2.656 	 6.21345e-09 	 4.96360e-07 
2.658 	 5.97869e-09 	 4.79076e-07 
2.660 	 5.75699e-09 	 4.62743e-07 
2.662 	 5.54666e-09 	 4.47233e-07 
2.664 	 5.34607e-09 	 4.32416e-07 
2.666 	 5.15368e-09 	 4.18169e-07 
2.668 	 4.96807e-09 	 4.04381e-07 
2.670 	 4.78803e-09 	 3.90951e-07 
2.672 	 4.61254e-09 	 3.77799e-07 
2.674 	 4.44083e-09 	 3.64864e-07 
2.676 	 4.27243e-09 	 3.52106e-07 
2.678 	 4.10706e-09 	 3.39506e-07 
2.680 	 3.94471e-09 	 3.27066e-07 
2.682 	 3.78552e-09 	 3.14799e-07 
2.684 	 3.62978e-09 	 3.02733e-07 
2.686 	 3.47783e-09 	 2.90900e-07 
2.688 	 3.33004e-09 	 2.79338e-07 
2.690 	 3.18678e-09 	 2.68079e-07 
2.692 	 3.04836e-09 	 2.57156e-07 
2.694 	 2.91503e-09 	 2.46593e-07 
2.696 	 2.78696e-09 	 2.36412e-07 
2.698 	 2.66425e-09 	 2.26624e-07 
2.700 	 2.54694e-09 	 2.17238e-07 
