Energy [eV] Ext Cross [um^2] Abs Cross [um^2] Sca Cross [um^2] 
2.480 	 9.79902e-02 	 1.37146e-02 	 8.42756e-02 
2.443 	 1.06723e-01 	 1.38624e-02 	 9.28601e-02 
2.407 	 1.11646e-01 	 1.35773e-02 	 9.80684e-02 
2.373 	 1.12533e-01 	 1.29118e-02 	 9.96211e-02 
2.339 	 1.09866e-01 	 1.19743e-02 	 9.78912e-02 
2.306 	 1.04561e-01 	 1.08905e-02 	 9.36702e-02 
2.274 	 9.76324e-02 	 9.77000e-03 	 8.78624e-02 
2.243 	 8.99531e-02 	 8.68979e-03 	 8.12633e-02 
2.213 	 8.21598e-02 	 7.69516e-03 	 7.44646e-02 
2.184 	 7.46553e-02 	 6.80553e-03 	 6.78497e-02 
2.155 	 6.76624e-02 	 6.02440e-03 	 6.16380e-02 
2.127 	 6.12794e-02 	 5.34597e-03 	 5.59334e-02 
2.100 	 5.55268e-02 	 4.76012e-03 	 5.07666e-02 
2.074 	 5.03815e-02 	 4.25537e-03 	 4.61261e-02 
2.048 	 4.57981e-02 	 3.82044e-03 	 4.19776e-02 
2.023 	 4.17223e-02 	 3.44507e-03 	 3.82772e-02 
1.998 	 3.80985e-02 	 3.12021e-03 	 3.49783e-02 
1.974 	 3.48737e-02 	 2.83813e-03 	 3.20356e-02 
1.951 	 3.19997e-02 	 2.59236e-03 	 2.94074e-02 
1.928 	 2.94331e-02 	 2.37735e-03 	 2.70557e-02 
1.905 	 2.71355e-02 	 2.18846e-03 	 2.49471e-02 
1.884 	 2.50740e-02 	 2.02193e-03 	 2.30520e-02 
1.862 	 2.32194e-02 	 1.87452e-03 	 2.13449e-02 
1.841 	 2.15469e-02 	 1.74354e-03 	 1.98034e-02 
1.821 	 2.00347e-02 	 1.62671e-03 	 1.84080e-02 
1.801 	 1.86640e-02 	 1.52215e-03 	 1.71418e-02 
1.782 	 1.74186e-02 	 1.42825e-03 	 1.59904e-02 
1.763 	 1.62845e-02 	 1.34365e-03 	 1.49408e-02 
1.744 	 1.52492e-02 	 1.26718e-03 	 1.39821e-02 
1.726 	 1.43023e-02 	 1.19786e-03 	 1.31044e-02 
1.708 	 1.34342e-02 	 1.13484e-03 	 1.22994e-02 
1.690 	 1.26369e-02 	 1.07740e-03 	 1.15595e-02 
1.673 	 1.19032e-02 	 1.02490e-03 	 1.08783e-02 
1.656 	 1.12267e-02 	 9.76795e-04 	 1.02499e-02 
1.640 	 1.06019e-02 	 9.32622e-04 	 9.66932e-03 
1.623 	 1.00239e-02 	 8.91963e-04 	 9.13197e-03 
1.608 	 9.48834e-03 	 8.54458e-04 	 8.63388e-03 
1.592 	 8.99126e-03 	 8.19791e-04 	 8.17147e-03 
1.577 	 8.52923e-03 	 7.87683e-04 	 7.74155e-03 
1.562 	 8.09918e-03 	 7.57890e-04 	 7.34129e-03 
1.547 	 7.69834e-03 	 7.30195e-04 	 6.96814e-03 
1.533 	 7.32423e-03 	 7.04405e-04 	 6.61982e-03 
1.519 	 6.97463e-03 	 6.80350e-04 	 6.29428e-03 
1.505 	 6.64754e-03 	 6.57879e-04 	 5.98966e-03 
1.491 	 6.34114e-03 	 6.36854e-04 	 5.70429e-03 
1.478 	 6.05381e-03 	 6.17152e-04 	 5.43666e-03 
1.464 	 5.78407e-03 	 5.98665e-04 	 5.18540e-03 
1.452 	 5.53056e-03 	 5.81294e-04 	 4.94927e-03 
1.439 	 5.29209e-03 	 5.64951e-04 	 4.72713e-03 
1.426 	 5.06752e-03 	 5.49556e-04 	 4.51797e-03 
1.414 	 4.85586e-03 	 5.35036e-04 	 4.32083e-03 
1.402 	 4.65618e-03 	 5.21325e-04 	 4.13486e-03 
1.390 	 4.46764e-03 	 5.08363e-04 	 3.95927e-03 
1.379 	 4.28945e-03 	 4.96096e-04 	 3.79336e-03 
1.367 	 4.12093e-03 	 4.84476e-04 	 3.63645e-03 
1.356 	 3.96141e-03 	 4.73457e-04 	 3.48795e-03 
1.345 	 3.81029e-03 	 4.62998e-04 	 3.34730e-03 
1.334 	 3.66704e-03 	 4.53060e-04 	 3.21398e-03 
1.323 	 3.53113e-03 	 4.43610e-04 	 3.08752e-03 
1.313 	 3.40210e-03 	 4.34614e-04 	 2.96749e-03 
1.302 	 3.27952e-03 	 4.26045e-04 	 2.85348e-03 
1.292 	 3.16299e-03 	 4.17875e-04 	 2.74512e-03 
1.282 	 3.05214e-03 	 4.10080e-04 	 2.64206e-03 
1.272 	 2.94662e-03 	 4.02636e-04 	 2.54399e-03 
1.262 	 2.84613e-03 	 3.95522e-04 	 2.45060e-03 
1.253 	 2.75035e-03 	 3.88718e-04 	 2.36163e-03 
1.243 	 2.65902e-03 	 3.82208e-04 	 2.27681e-03 
1.234 	 2.57188e-03 	 3.75973e-04 	 2.19591e-03 
1.225 	 2.48870e-03 	 3.69997e-04 	 2.11870e-03 
1.216 	 2.40925e-03 	 3.64268e-04 	 2.04498e-03 
1.207 	 2.33332e-03 	 3.58770e-04 	 1.97455e-03 
1.198 	 2.26072e-03 	 3.53492e-04 	 1.90723e-03 
1.189 	 2.19127e-03 	 3.48421e-04 	 1.84285e-03 
1.181 	 2.12481e-03 	 3.43546e-04 	 1.78126e-03 
1.172 	 2.06117e-03 	 3.38858e-04 	 1.72231e-03 
1.164 	 2.00020e-03 	 3.34346e-04 	 1.66585e-03 
1.156 	 1.94177e-03 	 3.30002e-04 	 1.61177e-03 
1.148 	 1.88574e-03 	 3.25818e-04 	 1.55993e-03 
1.140 	 1.83200e-03 	 3.21785e-04 	 1.51022e-03 
1.132 	 1.78043e-03 	 3.17896e-04 	 1.46254e-03 
1.124 	 1.73092e-03 	 3.14144e-04 	 1.41678e-03 
1.117 	 1.68337e-03 	 3.10522e-04 	 1.37285e-03 
1.109 	 1.63768e-03 	 3.07025e-04 	 1.33066e-03 
1.102 	 1.59377e-03 	 3.03646e-04 	 1.29012e-03 
1.094 	 1.55154e-03 	 3.00380e-04 	 1.25116e-03 
1.087 	 1.51092e-03 	 2.97223e-04 	 1.21370e-03 
1.080 	 1.47184e-03 	 2.94169e-04 	 1.17767e-03 
1.073 	 1.43422e-03 	 2.91213e-04 	 1.14301e-03 
1.066 	 1.39799e-03 	 2.88352e-04 	 1.10964e-03 
1.059 	 1.36309e-03 	 2.85580e-04 	 1.07751e-03 
1.052 	 1.32947e-03 	 2.82895e-04 	 1.04657e-03 
1.046 	 1.29706e-03 	 2.80293e-04 	 1.01676e-03 
1.039 	 1.26580e-03 	 2.77770e-04 	 9.88034e-04 
1.032 	 1.23566e-03 	 2.75322e-04 	 9.60337e-04 
1.026 	 1.20658e-03 	 2.72948e-04 	 9.33628e-04 
1.020 	 1.17851e-03 	 2.70644e-04 	 9.07864e-04 
1.013 	 1.15141e-03 	 2.68406e-04 	 8.83003e-04 
1.007 	 1.12524e-03 	 2.66234e-04 	 8.59008e-04 
1.001 	 1.09996e-03 	 2.64123e-04 	 8.35841e-04 
0.995 	 1.07554e-03 	 2.62072e-04 	 8.13467e-04 
0.989 	 1.05193e-03 	 2.60078e-04 	 7.91854e-04 
0.983 	 1.02911e-03 	 2.58138e-04 	 7.70970e-04 
0.977 	 1.00704e-03 	 2.56252e-04 	 7.50785e-04 
0.971 	 9.85688e-04 	 2.54417e-04 	 7.31271e-04 
0.966 	 9.65030e-04 	 2.52630e-04 	 7.12400e-04 
0.960 	 9.45038e-04 	 2.50892e-04 	 6.94147e-04 
0.955 	 9.25685e-04 	 2.49198e-04 	 6.76487e-04 
0.949 	 9.06945e-04 	 2.47549e-04 	 6.59396e-04 
0.944 	 8.88795e-04 	 2.45942e-04 	 6.42853e-04 
0.938 	 8.71212e-04 	 2.44376e-04 	 6.26835e-04 
0.933 	 8.54174e-04 	 2.42850e-04 	 6.11323e-04 
0.928 	 8.37660e-04 	 2.41362e-04 	 5.96298e-04 
0.922 	 8.21651e-04 	 2.39911e-04 	 5.81740e-04 
0.917 	 8.06127e-04 	 2.38495e-04 	 5.67632e-04 
0.912 	 7.91071e-04 	 2.37113e-04 	 5.53958e-04 
0.907 	 7.76465e-04 	 2.35765e-04 	 5.40700e-04 
0.902 	 7.62293e-04 	 2.34449e-04 	 5.27844e-04 
0.897 	 7.48538e-04 	 2.33164e-04 	 5.15374e-04 
0.892 	 7.35187e-04 	 2.31909e-04 	 5.03277e-04 
0.888 	 7.22223e-04 	 2.30684e-04 	 4.91540e-04 
0.883 	 7.09634e-04 	 2.29486e-04 	 4.80148e-04 
0.878 	 6.97407e-04 	 2.28316e-04 	 4.69091e-04 
0.873 	 6.85527e-04 	 2.27172e-04 	 4.58355e-04 
0.869 	 6.73984e-04 	 2.26054e-04 	 4.47930e-04 
0.864 	 6.62765e-04 	 2.24961e-04 	 4.37804e-04 
0.860 	 6.51859e-04 	 2.23892e-04 	 4.27968e-04 
0.855 	 6.41256e-04 	 2.22846e-04 	 4.18411e-04 
0.851 	 6.30946e-04 	 2.21823e-04 	 4.09123e-04 
0.847 	 6.20917e-04 	 2.20821e-04 	 4.00096e-04 
0.842 	 6.11162e-04 	 2.19842e-04 	 3.91320e-04 
0.838 	 6.01670e-04 	 2.18882e-04 	 3.82787e-04 
0.834 	 5.92433e-04 	 2.17943e-04 	 3.74490e-04 
0.829 	 5.83443e-04 	 2.17024e-04 	 3.66419e-04 
0.825 	 5.74691e-04 	 2.16123e-04 	 3.58568e-04 
0.821 	 5.66170e-04 	 2.15241e-04 	 3.50929e-04 
0.817 	 5.57872e-04 	 2.14377e-04 	 3.43495e-04 
0.813 	 5.49791e-04 	 2.13530e-04 	 3.36260e-04 
0.809 	 5.41918e-04 	 2.12701e-04 	 3.29218e-04 
0.805 	 5.34249e-04 	 2.11887e-04 	 3.22361e-04 
0.801 	 5.26775e-04 	 2.11090e-04 	 3.15685e-04 
0.797 	 5.19491e-04 	 2.10309e-04 	 3.09182e-04 
0.793 	 5.12392e-04 	 2.09542e-04 	 3.02849e-04 
0.790 	 5.05470e-04 	 2.08791e-04 	 2.96679e-04 
0.786 	 4.98722e-04 	 2.08054e-04 	 2.90668e-04 
0.782 	 4.92141e-04 	 2.07330e-04 	 2.84810e-04 
0.778 	 4.85722e-04 	 2.06621e-04 	 2.79101e-04 
0.775 	 4.79461e-04 	 2.05924e-04 	 2.73536e-04 
0.771 	 4.73352e-04 	 2.05241e-04 	 2.68111e-04 
0.768 	 4.67392e-04 	 2.04570e-04 	 2.62822e-04 
0.764 	 4.61575e-04 	 2.03911e-04 	 2.57664e-04 
0.760 	 4.55897e-04 	 2.03264e-04 	 2.52633e-04 
0.757 	 4.50355e-04 	 2.02629e-04 	 2.47727e-04 
0.753 	 4.44945e-04 	 2.02005e-04 	 2.42940e-04 
0.750 	 4.39662e-04 	 2.01392e-04 	 2.38270e-04 
0.747 	 4.34503e-04 	 2.00791e-04 	 2.33712e-04 
0.743 	 4.29464e-04 	 2.00199e-04 	 2.29265e-04 
0.740 	 4.24542e-04 	 1.99619e-04 	 2.24924e-04 
0.737 	 4.19734e-04 	 1.99048e-04 	 2.20686e-04 
0.733 	 4.15036e-04 	 1.98487e-04 	 2.16549e-04 
0.730 	 4.10445e-04 	 1.97935e-04 	 2.12510e-04 
0.727 	 4.05959e-04 	 1.97393e-04 	 2.08565e-04 
0.724 	 4.01573e-04 	 1.96861e-04 	 2.04713e-04 
0.720 	 3.97286e-04 	 1.96337e-04 	 2.00950e-04 
0.717 	 3.93095e-04 	 1.95821e-04 	 1.97274e-04 
0.714 	 3.88997e-04 	 1.95315e-04 	 1.93683e-04 
0.711 	 3.84990e-04 	 1.94816e-04 	 1.90174e-04 
0.708 	 3.81070e-04 	 1.94326e-04 	 1.86744e-04 
0.705 	 3.77237e-04 	 1.93844e-04 	 1.83393e-04 
0.702 	 3.73486e-04 	 1.93369e-04 	 1.80117e-04 
0.699 	 3.69817e-04 	 1.92902e-04 	 1.76915e-04 
0.696 	 3.66227e-04 	 1.92442e-04 	 1.73785e-04 
0.693 	 3.62714e-04 	 1.91990e-04 	 1.70724e-04 
0.690 	 3.59275e-04 	 1.91545e-04 	 1.67731e-04 
0.687 	 3.55910e-04 	 1.91106e-04 	 1.64803e-04 
0.684 	 3.52615e-04 	 1.90675e-04 	 1.61941e-04 
0.682 	 3.49390e-04 	 1.90250e-04 	 1.59140e-04 
0.679 	 3.46232e-04 	 1.89831e-04 	 1.56401e-04 
0.676 	 3.43140e-04 	 1.89419e-04 	 1.53720e-04 
0.673 	 3.40111e-04 	 1.89014e-04 	 1.51098e-04 
0.671 	 3.37145e-04 	 1.88614e-04 	 1.48531e-04 
0.668 	 3.34240e-04 	 1.88220e-04 	 1.46020e-04 
0.665 	 3.31394e-04 	 1.87832e-04 	 1.43562e-04 
0.662 	 3.28606e-04 	 1.87450e-04 	 1.41155e-04 
0.660 	 3.25874e-04 	 1.87074e-04 	 1.38800e-04 
0.657 	 3.23197e-04 	 1.86703e-04 	 1.36494e-04 
0.655 	 3.20573e-04 	 1.86337e-04 	 1.34236e-04 
0.652 	 3.18002e-04 	 1.85977e-04 	 1.32025e-04 
0.649 	 3.15481e-04 	 1.85622e-04 	 1.29859e-04 
0.647 	 3.13010e-04 	 1.85272e-04 	 1.27738e-04 
0.644 	 3.10588e-04 	 1.84927e-04 	 1.25661e-04 
0.642 	 3.08213e-04 	 1.84587e-04 	 1.23626e-04 
0.639 	 3.05884e-04 	 1.84251e-04 	 1.21633e-04 
0.637 	 3.03601e-04 	 1.83921e-04 	 1.19680e-04 
0.634 	 3.01361e-04 	 1.83595e-04 	 1.17766e-04 
0.632 	 2.99164e-04 	 1.83273e-04 	 1.15891e-04 
0.629 	 2.97009e-04 	 1.82956e-04 	 1.14053e-04 
0.627 	 2.94895e-04 	 1.82643e-04 	 1.12252e-04 
0.625 	 2.92821e-04 	 1.82334e-04 	 1.10486e-04 
0.622 	 2.90786e-04 	 1.82030e-04 	 1.08756e-04 
0.620 	 2.88789e-04 	 1.81730e-04 	 1.07059e-04 
