Energy [eV] EELS_b EELS_a 
2.500 	 1.93712e-08 	 9.27423e-07 
2.502 	 1.99149e-08 	 9.55816e-07 
2.504 	 2.04839e-08 	 9.85558e-07 
2.506 	 2.10793e-08 	 1.01672e-06 
2.508 	 2.17028e-08 	 1.04940e-06 
2.510 	 2.23557e-08 	 1.08366e-06 
2.512 	 2.30397e-08 	 1.11960e-06 
2.514 	 2.37564e-08 	 1.15732e-06 
2.516 	 2.45076e-08 	 1.19691e-06 
2.519 	 2.52948e-08 	 1.23846e-06 
2.521 	 2.61201e-08 	 1.28210e-06 
2.523 	 2.69851e-08 	 1.32792e-06 
2.525 	 2.78918e-08 	 1.37604e-06 
2.527 	 2.88419e-08 	 1.42656e-06 
2.529 	 2.98372e-08 	 1.47960e-06 
2.531 	 3.08795e-08 	 1.53527e-06 
2.533 	 3.19705e-08 	 1.59368e-06 
2.535 	 3.31114e-08 	 1.65492e-06 
2.537 	 3.43037e-08 	 1.71910e-06 
2.539 	 3.55482e-08 	 1.78628e-06 
2.541 	 3.68455e-08 	 1.85655e-06 
2.543 	 3.81955e-08 	 1.92992e-06 
2.545 	 3.95977e-08 	 2.00642e-06 
2.547 	 4.10507e-08 	 2.08602e-06 
2.549 	 4.25521e-08 	 2.16865e-06 
2.551 	 4.40986e-08 	 2.25418e-06 
2.553 	 4.56853e-08 	 2.34241e-06 
2.555 	 4.73059e-08 	 2.43309e-06 
2.557 	 4.89525e-08 	 2.52585e-06 
2.559 	 5.06152e-08 	 2.62022e-06 
2.561 	 5.22818e-08 	 2.71564e-06 
2.563 	 5.39383e-08 	 2.81140e-06 
2.565 	 5.55679e-08 	 2.90668e-06 
2.567 	 5.71519e-08 	 3.00052e-06 
2.569 	 5.86695e-08 	 3.09183e-06 
2.571 	 6.00978e-08 	 3.17940e-06 
2.573 	 6.14129e-08 	 3.26191e-06 
2.575 	 6.25899e-08 	 3.33799e-06 
2.577 	 6.36041e-08 	 3.40622e-06 
2.579 	 6.44317e-08 	 3.46520e-06 
2.581 	 6.50510e-08 	 3.51360e-06 
2.583 	 6.54435e-08 	 3.55024e-06 
2.585 	 6.55949e-08 	 3.57410e-06 
2.587 	 6.54957e-08 	 3.58443e-06 
2.589 	 6.51423e-08 	 3.58079e-06 
2.591 	 6.45370e-08 	 3.56303e-06 
2.593 	 6.36882e-08 	 3.53138e-06 
2.595 	 6.26100e-08 	 3.48637e-06 
2.597 	 6.13212e-08 	 3.42886e-06 
2.599 	 5.98451e-08 	 3.35995e-06 
2.601 	 5.82076e-08 	 3.28097e-06 
2.603 	 5.64364e-08 	 3.19338e-06 
2.605 	 5.45600e-08 	 3.09872e-06 
2.607 	 5.26063e-08 	 2.99853e-06 
2.609 	 5.06019e-08 	 2.89434e-06 
2.611 	 4.85715e-08 	 2.78758e-06 
2.613 	 4.65374e-08 	 2.67955e-06 
2.615 	 4.45189e-08 	 2.57144e-06 
2.618 	 4.25329e-08 	 2.46426e-06 
2.620 	 4.05930e-08 	 2.35889e-06 
2.622 	 3.87103e-08 	 2.25605e-06 
2.624 	 3.68936e-08 	 2.15630e-06 
2.626 	 3.51493e-08 	 2.06010e-06 
2.628 	 3.34818e-08 	 1.96777e-06 
2.630 	 3.18938e-08 	 1.87955e-06 
2.632 	 3.03868e-08 	 1.79557e-06 
2.634 	 2.89609e-08 	 1.71590e-06 
2.636 	 2.76154e-08 	 1.64055e-06 
2.638 	 2.63487e-08 	 1.56948e-06 
2.640 	 2.51585e-08 	 1.50259e-06 
2.642 	 2.40422e-08 	 1.43977e-06 
2.644 	 2.29965e-08 	 1.38088e-06 
2.646 	 2.20182e-08 	 1.32572e-06 
2.648 	 2.11033e-08 	 1.27413e-06 
2.650 	 2.02479e-08 	 1.22587e-06 
2.652 	 1.94477e-08 	 1.18072e-06 
2.654 	 1.86983e-08 	 1.13843e-06 
2.656 	 1.79951e-08 	 1.09873e-06 
2.658 	 1.73334e-08 	 1.06137e-06 
2.660 	 1.67081e-08 	 1.02604e-06 
2.662 	 1.61146e-08 	 9.92469e-07 
2.664 	 1.55481e-08 	 9.60369e-07 
2.666 	 1.50042e-08 	 9.29471e-07 
2.668 	 1.44787e-08 	 8.99525e-07 
2.670 	 1.39680e-08 	 8.70314e-07 
2.672 	 1.34694e-08 	 8.41658e-07 
2.674 	 1.29805e-08 	 8.13425e-07 
2.676 	 1.25001e-08 	 7.85528e-07 
2.678 	 1.20273e-08 	 7.57930e-07 
2.680 	 1.15623e-08 	 7.30632e-07 
2.682 	 1.11054e-08 	 7.03674e-07 
2.684 	 1.06577e-08 	 6.77119e-07 
2.686 	 1.02201e-08 	 6.51043e-07 
2.688 	 9.79396e-09 	 6.25530e-07 
2.690 	 9.38028e-09 	 6.00662e-07 
2.692 	 8.98009e-09 	 5.76511e-07 
2.694 	 8.59417e-09 	 5.53137e-07 
2.696 	 8.22310e-09 	 5.30588e-07 
2.698 	 7.86725e-09 	 5.08896e-07 
2.700 	 7.52676e-09 	 4.88080e-07 
