Energy [eV] EELS_b EELS_a 
2.500 	 1.64988e-05 	 8.86941e-05 
2.502 	 1.70226e-05 	 9.16924e-05 
2.504 	 1.75718e-05 	 9.48418e-05 
2.506 	 1.81478e-05 	 9.81518e-05 
2.508 	 1.87523e-05 	 1.01632e-04 
2.510 	 1.93870e-05 	 1.05294e-04 
2.512 	 2.00536e-05 	 1.09149e-04 
2.514 	 2.07541e-05 	 1.13209e-04 
2.516 	 2.14905e-05 	 1.17486e-04 
2.519 	 2.22650e-05 	 1.21996e-04 
2.521 	 2.30798e-05 	 1.26752e-04 
2.523 	 2.39373e-05 	 1.31769e-04 
2.525 	 2.48399e-05 	 1.37065e-04 
2.527 	 2.57903e-05 	 1.42656e-04 
2.529 	 2.67911e-05 	 1.48561e-04 
2.531 	 2.78450e-05 	 1.54797e-04 
2.533 	 2.89550e-05 	 1.61384e-04 
2.535 	 3.01239e-05 	 1.68341e-04 
2.537 	 3.13545e-05 	 1.75690e-04 
2.539 	 3.26496e-05 	 1.83449e-04 
2.541 	 3.40120e-05 	 1.91639e-04 
2.543 	 3.54441e-05 	 2.00278e-04 
2.545 	 3.69483e-05 	 2.09383e-04 
2.547 	 3.85263e-05 	 2.18970e-04 
2.549 	 4.01795e-05 	 2.29050e-04 
2.551 	 4.19085e-05 	 2.39632e-04 
2.553 	 4.37129e-05 	 2.50718e-04 
2.555 	 4.55914e-05 	 2.62302e-04 
2.557 	 4.75411e-05 	 2.74371e-04 
2.559 	 4.95576e-05 	 2.86899e-04 
2.561 	 5.16341e-05 	 2.99848e-04 
2.563 	 5.37621e-05 	 3.13164e-04 
2.565 	 5.59297e-05 	 3.26774e-04 
2.567 	 5.81226e-05 	 3.40583e-04 
2.569 	 6.03230e-05 	 3.54477e-04 
2.571 	 6.25096e-05 	 3.68315e-04 
2.573 	 6.46579e-05 	 3.81932e-04 
2.575 	 6.67401e-05 	 3.95142e-04 
2.577 	 6.87251e-05 	 4.07735e-04 
2.579 	 7.05801e-05 	 4.19488e-04 
2.581 	 7.22707e-05 	 4.30169e-04 
2.583 	 7.37622e-05 	 4.39544e-04 
2.585 	 7.50217e-05 	 4.47393e-04 
2.587 	 7.60190e-05 	 4.53518e-04 
2.589 	 7.67284e-05 	 4.57755e-04 
2.591 	 7.71305e-05 	 4.59986e-04 
2.593 	 7.72130e-05 	 4.60147e-04 
2.595 	 7.69718e-05 	 4.58228e-04 
2.597 	 7.64112e-05 	 4.54281e-04 
2.599 	 7.55434e-05 	 4.48411e-04 
2.601 	 7.43885e-05 	 4.40771e-04 
2.603 	 7.29723e-05 	 4.31553e-04 
2.605 	 7.13258e-05 	 4.20975e-04 
2.607 	 6.94831e-05 	 4.09270e-04 
2.609 	 6.74797e-05 	 3.96677e-04 
2.611 	 6.53514e-05 	 3.83427e-04 
2.613 	 6.31330e-05 	 3.69741e-04 
2.615 	 6.08569e-05 	 3.55818e-04 
2.618 	 5.85528e-05 	 3.41838e-04 
2.620 	 5.62471e-05 	 3.27954e-04 
2.622 	 5.39625e-05 	 3.14298e-04 
2.624 	 5.17185e-05 	 3.00977e-04 
2.626 	 4.95308e-05 	 2.88074e-04 
2.628 	 4.74120e-05 	 2.75656e-04 
2.630 	 4.53718e-05 	 2.63770e-04 
2.632 	 4.34175e-05 	 2.52450e-04 
2.634 	 4.15537e-05 	 2.41714e-04 
2.636 	 3.97836e-05 	 2.31572e-04 
2.638 	 3.81083e-05 	 2.22026e-04 
2.640 	 3.65278e-05 	 2.13066e-04 
2.642 	 3.50407e-05 	 2.04680e-04 
2.644 	 3.36449e-05 	 1.96850e-04 
2.646 	 3.23372e-05 	 1.89553e-04 
2.648 	 3.11137e-05 	 1.82761e-04 
2.650 	 2.99700e-05 	 1.76444e-04 
2.652 	 2.89010e-05 	 1.70569e-04 
2.654 	 2.79009e-05 	 1.65097e-04 
2.656 	 2.69637e-05 	 1.59988e-04 
2.658 	 2.60828e-05 	 1.55200e-04 
2.660 	 2.52511e-05 	 1.50688e-04 
2.662 	 2.44617e-05 	 1.46405e-04 
2.664 	 2.37074e-05 	 1.42305e-04 
2.666 	 2.29814e-05 	 1.38343e-04 
2.668 	 2.22772e-05 	 1.34479e-04 
2.670 	 2.15892e-05 	 1.30676e-04 
2.672 	 2.09128e-05 	 1.26904e-04 
2.674 	 2.02444e-05 	 1.23140e-04 
2.676 	 1.95817e-05 	 1.19372e-04 
2.678 	 1.89235e-05 	 1.15593e-04 
2.680 	 1.82700e-05 	 1.11807e-04 
2.682 	 1.76220e-05 	 1.08020e-04 
2.684 	 1.69813e-05 	 1.04247e-04 
2.686 	 1.63498e-05 	 1.00502e-04 
2.688 	 1.57298e-05 	 9.68046e-05 
2.690 	 1.51235e-05 	 9.31699e-05 
2.692 	 1.45330e-05 	 8.96140e-05 
2.694 	 1.39600e-05 	 8.61502e-05 
2.696 	 1.34059e-05 	 8.27896e-05 
2.698 	 1.28717e-05 	 7.95408e-05 
2.700 	 1.23581e-05 	 7.64099e-05 
