Energy [eV] EELS_b EELS_a 
2.500 	 8.11737e-11 	 1.65321e-08 
2.502 	 8.31110e-11 	 1.69949e-08 
2.504 	 8.51383e-11 	 1.74795e-08 
2.506 	 8.72605e-11 	 1.79872e-08 
2.508 	 8.94828e-11 	 1.85193e-08 
2.510 	 9.18106e-11 	 1.90771e-08 
2.512 	 9.42497e-11 	 1.96622e-08 
2.514 	 9.68059e-11 	 2.02760e-08 
2.516 	 9.94855e-11 	 2.09200e-08 
2.519 	 1.02295e-10 	 2.15961e-08 
2.521 	 1.05241e-10 	 2.23058e-08 
2.523 	 1.08330e-10 	 2.30510e-08 
2.525 	 1.11569e-10 	 2.38334e-08 
2.527 	 1.14966e-10 	 2.46550e-08 
2.529 	 1.18526e-10 	 2.55175e-08 
2.531 	 1.22258e-10 	 2.64229e-08 
2.533 	 1.26167e-10 	 2.73728e-08 
2.535 	 1.30261e-10 	 2.83690e-08 
2.537 	 1.34543e-10 	 2.94132e-08 
2.539 	 1.39020e-10 	 3.05067e-08 
2.541 	 1.43695e-10 	 3.16506e-08 
2.543 	 1.48569e-10 	 3.28457e-08 
2.545 	 1.53642e-10 	 3.40922e-08 
2.547 	 1.58912e-10 	 3.53900e-08 
2.549 	 1.64373e-10 	 3.67379e-08 
2.551 	 1.70015e-10 	 3.81340e-08 
2.553 	 1.75824e-10 	 3.95753e-08 
2.555 	 1.81780e-10 	 4.10574e-08 
2.557 	 1.87857e-10 	 4.25746e-08 
2.559 	 1.94023e-10 	 4.41192e-08 
2.561 	 2.00236e-10 	 4.56817e-08 
2.563 	 2.06445e-10 	 4.72504e-08 
2.565 	 2.12590e-10 	 4.88113e-08 
2.567 	 2.18604e-10 	 5.03481e-08 
2.569 	 2.24406e-10 	 5.18422e-08 
2.571 	 2.29908e-10 	 5.32725e-08 
2.573 	 2.35014e-10 	 5.46163e-08 
2.575 	 2.39625e-10 	 5.58494e-08 
2.577 	 2.43634e-10 	 5.69467e-08 
2.579 	 2.46940e-10 	 5.78835e-08 
2.581 	 2.49444e-10 	 5.86362e-08 
2.583 	 2.51061e-10 	 5.91832e-08 
2.585 	 2.51716e-10 	 5.95068e-08 
2.587 	 2.51359e-10 	 5.95936e-08 
2.589 	 2.49960e-10 	 5.94355e-08 
2.591 	 2.47518e-10 	 5.90307e-08 
2.593 	 2.44056e-10 	 5.83835e-08 
2.595 	 2.39625e-10 	 5.75045e-08 
2.597 	 2.34302e-10 	 5.64098e-08 
2.599 	 2.28181e-10 	 5.51204e-08 
2.601 	 2.21373e-10 	 5.36610e-08 
2.603 	 2.13999e-10 	 5.20586e-08 
2.605 	 2.06182e-10 	 5.03415e-08 
2.607 	 1.98047e-10 	 4.85381e-08 
2.609 	 1.89712e-10 	 4.66756e-08 
2.611 	 1.81286e-10 	 4.47795e-08 
2.613 	 1.72867e-10 	 4.28730e-08 
2.615 	 1.64540e-10 	 4.09762e-08 
2.618 	 1.56376e-10 	 3.91067e-08 
2.620 	 1.48435e-10 	 3.72788e-08 
2.622 	 1.40763e-10 	 3.55042e-08 
2.624 	 1.33393e-10 	 3.37919e-08 
2.626 	 1.26351e-10 	 3.21486e-08 
2.628 	 1.19652e-10 	 3.05789e-08 
2.630 	 1.13305e-10 	 2.90856e-08 
2.632 	 1.07311e-10 	 2.76703e-08 
2.634 	 1.01667e-10 	 2.63330e-08 
2.636 	 9.63672e-11 	 2.50730e-08 
2.638 	 9.14013e-11 	 2.38886e-08 
2.640 	 8.67568e-11 	 2.27777e-08 
2.642 	 8.24198e-11 	 2.17375e-08 
2.644 	 7.83748e-11 	 2.07648e-08 
2.646 	 7.46054e-11 	 1.98564e-08 
2.648 	 7.10947e-11 	 1.90084e-08 
2.650 	 6.78249e-11 	 1.82169e-08 
2.652 	 6.47780e-11 	 1.74780e-08 
2.654 	 6.19354e-11 	 1.67872e-08 
2.656 	 5.92786e-11 	 1.61403e-08 
2.658 	 5.67890e-11 	 1.55326e-08 
2.660 	 5.44478e-11 	 1.49596e-08 
2.662 	 5.22368e-11 	 1.44168e-08 
2.664 	 5.01387e-11 	 1.38997e-08 
2.666 	 4.81369e-11 	 1.34042e-08 
2.668 	 4.62168e-11 	 1.29264e-08 
2.670 	 4.43654e-11 	 1.24630e-08 
2.672 	 4.25723e-11 	 1.20112e-08 
2.674 	 4.08292e-11 	 1.15691e-08 
2.676 	 3.91307e-11 	 1.11352e-08 
2.678 	 3.74738e-11 	 1.07088e-08 
2.680 	 3.58574e-11 	 1.02899e-08 
2.682 	 3.42822e-11 	 9.87876e-09 
2.684 	 3.27501e-11 	 9.47622e-09 
2.686 	 3.12637e-11 	 9.08318e-09 
2.688 	 2.98257e-11 	 8.70065e-09 
2.690 	 2.84386e-11 	 8.32959e-09 
2.692 	 2.71047e-11 	 7.97085e-09 
2.694 	 2.58256e-11 	 7.62512e-09 
2.696 	 2.46023e-11 	 7.29289e-09 
2.698 	 2.34349e-11 	 6.97445e-09 
2.700 	 2.23232e-11 	 6.66992e-09 
