Energy [eV] EELS_b EELS_a 
2.500 	 2.59892e-14 	 4.21641e-11 
2.502 	 2.61599e-14 	 4.26467e-11 
2.504 	 2.63454e-14 	 4.31559e-11 
2.506 	 2.65455e-14 	 4.36932e-11 
2.508 	 2.67649e-14 	 4.42668e-11 
2.510 	 2.70003e-14 	 4.48698e-11 
2.512 	 2.72519e-14 	 4.55051e-11 
2.514 	 2.75296e-14 	 4.61877e-11 
2.516 	 2.78256e-14 	 4.69065e-11 
2.519 	 2.81451e-14 	 4.76703e-11 
2.521 	 2.84849e-14 	 4.84737e-11 
2.523 	 2.88489e-14 	 4.93254e-11 
2.525 	 2.92363e-14 	 5.02240e-11 
2.527 	 2.96508e-14 	 5.11759e-11 
2.529 	 3.00926e-14 	 5.21830e-11 
2.531 	 3.05601e-14 	 5.32426e-11 
2.533 	 3.10604e-14 	 5.43683e-11 
2.535 	 3.15876e-14 	 5.55516e-11 
2.537 	 3.21465e-14 	 5.67999e-11 
2.539 	 3.27444e-14 	 5.81284e-11 
2.541 	 3.33702e-14 	 5.95193e-11 
2.543 	 3.40382e-14 	 6.09979e-11 
2.545 	 3.47395e-14 	 6.25508e-11 
2.547 	 3.54833e-14 	 6.41947e-11 
2.549 	 3.62686e-14 	 6.59307e-11 
2.551 	 3.70952e-14 	 6.77595e-11 
2.553 	 3.79643e-14 	 6.96857e-11 
2.555 	 3.88787e-14 	 7.17162e-11 
2.557 	 3.98400e-14 	 7.38569e-11 
2.559 	 4.08461e-14 	 7.61057e-11 
2.561 	 4.18975e-14 	 7.84672e-11 
2.563 	 4.29941e-14 	 8.09439e-11 
2.565 	 4.41390e-14 	 8.35466e-11 
2.567 	 4.53238e-14 	 8.62615e-11 
2.569 	 4.65488e-14 	 8.90941e-11 
2.571 	 4.78113e-14 	 9.20437e-11 
2.573 	 4.91046e-14 	 9.51036e-11 
2.575 	 5.04229e-14 	 9.82661e-11 
2.577 	 5.17591e-14 	 1.01525e-10 
2.579 	 5.31020e-14 	 1.04861e-10 
2.581 	 5.44409e-14 	 1.08262e-10 
2.583 	 5.57604e-14 	 1.11702e-10 
2.585 	 5.70457e-14 	 1.15156e-10 
2.587 	 5.82794e-14 	 1.18594e-10 
2.589 	 5.94412e-14 	 1.21979e-10 
2.591 	 6.05100e-14 	 1.25268e-10 
2.593 	 6.14654e-14 	 1.28419e-10 
2.595 	 6.22842e-14 	 1.31382e-10 
2.597 	 6.29449e-14 	 1.34105e-10 
2.599 	 6.34244e-14 	 1.36531e-10 
2.601 	 6.37054e-14 	 1.38611e-10 
2.603 	 6.37715e-14 	 1.40294e-10 
2.605 	 6.36100e-14 	 1.41533e-10 
2.607 	 6.32130e-14 	 1.42292e-10 
2.609 	 6.25764e-14 	 1.42536e-10 
2.611 	 6.17026e-14 	 1.42246e-10 
2.613 	 6.05996e-14 	 1.41417e-10 
2.615 	 5.92797e-14 	 1.40048e-10 
2.618 	 5.77611e-14 	 1.38160e-10 
2.620 	 5.60663e-14 	 1.35779e-10 
2.622 	 5.42190e-14 	 1.32941e-10 
2.624 	 5.22470e-14 	 1.29692e-10 
2.626 	 5.01785e-14 	 1.26083e-10 
2.628 	 4.80448e-14 	 1.22176e-10 
2.630 	 4.58709e-14 	 1.18022e-10 
2.632 	 4.36845e-14 	 1.13683e-10 
2.634 	 4.15076e-14 	 1.09213e-10 
2.636 	 3.93637e-14 	 1.04671e-10 
2.638 	 3.72687e-14 	 1.00103e-10 
2.640 	 3.52380e-14 	 9.55575e-11 
2.642 	 3.32833e-14 	 9.10739e-11 
2.644 	 3.14128e-14 	 8.66870e-11 
2.646 	 2.96333e-14 	 8.24282e-11 
2.648 	 2.79473e-14 	 7.83182e-11 
2.650 	 2.63569e-14 	 7.43767e-11 
2.652 	 2.48610e-14 	 7.06145e-11 
2.654 	 2.34587e-14 	 6.70411e-11 
2.656 	 2.21459e-14 	 6.36578e-11 
2.658 	 2.09208e-14 	 6.04678e-11 
2.660 	 1.97759e-14 	 5.74618e-11 
2.662 	 1.87072e-14 	 5.46355e-11 
2.664 	 1.77101e-14 	 5.19821e-11 
2.666 	 1.67777e-14 	 4.94886e-11 
2.668 	 1.59049e-14 	 4.71446e-11 
2.670 	 1.50856e-14 	 4.49368e-11 
2.672 	 1.43138e-14 	 4.28497e-11 
2.674 	 1.35866e-14 	 4.08783e-11 
2.676 	 1.28975e-14 	 3.90047e-11 
2.678 	 1.22438e-14 	 3.72208e-11 
2.680 	 1.16229e-14 	 3.55209e-11 
2.682 	 1.10301e-14 	 3.38913e-11 
2.684 	 1.04657e-14 	 3.23319e-11 
2.686 	 9.92759e-15 	 3.08378e-11 
2.688 	 9.41357e-15 	 2.94019e-11 
2.690 	 8.92391e-15 	 2.80253e-11 
2.692 	 8.45777e-15 	 2.67064e-11 
2.694 	 8.01398e-15 	 2.54420e-11 
2.696 	 7.59288e-15 	 2.42341e-11 
2.698 	 7.19287e-15 	 2.30792e-11 
2.700 	 6.81457e-15 	 2.19794e-11 
