Energy [eV] EELS_b EELS_a 
2.500 	 7.79984e-12 	 3.08835e-11 
2.502 	 7.97628e-12 	 3.16137e-11 
2.504 	 8.16089e-12 	 3.23777e-11 
2.506 	 8.35410e-12 	 3.31773e-11 
2.508 	 8.55636e-12 	 3.40144e-11 
2.510 	 8.76814e-12 	 3.48909e-11 
2.512 	 8.98993e-12 	 3.58090e-11 
2.514 	 9.22225e-12 	 3.67709e-11 
2.516 	 9.46564e-12 	 3.77786e-11 
2.519 	 9.72062e-12 	 3.88347e-11 
2.521 	 9.98777e-12 	 3.99414e-11 
2.523 	 1.02677e-11 	 4.11011e-11 
2.525 	 1.05608e-11 	 4.23163e-11 
2.527 	 1.08679e-11 	 4.35893e-11 
2.529 	 1.11893e-11 	 4.49226e-11 
2.531 	 1.15257e-11 	 4.63184e-11 
2.533 	 1.18775e-11 	 4.77789e-11 
2.535 	 1.22451e-11 	 4.93059e-11 
2.537 	 1.26290e-11 	 5.09011e-11 
2.539 	 1.30293e-11 	 5.25656e-11 
2.541 	 1.34461e-11 	 5.43001e-11 
2.543 	 1.38795e-11 	 5.61046e-11 
2.545 	 1.43290e-11 	 5.79780e-11 
2.547 	 1.47943e-11 	 5.99185e-11 
2.549 	 1.52743e-11 	 6.19227e-11 
2.551 	 1.57679e-11 	 6.39857e-11 
2.553 	 1.62733e-11 	 6.61007e-11 
2.555 	 1.67884e-11 	 6.82589e-11 
2.557 	 1.73102e-11 	 7.04489e-11 
2.559 	 1.78353e-11 	 7.26566e-11 
2.561 	 1.83594e-11 	 7.48647e-11 
2.563 	 1.88775e-11 	 7.70527e-11 
2.565 	 1.93837e-11 	 7.91969e-11 
2.567 	 1.98714e-11 	 8.12699e-11 
2.569 	 2.03332e-11 	 8.32414e-11 
2.571 	 2.07609e-11 	 8.50782e-11 
2.573 	 2.11462e-11 	 8.67449e-11 
2.575 	 2.14802e-11 	 8.82052e-11 
2.577 	 2.17541e-11 	 8.94225e-11 
2.579 	 2.19597e-11 	 9.03621e-11 
2.581 	 2.20895e-11 	 9.09921e-11 
2.583 	 2.21371e-11 	 9.12860e-11 
2.585 	 2.20979e-11 	 9.12233e-11 
2.587 	 2.19693e-11 	 9.07918e-11 
2.589 	 2.17507e-11 	 8.99882e-11 
2.591 	 2.14440e-11 	 8.88185e-11 
2.593 	 2.10531e-11 	 8.72982e-11 
2.595 	 2.05843e-11 	 8.54516e-11 
2.597 	 2.00456e-11 	 8.33105e-11 
2.599 	 1.94462e-11 	 8.09125e-11 
2.601 	 1.87964e-11 	 7.82993e-11 
2.603 	 1.81070e-11 	 7.55147e-11 
2.605 	 1.73887e-11 	 7.26029e-11 
2.607 	 1.66517e-11 	 6.96062e-11 
2.609 	 1.59057e-11 	 6.65648e-11 
2.611 	 1.51594e-11 	 6.35146e-11 
2.613 	 1.44204e-11 	 6.04876e-11 
2.615 	 1.36951e-11 	 5.75110e-11 
2.618 	 1.29888e-11 	 5.46071e-11 
2.620 	 1.23057e-11 	 5.17940e-11 
2.622 	 1.16491e-11 	 4.90855e-11 
2.624 	 1.10211e-11 	 4.64915e-11 
2.626 	 1.04233e-11 	 4.40189e-11 
2.628 	 9.85647e-12 	 4.16715e-11 
2.630 	 9.32091e-12 	 3.94509e-11 
2.632 	 8.81641e-12 	 3.73568e-11 
2.634 	 8.34242e-12 	 3.53873e-11 
2.636 	 7.89810e-12 	 3.35393e-11 
2.638 	 7.48240e-12 	 3.18088e-11 
2.640 	 7.09412e-12 	 3.01911e-11 
2.642 	 6.73193e-12 	 2.86808e-11 
2.644 	 6.39441e-12 	 2.72725e-11 
2.646 	 6.08012e-12 	 2.59601e-11 
2.648 	 5.78754e-12 	 2.47376e-11 
2.650 	 5.51514e-12 	 2.35988e-11 
2.652 	 5.26137e-12 	 2.25373e-11 
2.654 	 5.02466e-12 	 2.15465e-11 
2.656 	 4.80343e-12 	 2.06200e-11 
2.658 	 4.59612e-12 	 1.97513e-11 
2.660 	 4.40118e-12 	 1.89339e-11 
2.662 	 4.21711e-12 	 1.81615e-11 
2.664 	 4.04247e-12 	 1.74280e-11 
2.666 	 3.87592e-12 	 1.67279e-11 
2.668 	 3.71627e-12 	 1.60559e-11 
2.670 	 3.56246e-12 	 1.54078e-11 
2.672 	 3.41365e-12 	 1.47798e-11 
2.674 	 3.26920e-12 	 1.41693e-11 
2.676 	 3.12866e-12 	 1.35745e-11 
2.678 	 2.99179e-12 	 1.29943e-11 
2.680 	 2.85850e-12 	 1.24284e-11 
2.682 	 2.72886e-12 	 1.18771e-11 
2.684 	 2.60300e-12 	 1.13411e-11 
2.686 	 2.48113e-12 	 1.08214e-11 
2.688 	 2.36344e-12 	 1.03187e-11 
2.690 	 2.25013e-12 	 9.83419e-12 
2.692 	 2.14135e-12 	 9.36845e-12 
2.694 	 2.03722e-12 	 8.92205e-12 
2.696 	 1.93778e-12 	 8.49531e-12 
2.698 	 1.84305e-12 	 8.08829e-12 
2.700 	 1.75297e-12 	 7.70086e-12 
