Energy [eV] EELS_b EELS_a 
2.500 	 6.54826e-08 	 2.34013e-06 
2.502 	 6.74242e-08 	 2.41405e-06 
2.504 	 6.94585e-08 	 2.49153e-06 
2.506 	 7.15907e-08 	 2.57278e-06 
2.508 	 7.38264e-08 	 2.65801e-06 
2.510 	 7.61715e-08 	 2.74747e-06 
2.512 	 7.86321e-08 	 2.84137e-06 
2.514 	 8.12146e-08 	 2.93999e-06 
2.516 	 8.39258e-08 	 3.04357e-06 
2.519 	 8.67725e-08 	 3.15241e-06 
2.521 	 8.97620e-08 	 3.26678e-06 
2.523 	 9.29017e-08 	 3.38697e-06 
2.525 	 9.61991e-08 	 3.51329e-06 
2.527 	 9.96617e-08 	 3.64605e-06 
2.529 	 1.03297e-07 	 3.78554e-06 
2.531 	 1.07113e-07 	 3.93209e-06 
2.533 	 1.11116e-07 	 4.08597e-06 
2.535 	 1.15312e-07 	 4.24748e-06 
2.537 	 1.19709e-07 	 4.41688e-06 
2.539 	 1.24309e-07 	 4.59438e-06 
2.541 	 1.29118e-07 	 4.78018e-06 
2.543 	 1.34137e-07 	 4.97439e-06 
2.545 	 1.39364e-07 	 5.17705e-06 
2.547 	 1.44797e-07 	 5.38810e-06 
2.549 	 1.50428e-07 	 5.60737e-06 
2.551 	 1.56245e-07 	 5.83451e-06 
2.553 	 1.62234e-07 	 6.06903e-06 
2.555 	 1.68370e-07 	 6.31019e-06 
2.557 	 1.74625e-07 	 6.55702e-06 
2.559 	 1.80962e-07 	 6.80828e-06 
2.561 	 1.87335e-07 	 7.06241e-06 
2.563 	 1.93691e-07 	 7.31751e-06 
2.565 	 1.99964e-07 	 7.57132e-06 
2.567 	 2.06083e-07 	 7.82123e-06 
2.569 	 2.11965e-07 	 8.06427e-06 
2.571 	 2.17520e-07 	 8.29716e-06 
2.573 	 2.22652e-07 	 8.51633e-06 
2.575 	 2.27264e-07 	 8.71804e-06 
2.577 	 2.31255e-07 	 8.89850e-06 
2.579 	 2.34532e-07 	 9.05394e-06 
2.581 	 2.37008e-07 	 9.18085e-06 
2.583 	 2.38609e-07 	 9.27608e-06 
2.585 	 2.39280e-07 	 9.33707e-06 
2.587 	 2.38985e-07 	 9.36191e-06 
2.589 	 2.37712e-07 	 9.34955e-06 
2.591 	 2.35473e-07 	 9.29981e-06 
2.593 	 2.32304e-07 	 9.21344e-06 
2.595 	 2.28265e-07 	 9.09207e-06 
2.597 	 2.23433e-07 	 8.93810e-06 
2.599 	 2.17901e-07 	 8.75464e-06 
2.601 	 2.11773e-07 	 8.54529e-06 
2.603 	 2.05159e-07 	 8.31397e-06 
2.605 	 1.98169e-07 	 8.06480e-06 
2.607 	 1.90910e-07 	 7.80188e-06 
2.609 	 1.83484e-07 	 7.52916e-06 
2.611 	 1.75983e-07 	 7.25036e-06 
2.613 	 1.68490e-07 	 6.96887e-06 
2.615 	 1.61076e-07 	 6.68770e-06 
2.618 	 1.53800e-07 	 6.40945e-06 
2.620 	 1.46713e-07 	 6.13630e-06 
2.622 	 1.39852e-07 	 5.87007e-06 
2.624 	 1.33248e-07 	 5.61219e-06 
2.626 	 1.26921e-07 	 5.36374e-06 
2.628 	 1.20885e-07 	 5.12554e-06 
2.630 	 1.15150e-07 	 4.89813e-06 
2.632 	 1.09717e-07 	 4.68184e-06 
2.634 	 1.04586e-07 	 4.47681e-06 
2.636 	 9.97530e-08 	 4.28303e-06 
2.638 	 9.52101e-08 	 4.10036e-06 
2.640 	 9.09484e-08 	 3.92857e-06 
2.642 	 8.69570e-08 	 3.76733e-06 
2.644 	 8.32239e-08 	 3.61624e-06 
2.646 	 7.97356e-08 	 3.47485e-06 
2.648 	 7.64780e-08 	 3.34263e-06 
2.650 	 7.34359e-08 	 3.21904e-06 
2.652 	 7.05935e-08 	 3.10346e-06 
2.654 	 6.79342e-08 	 2.99523e-06 
2.656 	 6.54410e-08 	 2.89368e-06 
2.658 	 6.30960e-08 	 2.79808e-06 
2.660 	 6.08815e-08 	 2.70767e-06 
2.662 	 5.87794e-08 	 2.62171e-06 
2.664 	 5.67724e-08 	 2.53944e-06 
2.666 	 5.48437e-08 	 2.46014e-06 
2.668 	 5.29784e-08 	 2.38316e-06 
2.670 	 5.11632e-08 	 2.30792e-06 
2.672 	 4.93874e-08 	 2.23394e-06 
2.674 	 4.76430e-08 	 2.16088e-06 
2.676 	 4.59248e-08 	 2.08852e-06 
2.678 	 4.42306e-08 	 2.01675e-06 
2.680 	 4.25604e-08 	 1.94561e-06 
2.682 	 4.09163e-08 	 1.87521e-06 
2.684 	 3.93018e-08 	 1.80572e-06 
2.686 	 3.77212e-08 	 1.73736e-06 
2.688 	 3.61792e-08 	 1.67038e-06 
2.690 	 3.46803e-08 	 1.60500e-06 
2.692 	 3.32282e-08 	 1.54142e-06 
2.694 	 3.18263e-08 	 1.47982e-06 
2.696 	 3.04770e-08 	 1.42034e-06 
2.698 	 2.91817e-08 	 1.36307e-06 
2.700 	 2.79412e-08 	 1.30807e-06 
