Energy [eV] EELS_b EELS_a 
2.500 	 8.56691e-09 	 3.55986e-08 
2.502 	 8.79854e-09 	 3.65990e-08 
2.504 	 9.04073e-09 	 3.76455e-08 
2.506 	 9.29405e-09 	 3.87406e-08 
2.508 	 9.55910e-09 	 3.98870e-08 
2.510 	 9.83650e-09 	 4.10874e-08 
2.512 	 1.01269e-08 	 4.23448e-08 
2.514 	 1.04309e-08 	 4.36620e-08 
2.516 	 1.07493e-08 	 4.50423e-08 
2.519 	 1.10828e-08 	 4.64889e-08 
2.521 	 1.14321e-08 	 4.80050e-08 
2.523 	 1.17979e-08 	 4.95940e-08 
2.525 	 1.21810e-08 	 5.12594e-08 
2.527 	 1.25822e-08 	 5.30046e-08 
2.529 	 1.30021e-08 	 5.48329e-08 
2.531 	 1.34415e-08 	 5.67476e-08 
2.533 	 1.39009e-08 	 5.87518e-08 
2.535 	 1.43811e-08 	 6.08483e-08 
2.537 	 1.48824e-08 	 6.30395e-08 
2.539 	 1.54053e-08 	 6.53274e-08 
2.541 	 1.59499e-08 	 6.77133e-08 
2.543 	 1.65163e-08 	 7.01976e-08 
2.545 	 1.71041e-08 	 7.27795e-08 
2.547 	 1.77128e-08 	 7.54571e-08 
2.549 	 1.83414e-08 	 7.82268e-08 
2.551 	 1.89885e-08 	 8.10829e-08 
2.553 	 1.96522e-08 	 8.40176e-08 
2.555 	 2.03299e-08 	 8.70204e-08 
2.557 	 2.10183e-08 	 9.00778e-08 
2.559 	 2.17134e-08 	 9.31726e-08 
2.561 	 2.24103e-08 	 9.62843e-08 
2.563 	 2.31032e-08 	 9.93881e-08 
2.565 	 2.37854e-08 	 1.02455e-07 
2.567 	 2.44492e-08 	 1.05452e-07 
2.569 	 2.50861e-08 	 1.08342e-07 
2.571 	 2.56867e-08 	 1.11084e-07 
2.573 	 2.62412e-08 	 1.13634e-07 
2.575 	 2.67392e-08 	 1.15947e-07 
2.577 	 2.71706e-08 	 1.17978e-07 
2.579 	 2.75252e-08 	 1.19680e-07 
2.581 	 2.77940e-08 	 1.21013e-07 
2.583 	 2.79688e-08 	 1.21939e-07 
2.585 	 2.80433e-08 	 1.22429e-07 
2.587 	 2.80131e-08 	 1.22460e-07 
2.589 	 2.78761e-08 	 1.22021e-07 
2.591 	 2.76328e-08 	 1.21113e-07 
2.593 	 2.72860e-08 	 1.19745e-07 
2.595 	 2.68411e-08 	 1.17940e-07 
2.597 	 2.63056e-08 	 1.15727e-07 
2.599 	 2.56888e-08 	 1.13148e-07 
2.601 	 2.50012e-08 	 1.10247e-07 
2.603 	 2.42545e-08 	 1.07075e-07 
2.605 	 2.34605e-08 	 1.03685e-07 
2.607 	 2.26311e-08 	 1.00127e-07 
2.609 	 2.17777e-08 	 9.64527e-08 
2.611 	 2.09110e-08 	 9.27094e-08 
2.613 	 2.00405e-08 	 8.89402e-08 
2.615 	 1.91749e-08 	 8.51833e-08 
2.618 	 1.83215e-08 	 8.14721e-08 
2.620 	 1.74864e-08 	 7.78344e-08 
2.622 	 1.66747e-08 	 7.42930e-08 
2.624 	 1.58904e-08 	 7.08661e-08 
2.626 	 1.51363e-08 	 6.75676e-08 
2.628 	 1.44146e-08 	 6.44072e-08 
2.630 	 1.37266e-08 	 6.13918e-08 
2.632 	 1.30731e-08 	 5.85251e-08 
2.634 	 1.24543e-08 	 5.58084e-08 
2.636 	 1.18700e-08 	 5.32412e-08 
2.638 	 1.13195e-08 	 5.08213e-08 
2.640 	 1.08019e-08 	 4.85452e-08 
2.642 	 1.03162e-08 	 4.64083e-08 
2.644 	 9.86109e-09 	 4.44050e-08 
2.646 	 9.43502e-09 	 4.25292e-08 
2.648 	 9.03644e-09 	 4.07740e-08 
2.650 	 8.66363e-09 	 3.91320e-08 
2.652 	 8.31481e-09 	 3.75955e-08 
2.654 	 7.98806e-09 	 3.61559e-08 
2.656 	 7.68141e-09 	 3.48047e-08 
2.658 	 7.39284e-09 	 3.35329e-08 
2.660 	 7.12027e-09 	 3.23312e-08 
2.662 	 6.86165e-09 	 3.11903e-08 
2.664 	 6.61495e-09 	 3.01014e-08 
2.666 	 6.37827e-09 	 2.90558e-08 
2.668 	 6.14988e-09 	 2.80456e-08 
2.670 	 5.92824e-09 	 2.70640e-08 
2.672 	 5.71212e-09 	 2.61054e-08 
2.674 	 5.50059e-09 	 2.51654e-08 
2.676 	 5.29302e-09 	 2.42415e-08 
2.678 	 5.08912e-09 	 2.33321e-08 
2.680 	 4.88886e-09 	 2.24374e-08 
2.682 	 4.69243e-09 	 2.15582e-08 
2.684 	 4.50018e-09 	 2.06961e-08 
2.686 	 4.31254e-09 	 1.98534e-08 
2.688 	 4.13000e-09 	 1.90323e-08 
2.690 	 3.95301e-09 	 1.82349e-08 
2.692 	 3.78194e-09 	 1.74632e-08 
2.694 	 3.61713e-09 	 1.67187e-08 
2.696 	 3.45878e-09 	 1.60026e-08 
2.698 	 3.30704e-09 	 1.53156e-08 
2.700 	 3.16195e-09 	 1.46580e-08 
