Energy [eV] EELS_b EELS_a 
2.500 	 4.70340e-14 	 6.44480e-11 
2.502 	 4.72090e-14 	 6.50824e-11 
2.504 	 4.74159e-14 	 6.57663e-11 
2.506 	 4.76497e-14 	 6.64939e-11 
2.508 	 4.79063e-14 	 6.72590e-11 
2.510 	 4.81919e-14 	 6.80739e-11 
2.512 	 4.85092e-14 	 6.89406e-11 
2.514 	 4.88564e-14 	 6.98576e-11 
2.516 	 4.92371e-14 	 7.08330e-11 
2.519 	 4.96498e-14 	 7.18649e-11 
2.521 	 5.00998e-14 	 7.29589e-11 
2.523 	 5.05814e-14 	 7.41127e-11 
2.525 	 5.11037e-14 	 7.53371e-11 
2.527 	 5.16639e-14 	 7.66306e-11 
2.529 	 5.22668e-14 	 7.80006e-11 
2.531 	 5.29120e-14 	 7.94490e-11 
2.533 	 5.36033e-14 	 8.09819e-11 
2.535 	 5.43416e-14 	 8.26020e-11 
2.537 	 5.51291e-14 	 8.43147e-11 
2.539 	 5.59668e-14 	 8.61231e-11 
2.541 	 5.68594e-14 	 8.80371e-11 
2.543 	 5.78122e-14 	 9.00618e-11 
2.545 	 5.88233e-14 	 9.22012e-11 
2.547 	 5.98968e-14 	 9.44621e-11 
2.549 	 6.10372e-14 	 9.68538e-11 
2.551 	 6.22455e-14 	 9.93786e-11 
2.553 	 6.35256e-14 	 1.02047e-10 
2.555 	 6.48813e-14 	 1.04864e-10 
2.557 	 6.63155e-14 	 1.07839e-10 
2.559 	 6.78307e-14 	 1.10978e-10 
2.561 	 6.94306e-14 	 1.14290e-10 
2.563 	 7.11174e-14 	 1.17779e-10 
2.565 	 7.28942e-14 	 1.21454e-10 
2.567 	 7.47626e-14 	 1.25318e-10 
2.569 	 7.67245e-14 	 1.29379e-10 
2.571 	 7.87794e-14 	 1.33636e-10 
2.573 	 8.09296e-14 	 1.38096e-10 
2.575 	 8.31710e-14 	 1.42753e-10 
2.577 	 8.55016e-14 	 1.47605e-10 
2.579 	 8.79169e-14 	 1.52644e-10 
2.581 	 9.04087e-14 	 1.57858e-10 
2.583 	 9.29673e-14 	 1.63229e-10 
2.585 	 9.55788e-14 	 1.68732e-10 
2.587 	 9.82275e-14 	 1.74338e-10 
2.589 	 1.00892e-13 	 1.80005e-10 
2.591 	 1.03545e-13 	 1.85686e-10 
2.593 	 1.06158e-13 	 1.91324e-10 
2.595 	 1.08696e-13 	 1.96853e-10 
2.597 	 1.11118e-13 	 2.02195e-10 
2.599 	 1.13380e-13 	 2.07266e-10 
2.601 	 1.15435e-13 	 2.11977e-10 
2.603 	 1.17231e-13 	 2.16229e-10 
2.605 	 1.18718e-13 	 2.19926e-10 
2.607 	 1.19844e-13 	 2.22973e-10 
2.609 	 1.20567e-13 	 2.25284e-10 
2.611 	 1.20843e-13 	 2.26779e-10 
2.613 	 1.20640e-13 	 2.27391e-10 
2.615 	 1.19939e-13 	 2.27080e-10 
2.618 	 1.18729e-13 	 2.25820e-10 
2.620 	 1.17017e-13 	 2.23612e-10 
2.622 	 1.14820e-13 	 2.20482e-10 
2.624 	 1.12169e-13 	 2.16472e-10 
2.626 	 1.09109e-13 	 2.11657e-10 
2.628 	 1.05692e-13 	 2.06120e-10 
2.630 	 1.01978e-13 	 1.99963e-10 
2.632 	 9.80324e-14 	 1.93297e-10 
2.634 	 9.39186e-14 	 1.86236e-10 
2.636 	 8.96996e-14 	 1.78893e-10 
2.638 	 8.54366e-14 	 1.71380e-10 
2.640 	 8.11821e-14 	 1.63798e-10 
2.642 	 7.69841e-14 	 1.56240e-10 
2.644 	 7.28823e-14 	 1.48785e-10 
2.646 	 6.89099e-14 	 1.41501e-10 
2.648 	 6.50913e-14 	 1.34443e-10 
2.650 	 6.14450e-14 	 1.27652e-10 
2.652 	 5.79833e-14 	 1.21160e-10 
2.654 	 5.47121e-14 	 1.14984e-10 
2.656 	 5.16344e-14 	 1.09138e-10 
2.658 	 4.87473e-14 	 1.03621e-10 
2.660 	 4.60458e-14 	 9.84306e-11 
2.662 	 4.35225e-14 	 9.35562e-11 
2.664 	 4.11685e-14 	 8.89855e-11 
2.666 	 3.89715e-14 	 8.46971e-11 
2.668 	 3.69211e-14 	 8.06741e-11 
2.670 	 3.50042e-14 	 7.68934e-11 
2.672 	 3.32091e-14 	 7.33334e-11 
2.674 	 3.15238e-14 	 6.99727e-11 
2.676 	 2.99364e-14 	 6.67880e-11 
2.678 	 2.84378e-14 	 6.37635e-11 
2.680 	 2.70178e-14 	 6.08798e-11 
2.682 	 2.56696e-14 	 5.81239e-11 
2.684 	 2.43862e-14 	 5.54841e-11 
2.686 	 2.31620e-14 	 5.29499e-11 
2.688 	 2.19952e-14 	 5.05191e-11 
2.690 	 2.08806e-14 	 4.81844e-11 
2.692 	 1.98168e-14 	 4.59431e-11 
2.694 	 1.88004e-14 	 4.37910e-11 
2.696 	 1.78344e-14 	 4.17348e-11 
2.698 	 1.69130e-14 	 3.97659e-11 
2.700 	 1.60363e-14 	 3.78839e-11 
