Energy [eV] EELS_b EELS_a 
2.500 	 6.58302e-06 	 8.30500e-05 
2.502 	 6.79340e-06 	 8.59437e-05 
2.504 	 7.01413e-06 	 8.89864e-05 
2.506 	 7.24584e-06 	 9.21877e-05 
2.508 	 7.48920e-06 	 9.55575e-05 
2.510 	 7.74492e-06 	 9.91068e-05 
2.512 	 8.01376e-06 	 1.02847e-04 
2.514 	 8.29651e-06 	 1.06790e-04 
2.516 	 8.59403e-06 	 1.10950e-04 
2.519 	 8.90722e-06 	 1.15339e-04 
2.521 	 9.23702e-06 	 1.19972e-04 
2.523 	 9.58443e-06 	 1.24866e-04 
2.525 	 9.95048e-06 	 1.30035e-04 
2.527 	 1.03363e-05 	 1.35498e-04 
2.529 	 1.07429e-05 	 1.41270e-04 
2.531 	 1.11716e-05 	 1.47372e-04 
2.533 	 1.16235e-05 	 1.53820e-04 
2.535 	 1.20999e-05 	 1.60634e-04 
2.537 	 1.26018e-05 	 1.67834e-04 
2.539 	 1.31305e-05 	 1.75437e-04 
2.541 	 1.36872e-05 	 1.83461e-04 
2.543 	 1.42728e-05 	 1.91922e-04 
2.545 	 1.48883e-05 	 2.00836e-04 
2.547 	 1.55344e-05 	 2.10212e-04 
2.549 	 1.62115e-05 	 2.20058e-04 
2.551 	 1.69199e-05 	 2.30376e-04 
2.553 	 1.76593e-05 	 2.41160e-04 
2.555 	 1.84290e-05 	 2.52398e-04 
2.557 	 1.92275e-05 	 2.64064e-04 
2.559 	 2.00527e-05 	 2.76123e-04 
2.561 	 2.09015e-05 	 2.88521e-04 
2.563 	 2.17700e-05 	 3.01190e-04 
2.565 	 2.26528e-05 	 3.14042e-04 
2.567 	 2.35434e-05 	 3.26967e-04 
2.569 	 2.44338e-05 	 3.39833e-04 
2.571 	 2.53147e-05 	 3.52485e-04 
2.573 	 2.61753e-05 	 3.64749e-04 
2.575 	 2.70035e-05 	 3.76430e-04 
2.577 	 2.77861e-05 	 3.87319e-04 
2.579 	 2.85091e-05 	 3.97201e-04 
2.581 	 2.91581e-05 	 4.05861e-04 
2.583 	 2.97191e-05 	 4.13095e-04 
2.585 	 3.01787e-05 	 4.18719e-04 
2.587 	 3.05251e-05 	 4.22584e-04 
2.589 	 3.07488e-05 	 4.24579e-04 
2.591 	 3.08430e-05 	 4.24644e-04 
2.593 	 3.08039e-05 	 4.22772e-04 
2.595 	 3.06315e-05 	 4.19011e-04 
2.597 	 3.03290e-05 	 4.13457e-04 
2.599 	 2.99032e-05 	 4.06253e-04 
2.601 	 2.93637e-05 	 3.97578e-04 
2.603 	 2.87224e-05 	 3.87635e-04 
2.605 	 2.79930e-05 	 3.76643e-04 
2.607 	 2.71904e-05 	 3.64824e-04 
2.609 	 2.63297e-05 	 3.52398e-04 
2.611 	 2.54259e-05 	 3.39569e-04 
2.613 	 2.44931e-05 	 3.26527e-04 
2.615 	 2.35445e-05 	 3.13440e-04 
2.618 	 2.25918e-05 	 3.00452e-04 
2.620 	 2.16453e-05 	 2.87686e-04 
2.622 	 2.07136e-05 	 2.75240e-04 
2.624 	 1.98040e-05 	 2.63195e-04 
2.626 	 1.89221e-05 	 2.51609e-04 
2.628 	 1.80724e-05 	 2.40527e-04 
2.630 	 1.72580e-05 	 2.29977e-04 
2.632 	 1.64813e-05 	 2.19978e-04 
2.634 	 1.57435e-05 	 2.10536e-04 
2.636 	 1.50454e-05 	 2.01651e-04 
2.638 	 1.43868e-05 	 1.93315e-04 
2.640 	 1.37674e-05 	 1.85517e-04 
2.642 	 1.31863e-05 	 1.78238e-04 
2.644 	 1.26421e-05 	 1.71457e-04 
2.646 	 1.21334e-05 	 1.65152e-04 
2.648 	 1.16584e-05 	 1.59294e-04 
2.650 	 1.12153e-05 	 1.53855e-04 
2.652 	 1.08017e-05 	 1.48802e-04 
2.654 	 1.04154e-05 	 1.44100e-04 
2.656 	 1.00538e-05 	 1.39713e-04 
2.658 	 9.71445e-06 	 1.35602e-04 
2.660 	 9.39453e-06 	 1.31727e-04 
2.662 	 9.09130e-06 	 1.28045e-04 
2.664 	 8.80203e-06 	 1.24517e-04 
2.666 	 8.52409e-06 	 1.21102e-04 
2.668 	 8.25505e-06 	 1.17765e-04 
2.670 	 7.99277e-06 	 1.14473e-04 
2.672 	 7.73547e-06 	 1.11201e-04 
2.674 	 7.48182e-06 	 1.07930e-04 
2.676 	 7.23093e-06 	 1.04649e-04 
2.678 	 6.98236e-06 	 1.01353e-04 
2.680 	 6.73610e-06 	 9.80461e-05 
2.682 	 6.49246e-06 	 9.47355e-05 
2.684 	 6.25202e-06 	 9.14339e-05 
2.686 	 6.01550e-06 	 8.81559e-05 
2.688 	 5.78370e-06 	 8.49171e-05 
2.690 	 5.55738e-06 	 8.17330e-05 
2.692 	 5.33728e-06 	 7.86174e-05 
2.694 	 5.12398e-06 	 7.55826e-05 
2.696 	 4.91797e-06 	 7.26383e-05 
2.698 	 4.71959e-06 	 6.97923e-05 
2.700 	 4.52906e-06 	 6.70499e-05 
