Energy [eV] Ext Cross [um^2] Abs Cross [um^2] Sca Cross [um^2] 
3.000 	 1.48003e-04 	 1.47547e-04 	 4.56029e-07 
2.960 	 1.59382e-04 	 1.58150e-04 	 1.23211e-06 
2.922 	 1.73774e-04 	 1.71214e-04 	 2.55987e-06 
2.884 	 1.94685e-04 	 1.90137e-04 	 4.54860e-06 
2.848 	 2.26639e-04 	 2.19267e-04 	 7.37197e-06 
2.812 	 2.83670e-04 	 2.72043e-04 	 1.16266e-05 
2.777 	 4.09690e-04 	 3.90806e-04 	 1.88833e-05 
2.743 	 7.31039e-04 	 6.98063e-04 	 3.29765e-05 
2.710 	 1.03105e-03 	 9.88564e-04 	 4.24886e-05 
2.678 	 6.35421e-04 	 6.06480e-04 	 2.89402e-05 
2.646 	 4.13036e-04 	 3.88430e-04 	 2.46052e-05 
2.615 	 3.37819e-04 	 3.11856e-04 	 2.59634e-05 
2.585 	 3.13358e-04 	 2.84054e-04 	 2.93040e-05 
2.556 	 3.09087e-04 	 2.75506e-04 	 3.35815e-05 
2.527 	 3.14602e-04 	 2.76126e-04 	 3.84754e-05 
2.499 	 3.25769e-04 	 2.81890e-04 	 4.38794e-05 
2.471 	 3.40840e-04 	 2.91075e-04 	 4.97654e-05 
2.444 	 3.59045e-04 	 3.02906e-04 	 5.61392e-05 
2.418 	 3.80035e-04 	 3.17015e-04 	 6.30205e-05 
2.392 	 4.03437e-04 	 3.32985e-04 	 7.04524e-05 
2.367 	 4.29508e-04 	 3.51015e-04 	 7.84927e-05 
2.342 	 4.58471e-04 	 3.71270e-04 	 8.72008e-05 
2.318 	 4.90568e-04 	 3.93915e-04 	 9.66524e-05 
2.294 	 5.26146e-04 	 4.19203e-04 	 1.06943e-04 
2.271 	 5.65695e-04 	 4.47503e-04 	 1.18191e-04 
2.248 	 6.09796e-04 	 4.79260e-04 	 1.30537e-04 
2.226 	 6.59129e-04 	 5.14980e-04 	 1.44149e-04 
2.204 	 7.14461e-04 	 5.55219e-04 	 1.59242e-04 
2.182 	 7.77033e-04 	 6.00982e-04 	 1.76052e-04 
2.161 	 8.50505e-04 	 6.55630e-04 	 1.94874e-04 
2.141 	 9.37897e-04 	 7.21644e-04 	 2.16254e-04 
2.121 	 1.03991e-03 	 7.99113e-04 	 2.40798e-04 
2.101 	 1.16043e-03 	 8.91210e-04 	 2.69225e-04 
2.081 	 1.30558e-03 	 1.00303e-03 	 3.02546e-04 
2.062 	 1.48378e-03 	 1.14161e-03 	 3.42177e-04 
2.043 	 1.70725e-03 	 1.31713e-03 	 3.90116e-04 
2.025 	 1.99424e-03 	 1.54499e-03 	 4.49251e-04 
2.007 	 2.37317e-03 	 1.84931e-03 	 5.23866e-04 
1.989 	 2.88982e-03 	 2.26935e-03 	 6.20467e-04 
1.971 	 3.62021e-03 	 2.87116e-03 	 7.49049e-04 
1.954 	 4.69227e-03 	 3.76758e-03 	 9.24689e-04 
1.937 	 6.30771e-03 	 5.14013e-03 	 1.16758e-03 
1.921 	 8.69780e-03 	 7.20169e-03 	 1.49610e-03 
1.904 	 1.19998e-02 	 1.00780e-02 	 1.92176e-03 
1.888 	 1.61433e-02 	 1.37426e-02 	 2.40066e-03 
1.873 	 1.91075e-02 	 1.65276e-02 	 2.57993e-03 
1.857 	 1.74998e-02 	 1.54094e-02 	 2.09040e-03 
1.842 	 1.30017e-02 	 1.16561e-02 	 1.34562e-03 
1.827 	 9.07369e-03 	 8.27000e-03 	 8.03689e-04 
1.812 	 6.49606e-03 	 6.00286e-03 	 4.93195e-04 
1.798 	 4.90789e-03 	 4.58148e-03 	 3.26409e-04 
1.783 	 3.92570e-03 	 3.68661e-03 	 2.39091e-04 
1.769 	 3.30862e-03 	 3.11263e-03 	 1.95982e-04 
1.755 	 2.91831e-03 	 2.73973e-03 	 1.78583e-04 
1.742 	 2.67537e-03 	 2.49831e-03 	 1.77057e-04 
1.728 	 2.53312e-03 	 2.34708e-03 	 1.86045e-04 
1.715 	 2.46345e-03 	 2.26087e-03 	 2.02580e-04 
1.702 	 2.44912e-03 	 2.22409e-03 	 2.25031e-04 
1.689 	 2.47954e-03 	 2.22698e-03 	 2.52563e-04 
1.677 	 2.54841e-03 	 2.26357e-03 	 2.84834e-04 
1.664 	 2.65230e-03 	 2.33045e-03 	 3.21850e-04 
1.652 	 2.78993e-03 	 2.42606e-03 	 3.63872e-04 
1.640 	 2.96166e-03 	 2.55027e-03 	 4.11386e-04 
1.628 	 3.16929e-03 	 2.70420e-03 	 4.65087e-04 
1.616 	 3.41601e-03 	 2.89011e-03 	 5.25896e-04 
1.605 	 3.70644e-03 	 3.11145e-03 	 5.94992e-04 
1.593 	 4.04685e-03 	 3.37298e-03 	 6.73862e-04 
1.582 	 4.44540e-03 	 3.68103e-03 	 7.64376e-04 
1.571 	 4.91265e-03 	 4.04377e-03 	 8.68886e-04 
1.560 	 5.46210e-03 	 4.47174e-03 	 9.90363e-04 
1.549 	 6.11112e-03 	 4.97853e-03 	 1.13259e-03 
1.539 	 6.88211e-03 	 5.58168e-03 	 1.30043e-03 
1.528 	 7.80420e-03 	 6.30403e-03 	 1.50017e-03 
1.518 	 8.91557e-03 	 7.17552e-03 	 1.74005e-03 
1.508 	 1.02666e-02 	 8.23569e-03 	 2.03092e-03 
1.497 	 1.19244e-02 	 9.53719e-03 	 2.38726e-03 
1.488 	 1.39790e-02 	 1.11505e-02 	 2.82845e-03 
1.478 	 1.65512e-02 	 1.31706e-02 	 3.38060e-03 
1.468 	 1.98031e-02 	 1.57244e-02 	 4.07873e-03 
1.459 	 2.39484e-02 	 1.89793e-02 	 4.96916e-03 
1.449 	 2.92577e-02 	 2.31471e-02 	 6.11064e-03 
1.440 	 3.60404e-02 	 2.84696e-02 	 7.57076e-03 
1.431 	 4.45630e-02 	 3.51544e-02 	 9.40859e-03 
1.422 	 5.48241e-02 	 4.31976e-02 	 1.16265e-02 
1.413 	 6.61058e-02 	 5.20326e-02 	 1.40732e-02 
1.404 	 7.64379e-02 	 6.01106e-02 	 1.63272e-02 
1.395 	 8.27307e-02 	 6.50086e-02 	 1.77221e-02 
1.386 	 8.24814e-02 	 6.47697e-02 	 1.77117e-02 
1.378 	 7.59029e-02 	 5.95707e-02 	 1.63322e-02 
1.369 	 6.56902e-02 	 5.15319e-02 	 1.41583e-02 
1.361 	 5.47865e-02 	 4.29626e-02 	 1.18239e-02 
1.353 	 4.49470e-02 	 3.52367e-02 	 9.71030e-03 
1.345 	 3.67706e-02 	 2.88208e-02 	 7.94974e-03 
1.337 	 3.02293e-02 	 2.36906e-02 	 6.53864e-03 
1.329 	 2.50690e-02 	 1.96453e-02 	 5.42374e-03 
1.321 	 2.10035e-02 	 1.64593e-02 	 4.54421e-03 
1.313 	 1.77833e-02 	 1.39366e-02 	 3.84676e-03 
1.306 	 1.52108e-02 	 1.19218e-02 	 3.28903e-03 
1.298 	 1.31352e-02 	 1.02966e-02 	 2.83863e-03 
1.291 	 1.14432e-02 	 8.97207e-03 	 2.47117e-03 
1.283 	 1.00499e-02 	 7.88153e-03 	 2.16837e-03 
1.276 	 8.89132e-03 	 6.97488e-03 	 1.91644e-03 
1.269 	 7.91909e-03 	 6.21417e-03 	 1.70492e-03 
1.262 	 7.09625e-03 	 5.57043e-03 	 1.52582e-03 
1.255 	 6.39432e-03 	 5.02133e-03 	 1.37299e-03 
1.248 	 5.79110e-03 	 4.54949e-03 	 1.24162e-03 
1.241 	 5.26919e-03 	 4.14126e-03 	 1.12793e-03 
1.234 	 4.81476e-03 	 3.78584e-03 	 1.02892e-03 
1.227 	 4.41677e-03 	 3.47456e-03 	 9.42213e-04 
1.220 	 4.06632e-03 	 3.20045e-03 	 8.65860e-04 
1.214 	 3.75616e-03 	 2.95786e-03 	 7.98293e-04 
1.207 	 3.48037e-03 	 2.74215e-03 	 7.38223e-04 
1.201 	 3.23407e-03 	 2.54948e-03 	 6.84588e-04 
1.194 	 3.01320e-03 	 2.37670e-03 	 6.36505e-04 
1.188 	 2.81439e-03 	 2.22115e-03 	 5.93238e-04 
1.182 	 2.63477e-03 	 2.08061e-03 	 5.54167e-04 
1.176 	 2.47197e-03 	 1.95320e-03 	 5.18769e-04 
1.169 	 2.32393e-03 	 1.83733e-03 	 4.86599e-04 
1.163 	 2.18891e-03 	 1.73163e-03 	 4.57278e-04 
1.157 	 2.06543e-03 	 1.63495e-03 	 4.30479e-04 
1.151 	 1.95220e-03 	 1.54628e-03 	 4.05923e-04 
1.146 	 1.84811e-03 	 1.46474e-03 	 3.83366e-04 
1.140 	 1.75218e-03 	 1.38959e-03 	 3.62598e-04 
1.134 	 1.66360e-03 	 1.32016e-03 	 3.43435e-04 
1.128 	 1.58160e-03 	 1.25589e-03 	 3.25717e-04 
1.123 	 1.50556e-03 	 1.19626e-03 	 3.09301e-04 
1.117 	 1.43491e-03 	 1.14084e-03 	 2.94064e-04 
1.112 	 1.36913e-03 	 1.08923e-03 	 2.79896e-04 
1.106 	 1.30779e-03 	 1.04109e-03 	 2.66699e-04 
1.101 	 1.25049e-03 	 9.96106e-04 	 2.54387e-04 
1.095 	 1.19689e-03 	 9.54003e-04 	 2.42883e-04 
1.090 	 1.14666e-03 	 9.14537e-04 	 2.32119e-04 
1.085 	 1.09952e-03 	 8.77487e-04 	 2.22031e-04 
1.079 	 1.05522e-03 	 8.42657e-04 	 2.12565e-04 
1.074 	 1.01354e-03 	 8.09867e-04 	 2.03671e-04 
1.069 	 9.74264e-04 	 7.78960e-04 	 1.95304e-04 
1.064 	 9.37213e-04 	 7.49789e-04 	 1.87424e-04 
1.059 	 9.02217e-04 	 7.22223e-04 	 1.79993e-04 
1.054 	 8.69124e-04 	 6.96145e-04 	 1.72979e-04 
1.049 	 8.37796e-04 	 6.71446e-04 	 1.66350e-04 
1.044 	 8.08107e-04 	 6.48028e-04 	 1.60080e-04 
1.039 	 7.79944e-04 	 6.25801e-04 	 1.54143e-04 
1.035 	 7.53200e-04 	 6.04684e-04 	 1.48516e-04 
1.030 	 7.27780e-04 	 5.84603e-04 	 1.43178e-04 
1.025 	 7.03597e-04 	 5.65488e-04 	 1.38110e-04 
1.020 	 6.80569e-04 	 5.47276e-04 	 1.33293e-04 
1.016 	 6.58623e-04 	 5.29910e-04 	 1.28713e-04 
1.011 	 6.37689e-04 	 5.13335e-04 	 1.24354e-04 
1.007 	 6.17705e-04 	 4.97504e-04 	 1.20201e-04 
1.002 	 5.98613e-04 	 4.82370e-04 	 1.16243e-04 
0.998 	 5.80358e-04 	 4.67891e-04 	 1.12467e-04 
0.993 	 5.62891e-04 	 4.54028e-04 	 1.08863e-04 
0.989 	 5.46166e-04 	 4.40746e-04 	 1.05420e-04 
0.985 	 5.30140e-04 	 4.28012e-04 	 1.02129e-04 
0.980 	 5.14774e-04 	 4.15793e-04 	 9.89809e-05 
0.976 	 5.00030e-04 	 4.04062e-04 	 9.59684e-05 
0.972 	 4.85875e-04 	 3.92792e-04 	 9.30836e-05 
0.968 	 4.72276e-04 	 3.81957e-04 	 9.03195e-05 
0.963 	 4.59204e-04 	 3.71535e-04 	 8.76696e-05 
0.959 	 4.46631e-04 	 3.61503e-04 	 8.51277e-05 
0.955 	 4.34531e-04 	 3.51843e-04 	 8.26881e-05 
0.951 	 4.22879e-04 	 3.42533e-04 	 8.03456e-05 
0.947 	 4.11653e-04 	 3.33558e-04 	 7.80951e-05 
0.943 	 4.00831e-04 	 3.24899e-04 	 7.59319e-05 
0.939 	 3.90394e-04 	 3.16542e-04 	 7.38517e-05 
0.935 	 3.80322e-04 	 3.08472e-04 	 7.18504e-05 
0.931 	 3.70598e-04 	 3.00674e-04 	 6.99240e-05 
0.928 	 3.61206e-04 	 2.93137e-04 	 6.80690e-05 
0.924 	 3.52129e-04 	 2.85847e-04 	 6.62820e-05 
0.920 	 3.43353e-04 	 2.78793e-04 	 6.45597e-05 
0.916 	 3.34864e-04 	 2.71965e-04 	 6.28991e-05 
0.913 	 3.26649e-04 	 2.65352e-04 	 6.12974e-05 
0.909 	 3.18697e-04 	 2.58945e-04 	 5.97518e-05 
0.905 	 3.10994e-04 	 2.52734e-04 	 5.82599e-05 
0.902 	 3.03530e-04 	 2.46711e-04 	 5.68192e-05 
0.898 	 2.96296e-04 	 2.40868e-04 	 5.54275e-05 
0.894 	 2.89280e-04 	 2.35198e-04 	 5.40826e-05 
0.891 	 2.82474e-04 	 2.29692e-04 	 5.27826e-05 
0.887 	 2.75870e-04 	 2.24344e-04 	 5.15254e-05 
0.884 	 2.69457e-04 	 2.19148e-04 	 5.03092e-05 
0.880 	 2.63230e-04 	 2.14097e-04 	 4.91325e-05 
0.877 	 2.57179e-04 	 2.09186e-04 	 4.79934e-05 
0.873 	 2.51299e-04 	 2.04408e-04 	 4.68905e-05 
0.870 	 2.45581e-04 	 1.99759e-04 	 4.58222e-05 
0.867 	 2.40021e-04 	 1.95234e-04 	 4.47873e-05 
0.863 	 2.34611e-04 	 1.90827e-04 	 4.37843e-05 
0.860 	 2.29346e-04 	 1.86534e-04 	 4.28119e-05 
0.857 	 2.24220e-04 	 1.82351e-04 	 4.18691e-05 
0.853 	 2.19228e-04 	 1.78273e-04 	 4.09546e-05 
0.850 	 2.14365e-04 	 1.74297e-04 	 4.00673e-05 
0.847 	 2.09626e-04 	 1.70419e-04 	 3.92062e-05 
0.844 	 2.05006e-04 	 1.66636e-04 	 3.83704e-05 
0.841 	 2.00501e-04 	 1.62943e-04 	 3.75588e-05 
0.838 	 1.96108e-04 	 1.59338e-04 	 3.67705e-05 
0.834 	 1.91822e-04 	 1.55817e-04 	 3.60048e-05 
0.831 	 1.87639e-04 	 1.52378e-04 	 3.52608e-05 
0.828 	 1.83555e-04 	 1.49018e-04 	 3.45377e-05 
0.825 	 1.79568e-04 	 1.45733e-04 	 3.38347e-05 
0.822 	 1.75674e-04 	 1.42523e-04 	 3.31512e-05 
0.819 	 1.71869e-04 	 1.39383e-04 	 3.24864e-05 
0.816 	 1.68152e-04 	 1.36312e-04 	 3.18397e-05 
0.813 	 1.64518e-04 	 1.33307e-04 	 3.12105e-05 
0.810 	 1.60965e-04 	 1.30366e-04 	 3.05981e-05 
0.807 	 1.57490e-04 	 1.27488e-04 	 3.00020e-05 
0.804 	 1.54091e-04 	 1.24669e-04 	 2.94217e-05 
0.802 	 1.50765e-04 	 1.21908e-04 	 2.88566e-05 
0.799 	 1.47510e-04 	 1.19204e-04 	 2.83062e-05 
0.796 	 1.44324e-04 	 1.16554e-04 	 2.77700e-05 
0.793 	 1.41204e-04 	 1.13956e-04 	 2.72475e-05 
0.790 	 1.38148e-04 	 1.11409e-04 	 2.67383e-05 
0.788 	 1.35154e-04 	 1.08912e-04 	 2.62420e-05 
0.785 	 1.32220e-04 	 1.06462e-04 	 2.57581e-05 
0.782 	 1.29345e-04 	 1.04059e-04 	 2.52863e-05 
0.779 	 1.26527e-04 	 1.01701e-04 	 2.48262e-05 
0.777 	 1.23763e-04 	 9.93859e-05 	 2.43773e-05 
0.774 	 1.21053e-04 	 9.71133e-05 	 2.39394e-05 
0.771 	 1.18394e-04 	 9.48817e-05 	 2.35121e-05 
0.769 	 1.15785e-04 	 9.26899e-05 	 2.30952e-05 
0.766 	 1.13225e-04 	 9.05367e-05 	 2.26881e-05 
0.763 	 1.10712e-04 	 8.84211e-05 	 2.22908e-05 
0.761 	 1.08245e-04 	 8.63420e-05 	 2.19028e-05 
0.758 	 1.05822e-04 	 8.42983e-05 	 2.15239e-05 
0.756 	 1.03443e-04 	 8.22891e-05 	 2.11539e-05 
0.753 	 1.01106e-04 	 8.03133e-05 	 2.07924e-05 
0.751 	 9.88093e-05 	 7.83700e-05 	 2.04392e-05 
0.748 	 9.65526e-05 	 7.64585e-05 	 2.00942e-05 
0.746 	 9.43346e-05 	 7.45777e-05 	 1.97569e-05 
0.743 	 9.21541e-05 	 7.27268e-05 	 1.94273e-05 
0.741 	 9.00101e-05 	 7.09050e-05 	 1.91050e-05 
0.738 	 8.79016e-05 	 6.91116e-05 	 1.87900e-05 
0.736 	 8.58277e-05 	 6.73458e-05 	 1.84819e-05 
0.733 	 8.37873e-05 	 6.56067e-05 	 1.81806e-05 
0.731 	 8.17797e-05 	 6.38938e-05 	 1.78859e-05 
0.729 	 7.98039e-05 	 6.22062e-05 	 1.75977e-05 
0.726 	 7.78590e-05 	 6.05434e-05 	 1.73156e-05 
0.724 	 7.59443e-05 	 5.89046e-05 	 1.70397e-05 
0.722 	 7.40589e-05 	 5.72893e-05 	 1.67696e-05 
0.719 	 7.22021e-05 	 5.56968e-05 	 1.65053e-05 
0.717 	 7.03731e-05 	 5.41266e-05 	 1.62466e-05 
0.715 	 6.85713e-05 	 5.25780e-05 	 1.59933e-05 
0.712 	 6.67958e-05 	 5.10506e-05 	 1.57453e-05 
0.710 	 6.50461e-05 	 4.95437e-05 	 1.55025e-05 
0.708 	 6.33215e-05 	 4.80569e-05 	 1.52646e-05 
0.706 	 6.16213e-05 	 4.65896e-05 	 1.50317e-05 
0.704 	 5.99450e-05 	 4.51414e-05 	 1.48036e-05 
0.701 	 5.82919e-05 	 4.37119e-05 	 1.45800e-05 
0.699 	 5.66615e-05 	 4.23004e-05 	 1.43610e-05 
0.697 	 5.50532e-05 	 4.09068e-05 	 1.41464e-05 
0.695 	 5.34665e-05 	 3.95304e-05 	 1.39361e-05 
0.693 	 5.19009e-05 	 3.81708e-05 	 1.37300e-05 
0.691 	 5.03558e-05 	 3.68278e-05 	 1.35280e-05 
0.688 	 4.88308e-05 	 3.55008e-05 	 1.33299e-05 
0.686 	 4.73253e-05 	 3.41896e-05 	 1.31358e-05 
0.684 	 4.58390e-05 	 3.28936e-05 	 1.29454e-05 
0.682 	 4.43714e-05 	 3.16127e-05 	 1.27587e-05 
0.680 	 4.29220e-05 	 3.03464e-05 	 1.25756e-05 
0.678 	 4.14904e-05 	 2.90944e-05 	 1.23960e-05 
0.676 	 4.00762e-05 	 2.78563e-05 	 1.22199e-05 
0.674 	 3.86790e-05 	 2.66319e-05 	 1.20471e-05 
0.672 	 3.72984e-05 	 2.54208e-05 	 1.18775e-05 
0.670 	 3.59340e-05 	 2.42228e-05 	 1.17112e-05 
0.668 	 3.45854e-05 	 2.30375e-05 	 1.15480e-05 
0.666 	 3.32524e-05 	 2.18646e-05 	 1.13878e-05 
0.664 	 3.19345e-05 	 2.07039e-05 	 1.12306e-05 
0.662 	 3.06314e-05 	 1.95551e-05 	 1.10762e-05 
0.660 	 2.93427e-05 	 1.84179e-05 	 1.09248e-05 
0.658 	 2.80682e-05 	 1.72922e-05 	 1.07760e-05 
0.656 	 2.68075e-05 	 1.61775e-05 	 1.06300e-05 
0.654 	 2.55604e-05 	 1.50737e-05 	 1.04867e-05 
0.652 	 2.43264e-05 	 1.39806e-05 	 1.03459e-05 
0.650 	 2.31055e-05 	 1.28978e-05 	 1.02076e-05 
0.649 	 2.18971e-05 	 1.18253e-05 	 1.00718e-05 
0.647 	 2.07012e-05 	 1.07627e-05 	 9.93845e-06 
0.645 	 1.95173e-05 	 9.70991e-06 	 9.80742e-06 
0.643 	 1.83453e-05 	 8.66663e-06 	 9.67871e-06 
0.641 	 1.71849e-05 	 7.63270e-06 	 9.55224e-06 
0.639 	 1.60359e-05 	 6.60791e-06 	 9.42799e-06 
0.638 	 1.48980e-05 	 5.59206e-06 	 9.30589e-06 
0.636 	 1.37709e-05 	 4.58498e-06 	 9.18590e-06 
0.634 	 1.26545e-05 	 3.58647e-06 	 9.06798e-06 
0.632 	 1.15484e-05 	 2.59635e-06 	 8.95208e-06 
0.630 	 1.04526e-05 	 1.61445e-06 	 8.83815e-06 
0.629 	 9.36675e-06 	 6.40591e-07 	 8.72616e-06 
0.627 	 8.29067e-06 	 -3.25392e-07 	 8.61606e-06 
0.625 	 7.22416e-06 	 -1.28366e-06 	 8.50782e-06 
0.623 	 6.16700e-06 	 -2.23438e-06 	 8.40139e-06 
0.622 	 5.11903e-06 	 -3.17771e-06 	 8.29673e-06 
0.620 	 4.08003e-06 	 -4.11379e-06 	 8.19382e-06 
0.618 	 3.04983e-06 	 -5.04278e-06 	 8.09261e-06 
0.616 	 2.02824e-06 	 -5.96482e-06 	 7.99306e-06 
0.615 	 1.01509e-06 	 -6.88006e-06 	 7.89515e-06 
0.613 	 1.02130e-08 	 -7.78863e-06 	 7.79884e-06 
0.611 	 -9.86569e-07 	 -8.69067e-06 	 7.70410e-06 
0.610 	 -1.97542e-06 	 -9.58631e-06 	 7.61089e-06 
0.608 	 -2.95649e-06 	 -1.04757e-05 	 7.51918e-06 
0.606 	 -3.92995e-06 	 -1.13589e-05 	 7.42895e-06 
0.605 	 -4.89595e-06 	 -1.22361e-05 	 7.34016e-06 
0.603 	 -5.85463e-06 	 -1.31074e-05 	 7.25279e-06 
0.602 	 -6.80614e-06 	 -1.39729e-05 	 7.16681e-06 
0.600 	 -7.75062e-06 	 -1.48328e-05 	 7.08218e-06 
