Energy [eV] EELS_b EELS_a 
2.500 	 2.37423e-08 	 1.00126e-07 
2.502 	 2.44151e-08 	 1.03062e-07 
2.504 	 2.51192e-08 	 1.06135e-07 
2.506 	 2.58563e-08 	 1.09354e-07 
2.508 	 2.66282e-08 	 1.12726e-07 
2.510 	 2.74368e-08 	 1.16260e-07 
2.512 	 2.82841e-08 	 1.19965e-07 
2.514 	 2.91721e-08 	 1.23850e-07 
2.516 	 3.01029e-08 	 1.27925e-07 
2.519 	 3.10789e-08 	 1.32199e-07 
2.521 	 3.21021e-08 	 1.36683e-07 
2.523 	 3.31750e-08 	 1.41388e-07 
2.525 	 3.42998e-08 	 1.46323e-07 
2.527 	 3.54789e-08 	 1.51499e-07 
2.529 	 3.67145e-08 	 1.56928e-07 
2.531 	 3.80088e-08 	 1.62619e-07 
2.533 	 3.93638e-08 	 1.68581e-07 
2.535 	 4.07815e-08 	 1.74825e-07 
2.537 	 4.22634e-08 	 1.81357e-07 
2.539 	 4.38107e-08 	 1.88184e-07 
2.541 	 4.54241e-08 	 1.95311e-07 
2.543 	 4.71037e-08 	 2.02738e-07 
2.545 	 4.88488e-08 	 2.10465e-07 
2.547 	 5.06577e-08 	 2.18484e-07 
2.549 	 5.25275e-08 	 2.26786e-07 
2.551 	 5.44540e-08 	 2.35353e-07 
2.553 	 5.64312e-08 	 2.44162e-07 
2.555 	 5.84514e-08 	 2.53179e-07 
2.557 	 6.05046e-08 	 2.62364e-07 
2.559 	 6.25782e-08 	 2.71663e-07 
2.561 	 6.46573e-08 	 2.81013e-07 
2.563 	 6.67240e-08 	 2.90338e-07 
2.565 	 6.87576e-08 	 2.99547e-07 
2.567 	 7.07345e-08 	 3.08539e-07 
2.569 	 7.26285e-08 	 3.17199e-07 
2.571 	 7.44111e-08 	 3.25402e-07 
2.573 	 7.60520e-08 	 3.33015e-07 
2.575 	 7.75202e-08 	 3.39899e-07 
2.577 	 7.87847e-08 	 3.45915e-07 
2.579 	 7.98158e-08 	 3.50930e-07 
2.581 	 8.05864e-08 	 3.54818e-07 
2.583 	 8.10734e-08 	 3.57473e-07 
2.585 	 8.12592e-08 	 3.58809e-07 
2.587 	 8.11321e-08 	 3.58768e-07 
2.589 	 8.06880e-08 	 3.57324e-07 
2.591 	 7.99300e-08 	 3.54482e-07 
2.593 	 7.88691e-08 	 3.50283e-07 
2.595 	 7.75231e-08 	 3.44800e-07 
2.597 	 7.59160e-08 	 3.38131e-07 
2.599 	 7.40769e-08 	 3.30401e-07 
2.601 	 7.20384e-08 	 3.21751e-07 
2.603 	 6.98354e-08 	 3.12333e-07 
2.605 	 6.75032e-08 	 3.02301e-07 
2.607 	 6.50765e-08 	 2.91811e-07 
2.609 	 6.25887e-08 	 2.81010e-07 
2.611 	 6.00702e-08 	 2.70036e-07 
2.613 	 5.75485e-08 	 2.59013e-07 
2.615 	 5.50476e-08 	 2.48050e-07 
2.618 	 5.25881e-08 	 2.37243e-07 
2.620 	 5.01870e-08 	 2.26668e-07 
2.622 	 4.78577e-08 	 2.16390e-07 
2.624 	 4.56110e-08 	 2.06458e-07 
2.626 	 4.34545e-08 	 1.96911e-07 
2.628 	 4.13937e-08 	 1.87774e-07 
2.630 	 3.94318e-08 	 1.79066e-07 
2.632 	 3.75705e-08 	 1.70794e-07 
2.634 	 3.58099e-08 	 1.62961e-07 
2.636 	 3.41490e-08 	 1.55566e-07 
2.638 	 3.25856e-08 	 1.48599e-07 
2.640 	 3.11170e-08 	 1.42051e-07 
2.642 	 2.97398e-08 	 1.35906e-07 
2.644 	 2.84502e-08 	 1.30149e-07 
2.646 	 2.72436e-08 	 1.24761e-07 
2.648 	 2.61156e-08 	 1.19722e-07 
2.650 	 2.50611e-08 	 1.15010e-07 
2.652 	 2.40747e-08 	 1.10602e-07 
2.654 	 2.31512e-08 	 1.06473e-07 
2.656 	 2.22845e-08 	 1.02598e-07 
2.658 	 2.14690e-08 	 9.89501e-08 
2.660 	 2.06985e-08 	 9.55027e-08 
2.662 	 1.99671e-08 	 9.22282e-08 
2.664 	 1.92689e-08 	 8.91000e-08 
2.666 	 1.85984e-08 	 8.60928e-08 
2.668 	 1.79504e-08 	 8.31834e-08 
2.670 	 1.73206e-08 	 8.03514e-08 
2.672 	 1.67053e-08 	 7.75803e-08 
2.674 	 1.61019e-08 	 7.48578e-08 
2.676 	 1.55087e-08 	 7.21759e-08 
2.678 	 1.49247e-08 	 6.95309e-08 
2.680 	 1.43501e-08 	 6.69230e-08 
2.682 	 1.37853e-08 	 6.43553e-08 
2.684 	 1.32317e-08 	 6.18334e-08 
2.686 	 1.26904e-08 	 5.93640e-08 
2.688 	 1.21631e-08 	 5.69541e-08 
2.690 	 1.16511e-08 	 5.46108e-08 
2.692 	 1.11557e-08 	 5.23402e-08 
2.694 	 1.06779e-08 	 5.01472e-08 
2.696 	 1.02184e-08 	 4.80358e-08 
2.698 	 9.77759e-09 	 4.60082e-08 
2.700 	 9.35578e-09 	 4.40658e-08 
