Energy [eV] EELS_b EELS_a 
2.500 	 1.14855e-11 	 3.96577e-09 
2.502 	 1.17486e-11 	 4.07326e-09 
2.504 	 1.20239e-11 	 4.18576e-09 
2.506 	 1.23121e-11 	 4.30358e-09 
2.508 	 1.26138e-11 	 4.42699e-09 
2.510 	 1.29298e-11 	 4.55632e-09 
2.512 	 1.32608e-11 	 4.69189e-09 
2.514 	 1.36077e-11 	 4.83403e-09 
2.516 	 1.39711e-11 	 4.98311e-09 
2.519 	 1.43519e-11 	 5.13948e-09 
2.521 	 1.47511e-11 	 5.30353e-09 
2.523 	 1.51694e-11 	 5.47565e-09 
2.525 	 1.56077e-11 	 5.65624e-09 
2.527 	 1.60670e-11 	 5.84570e-09 
2.529 	 1.65480e-11 	 6.04442e-09 
2.531 	 1.70516e-11 	 6.25281e-09 
2.533 	 1.75785e-11 	 6.47122e-09 
2.535 	 1.81295e-11 	 6.70003e-09 
2.537 	 1.87051e-11 	 6.93954e-09 
2.539 	 1.93058e-11 	 7.19003e-09 
2.541 	 1.99318e-11 	 7.45167e-09 
2.543 	 2.05830e-11 	 7.72459e-09 
2.545 	 2.12592e-11 	 8.00876e-09 
2.547 	 2.19596e-11 	 8.30403e-09 
2.549 	 2.26830e-11 	 8.61005e-09 
2.551 	 2.34278e-11 	 8.92626e-09 
2.553 	 2.41913e-11 	 9.25185e-09 
2.555 	 2.49704e-11 	 9.58569e-09 
2.557 	 2.57610e-11 	 9.92629e-09 
2.559 	 2.65579e-11 	 1.02718e-08 
2.561 	 2.73549e-11 	 1.06198e-08 
2.563 	 2.81444e-11 	 1.09675e-08 
2.565 	 2.89179e-11 	 1.13116e-08 
2.567 	 2.96654e-11 	 1.16483e-08 
2.569 	 3.03756e-11 	 1.19731e-08 
2.571 	 3.10366e-11 	 1.22812e-08 
2.573 	 3.16352e-11 	 1.25674e-08 
2.575 	 3.21582e-11 	 1.28263e-08 
2.577 	 3.25922e-11 	 1.30523e-08 
2.579 	 3.29242e-11 	 1.32399e-08 
2.581 	 3.31427e-11 	 1.33842e-08 
2.583 	 3.32378e-11 	 1.34806e-08 
2.585 	 3.32019e-11 	 1.35256e-08 
2.587 	 3.30307e-11 	 1.35166e-08 
2.589 	 3.27229e-11 	 1.34524e-08 
2.591 	 3.22807e-11 	 1.33331e-08 
2.593 	 3.17101e-11 	 1.31602e-08 
2.595 	 3.10201e-11 	 1.29366e-08 
2.597 	 3.02224e-11 	 1.26663e-08 
2.599 	 2.93313e-11 	 1.23543e-08 
2.601 	 2.83621e-11 	 1.20065e-08 
2.603 	 2.73311e-11 	 1.16290e-08 
2.605 	 2.62547e-11 	 1.12282e-08 
2.607 	 2.51485e-11 	 1.08104e-08 
2.609 	 2.40274e-11 	 1.03815e-08 
2.611 	 2.29047e-11 	 9.94725e-09 
2.613 	 2.17919e-11 	 9.51249e-09 
2.615 	 2.06990e-11 	 9.08158e-09 
2.618 	 1.96342e-11 	 8.65821e-09 
2.620 	 1.86040e-11 	 8.24540e-09 
2.622 	 1.76133e-11 	 7.84556e-09 
2.624 	 1.66656e-11 	 7.46054e-09 
2.626 	 1.57633e-11 	 7.09165e-09 
2.628 	 1.49076e-11 	 6.73981e-09 
2.630 	 1.40991e-11 	 6.40553e-09 
2.632 	 1.33374e-11 	 6.08901e-09 
2.634 	 1.26217e-11 	 5.79022e-09 
2.636 	 1.19508e-11 	 5.50890e-09 
2.638 	 1.13232e-11 	 5.24462e-09 
2.640 	 1.07370e-11 	 4.99685e-09 
2.642 	 1.01902e-11 	 4.76493e-09 
2.644 	 9.68069e-12 	 4.54813e-09 
2.646 	 9.20628e-12 	 4.34566e-09 
2.648 	 8.76469e-12 	 4.15667e-09 
2.650 	 8.35359e-12 	 3.98029e-09 
2.652 	 7.97065e-12 	 3.81559e-09 
2.654 	 7.61348e-12 	 3.66161e-09 
2.656 	 7.27971e-12 	 3.51738e-09 
2.658 	 6.96697e-12 	 3.38189e-09 
2.660 	 6.67292e-12 	 3.25413e-09 
2.662 	 6.39526e-12 	 3.13311e-09 
2.664 	 6.13183e-12 	 3.01787e-09 
2.666 	 5.88060e-12 	 2.90747e-09 
2.668 	 5.63972e-12 	 2.80110e-09 
2.670 	 5.40764e-12 	 2.69803e-09 
2.672 	 5.18304e-12 	 2.59768e-09 
2.674 	 4.96496e-12 	 2.49958e-09 
2.676 	 4.75272e-12 	 2.40346e-09 
2.678 	 4.54596e-12 	 2.30916e-09 
2.680 	 4.34454e-12 	 2.21665e-09 
2.682 	 4.14856e-12 	 2.12602e-09 
2.684 	 3.95823e-12 	 2.03741e-09 
2.686 	 3.77386e-12 	 1.95103e-09 
2.688 	 3.59576e-12 	 1.86709e-09 
2.690 	 3.42424e-12 	 1.78577e-09 
2.692 	 3.25953e-12 	 1.70725e-09 
2.694 	 3.10181e-12 	 1.63168e-09 
2.696 	 2.95116e-12 	 1.55914e-09 
2.698 	 2.80759e-12 	 1.48968e-09 
2.700 	 2.67104e-12 	 1.42333e-09 
