Energy [eV] EELS_b EELS_a 
2.500 	 2.51120e-09 	 1.03070e-08 
2.502 	 2.57583e-09 	 1.05839e-08 
2.504 	 2.64338e-09 	 1.08734e-08 
2.506 	 2.71401e-09 	 1.11763e-08 
2.508 	 2.78789e-09 	 1.14932e-08 
2.510 	 2.86517e-09 	 1.18249e-08 
2.512 	 2.94605e-09 	 1.21723e-08 
2.514 	 3.03070e-09 	 1.25360e-08 
2.516 	 3.11931e-09 	 1.29170e-08 
2.519 	 3.21209e-09 	 1.33162e-08 
2.521 	 3.30924e-09 	 1.37344e-08 
2.523 	 3.41095e-09 	 1.41726e-08 
2.525 	 3.51745e-09 	 1.46318e-08 
2.527 	 3.62893e-09 	 1.51128e-08 
2.529 	 3.74560e-09 	 1.56166e-08 
2.531 	 3.86766e-09 	 1.61441e-08 
2.533 	 3.99528e-09 	 1.66961e-08 
2.535 	 4.12865e-09 	 1.72735e-08 
2.537 	 4.26790e-09 	 1.78771e-08 
2.539 	 4.41315e-09 	 1.85072e-08 
2.541 	 4.56447e-09 	 1.91644e-08 
2.543 	 4.72187e-09 	 1.98489e-08 
2.545 	 4.88531e-09 	 2.05605e-08 
2.547 	 5.05465e-09 	 2.12988e-08 
2.549 	 5.22966e-09 	 2.20629e-08 
2.551 	 5.40999e-09 	 2.28514e-08 
2.553 	 5.59514e-09 	 2.36624e-08 
2.555 	 5.78444e-09 	 2.44930e-08 
2.557 	 5.97706e-09 	 2.53398e-08 
2.559 	 6.17193e-09 	 2.61984e-08 
2.561 	 6.36775e-09 	 2.70632e-08 
2.563 	 6.56297e-09 	 2.79277e-08 
2.565 	 6.75578e-09 	 2.87840e-08 
2.567 	 6.94411e-09 	 2.96233e-08 
2.569 	 7.12560e-09 	 3.04353e-08 
2.571 	 7.29769e-09 	 3.12090e-08 
2.573 	 7.45760e-09 	 3.19322e-08 
2.575 	 7.60243e-09 	 3.25922e-08 
2.577 	 7.72924e-09 	 3.31760e-08 
2.579 	 7.83511e-09 	 3.36707e-08 
2.581 	 7.91732e-09 	 3.40641e-08 
2.583 	 7.97342e-09 	 3.43452e-08 
2.585 	 8.00140e-09 	 3.45049e-08 
2.587 	 7.99978e-09 	 3.45362e-08 
2.589 	 7.96771e-09 	 3.44351e-08 
2.591 	 7.90505e-09 	 3.42005e-08 
2.593 	 7.81240e-09 	 3.38346e-08 
2.595 	 7.69104e-09 	 3.33426e-08 
2.597 	 7.54295e-09 	 3.27326e-08 
2.599 	 7.37063e-09 	 3.20155e-08 
2.601 	 7.17704e-09 	 3.12039e-08 
2.603 	 6.96545e-09 	 3.03118e-08 
2.605 	 6.73928e-09 	 2.93541e-08 
2.607 	 6.50197e-09 	 2.83458e-08 
2.609 	 6.25688e-09 	 2.73014e-08 
2.611 	 6.00716e-09 	 2.62348e-08 
2.613 	 5.75571e-09 	 2.51586e-08 
2.615 	 5.50509e-09 	 2.40842e-08 
2.618 	 5.25755e-09 	 2.30214e-08 
2.620 	 5.01496e-09 	 2.19785e-08 
2.622 	 4.77887e-09 	 2.09624e-08 
2.624 	 4.55050e-09 	 1.99785e-08 
2.626 	 4.33077e-09 	 1.90310e-08 
2.628 	 4.12036e-09 	 1.81229e-08 
2.630 	 3.91971e-09 	 1.72562e-08 
2.632 	 3.72907e-09 	 1.64323e-08 
2.634 	 3.54851e-09 	 1.56515e-08 
2.636 	 3.37800e-09 	 1.49137e-08 
2.638 	 3.21736e-09 	 1.42183e-08 
2.640 	 3.06636e-09 	 1.35644e-08 
2.642 	 2.92467e-09 	 1.29505e-08 
2.644 	 2.79192e-09 	 1.23752e-08 
2.646 	 2.66768e-09 	 1.18367e-08 
2.648 	 2.55149e-09 	 1.13329e-08 
2.650 	 2.44284e-09 	 1.08618e-08 
2.652 	 2.34123e-09 	 1.04210e-08 
2.654 	 2.24609e-09 	 1.00083e-08 
2.656 	 2.15687e-09 	 9.62117e-09 
2.658 	 2.07296e-09 	 9.25702e-09 
2.660 	 1.99379e-09 	 8.91326e-09 
2.662 	 1.91876e-09 	 8.58731e-09 
2.664 	 1.84729e-09 	 8.27662e-09 
2.666 	 1.77884e-09 	 7.97880e-09 
2.668 	 1.71292e-09 	 7.69163e-09 
2.670 	 1.64909e-09 	 7.41318e-09 
2.672 	 1.58699e-09 	 7.14189e-09 
2.674 	 1.52636e-09 	 6.87655e-09 
2.676 	 1.46701e-09 	 6.61637e-09 
2.678 	 1.40886e-09 	 6.36093e-09 
2.680 	 1.35187e-09 	 6.11018e-09 
2.682 	 1.29610e-09 	 5.86432e-09 
2.684 	 1.24163e-09 	 5.62378e-09 
2.686 	 1.18857e-09 	 5.38909e-09 
2.688 	 1.13704e-09 	 5.16081e-09 
2.690 	 1.08716e-09 	 4.93950e-09 
2.692 	 1.03903e-09 	 4.72563e-09 
2.694 	 9.92715e-10 	 4.51959e-09 
2.696 	 9.48278e-10 	 4.32166e-09 
2.698 	 9.05744e-10 	 4.13199e-09 
2.700 	 8.65118e-10 	 3.95064e-09 
