Energy [eV] EELS_b EELS_a 
2.500 	 3.38147e-06 	 1.68029e-05 
2.502 	 3.48971e-06 	 1.73643e-05 
2.504 	 3.60333e-06 	 1.79539e-05 
2.506 	 3.72264e-06 	 1.85736e-05 
2.508 	 3.84799e-06 	 1.92253e-05 
2.510 	 3.97976e-06 	 1.99108e-05 
2.512 	 4.11835e-06 	 2.06323e-05 
2.514 	 4.26416e-06 	 2.13921e-05 
2.516 	 4.41765e-06 	 2.21925e-05 
2.519 	 4.57928e-06 	 2.30360e-05 
2.521 	 4.74956e-06 	 2.39253e-05 
2.523 	 4.92899e-06 	 2.48632e-05 
2.525 	 5.11813e-06 	 2.58526e-05 
2.527 	 5.31754e-06 	 2.68965e-05 
2.529 	 5.52782e-06 	 2.79981e-05 
2.531 	 5.74956e-06 	 2.91606e-05 
2.533 	 5.98338e-06 	 3.03872e-05 
2.535 	 6.22991e-06 	 3.16814e-05 
2.537 	 6.48977e-06 	 3.30463e-05 
2.539 	 6.76356e-06 	 3.44852e-05 
2.541 	 7.05186e-06 	 3.60012e-05 
2.543 	 7.35519e-06 	 3.75968e-05 
2.545 	 7.67400e-06 	 3.92744e-05 
2.547 	 8.00865e-06 	 4.10357e-05 
2.549 	 8.35935e-06 	 4.28818e-05 
2.551 	 8.72613e-06 	 4.48124e-05 
2.553 	 9.10880e-06 	 4.68263e-05 
2.555 	 9.50690e-06 	 4.89207e-05 
2.557 	 9.91960e-06 	 5.10906e-05 
2.559 	 1.03457e-05 	 5.33290e-05 
2.561 	 1.07834e-05 	 5.56262e-05 
2.563 	 1.12305e-05 	 5.79693e-05 
2.565 	 1.16841e-05 	 6.03420e-05 
2.567 	 1.21405e-05 	 6.27245e-05 
2.569 	 1.25955e-05 	 6.50929e-05 
2.571 	 1.30439e-05 	 6.74196e-05 
2.573 	 1.34800e-05 	 6.96730e-05 
2.575 	 1.38971e-05 	 7.18186e-05 
2.577 	 1.42884e-05 	 7.38190e-05 
2.579 	 1.46463e-05 	 7.56357e-05 
2.581 	 1.49634e-05 	 7.72301e-05 
2.583 	 1.52324e-05 	 7.85652e-05 
2.585 	 1.54465e-05 	 7.96076e-05 
2.587 	 1.55999e-05 	 8.03291e-05 
2.589 	 1.56878e-05 	 8.07086e-05 
2.591 	 1.57074e-05 	 8.07334e-05 
2.593 	 1.56571e-05 	 8.04001e-05 
2.595 	 1.55377e-05 	 7.97150e-05 
2.597 	 1.53515e-05 	 7.86934e-05 
2.599 	 1.51026e-05 	 7.73594e-05 
2.601 	 1.47968e-05 	 7.57437e-05 
2.603 	 1.44407e-05 	 7.38826e-05 
2.605 	 1.40420e-05 	 7.18155e-05 
2.607 	 1.36087e-05 	 6.95833e-05 
2.609 	 1.31487e-05 	 6.72267e-05 
2.611 	 1.26699e-05 	 6.47847e-05 
2.613 	 1.21796e-05 	 6.22934e-05 
2.615 	 1.16844e-05 	 5.97853e-05 
2.618 	 1.11902e-05 	 5.72887e-05 
2.620 	 1.07020e-05 	 5.48278e-05 
2.622 	 1.02239e-05 	 5.24225e-05 
2.624 	 9.75920e-06 	 5.00887e-05 
2.626 	 9.31061e-06 	 4.78389e-05 
2.628 	 8.88004e-06 	 4.56821e-05 
2.630 	 8.46884e-06 	 4.36245e-05 
2.632 	 8.07787e-06 	 4.16701e-05 
2.634 	 7.70759e-06 	 3.98207e-05 
2.636 	 7.35809e-06 	 3.80766e-05 
2.638 	 7.02919e-06 	 3.64368e-05 
2.640 	 6.72048e-06 	 3.48989e-05 
2.642 	 6.43137e-06 	 3.34600e-05 
2.644 	 6.16112e-06 	 3.21162e-05 
2.646 	 5.90886e-06 	 3.08631e-05 
2.648 	 5.67364e-06 	 2.96957e-05 
2.650 	 5.45439e-06 	 2.86088e-05 
2.652 	 5.24999e-06 	 2.75964e-05 
2.654 	 5.05924e-06 	 2.66522e-05 
2.656 	 4.88085e-06 	 2.57696e-05 
2.658 	 4.71352e-06 	 2.49417e-05 
2.660 	 4.55587e-06 	 2.41613e-05 
2.662 	 4.40655e-06 	 2.34211e-05 
2.664 	 4.26419e-06 	 2.27137e-05 
2.666 	 4.12750e-06 	 2.20325e-05 
2.668 	 3.99528e-06 	 2.13708e-05 
2.670 	 3.86650e-06 	 2.07231e-05 
2.672 	 3.74027e-06 	 2.00849e-05 
2.674 	 3.61596e-06 	 1.94527e-05 
2.676 	 3.49312e-06 	 1.88243e-05 
2.678 	 3.37154e-06 	 1.81987e-05 
2.680 	 3.25120e-06 	 1.75761e-05 
2.682 	 3.13227e-06 	 1.69576e-05 
2.684 	 3.01501e-06 	 1.63449e-05 
2.686 	 2.89977e-06 	 1.57403e-05 
2.688 	 2.78693e-06 	 1.51460e-05 
2.690 	 2.67685e-06 	 1.45644e-05 
2.692 	 2.56986e-06 	 1.39975e-05 
2.694 	 2.46627e-06 	 1.34471e-05 
2.696 	 2.36627e-06 	 1.29148e-05 
2.698 	 2.27005e-06 	 1.24014e-05 
2.700 	 2.17768e-06 	 1.19078e-05 
