Energy [eV] EELS_b EELS_a 
2.500 	 2.71118e-07 	 1.21562e-06 
2.502 	 2.79555e-07 	 1.25450e-06 
2.504 	 2.88408e-07 	 1.29530e-06 
2.506 	 2.97700e-07 	 1.33813e-06 
2.508 	 3.07459e-07 	 1.38313e-06 
2.510 	 3.17713e-07 	 1.43040e-06 
2.512 	 3.28491e-07 	 1.48011e-06 
2.514 	 3.39823e-07 	 1.53237e-06 
2.516 	 3.51744e-07 	 1.58736e-06 
2.519 	 3.64287e-07 	 1.64522e-06 
2.521 	 3.77488e-07 	 1.70613e-06 
2.523 	 3.91384e-07 	 1.77025e-06 
2.525 	 4.06015e-07 	 1.83777e-06 
2.527 	 4.21419e-07 	 1.90886e-06 
2.529 	 4.37637e-07 	 1.98371e-06 
2.531 	 4.54710e-07 	 2.06251e-06 
2.533 	 4.72678e-07 	 2.14545e-06 
2.535 	 4.91579e-07 	 2.23271e-06 
2.537 	 5.11452e-07 	 2.32445e-06 
2.539 	 5.32330e-07 	 2.42084e-06 
2.541 	 5.54243e-07 	 2.52201e-06 
2.543 	 5.77212e-07 	 2.62806e-06 
2.545 	 6.01252e-07 	 2.73906e-06 
2.547 	 6.26365e-07 	 2.85503e-06 
2.549 	 6.52538e-07 	 2.97590e-06 
2.551 	 6.79741e-07 	 3.10154e-06 
2.553 	 7.07921e-07 	 3.23171e-06 
2.555 	 7.36999e-07 	 3.36605e-06 
2.557 	 7.66862e-07 	 3.50407e-06 
2.559 	 7.97365e-07 	 3.64508e-06 
2.561 	 8.28316e-07 	 3.78824e-06 
2.563 	 8.59481e-07 	 3.93248e-06 
2.565 	 8.90576e-07 	 4.07652e-06 
2.567 	 9.21264e-07 	 4.21885e-06 
2.569 	 9.51159e-07 	 4.35771e-06 
2.571 	 9.79828e-07 	 4.49116e-06 
2.573 	 1.00680e-06 	 4.61704e-06 
2.575 	 1.03156e-06 	 4.73309e-06 
2.577 	 1.05360e-06 	 4.83697e-06 
2.579 	 1.07241e-06 	 4.92636e-06 
2.581 	 1.08750e-06 	 4.99907e-06 
2.583 	 1.09845e-06 	 5.05316e-06 
2.585 	 1.10491e-06 	 5.08702e-06 
2.587 	 1.10663e-06 	 5.09949e-06 
2.589 	 1.10349e-06 	 5.08996e-06 
2.591 	 1.09549e-06 	 5.05838e-06 
2.593 	 1.08276e-06 	 5.00528e-06 
2.595 	 1.06556e-06 	 4.93176e-06 
2.597 	 1.04427e-06 	 4.83942e-06 
2.599 	 1.01934e-06 	 4.73026e-06 
2.601 	 9.91294e-07 	 4.60657e-06 
2.603 	 9.60683e-07 	 4.47083e-06 
2.605 	 9.28076e-07 	 4.32557e-06 
2.607 	 8.94030e-07 	 4.17328e-06 
2.609 	 8.59066e-07 	 4.01633e-06 
2.611 	 8.23663e-07 	 3.85690e-06 
2.613 	 7.88246e-07 	 3.69692e-06 
2.615 	 7.53179e-07 	 3.53810e-06 
2.618 	 7.18769e-07 	 3.38185e-06 
2.620 	 6.85263e-07 	 3.22935e-06 
2.622 	 6.52855e-07 	 3.08152e-06 
2.624 	 6.21693e-07 	 2.93907e-06 
2.626 	 5.91880e-07 	 2.80253e-06 
2.628 	 5.63484e-07 	 2.67223e-06 
2.630 	 5.36541e-07 	 2.54840e-06 
2.632 	 5.11063e-07 	 2.43112e-06 
2.634 	 4.87043e-07 	 2.32039e-06 
2.636 	 4.64455e-07 	 2.21613e-06 
2.638 	 4.43263e-07 	 2.11819e-06 
2.640 	 4.23420e-07 	 2.02640e-06 
2.642 	 4.04869e-07 	 1.94050e-06 
2.644 	 3.87551e-07 	 1.86024e-06 
2.646 	 3.71399e-07 	 1.78534e-06 
2.648 	 3.56343e-07 	 1.71548e-06 
2.650 	 3.42310e-07 	 1.65032e-06 
2.652 	 3.29222e-07 	 1.58953e-06 
2.654 	 3.16999e-07 	 1.53272e-06 
2.656 	 3.05558e-07 	 1.47952e-06 
2.658 	 2.94815e-07 	 1.42953e-06 
2.660 	 2.84681e-07 	 1.38234e-06 
2.662 	 2.75072e-07 	 1.33754e-06 
2.664 	 2.65903e-07 	 1.29473e-06 
2.666 	 2.57094e-07 	 1.25353e-06 
2.668 	 2.48571e-07 	 1.21358e-06 
2.670 	 2.40272e-07 	 1.17459e-06 
2.672 	 2.32144e-07 	 1.13630e-06 
2.674 	 2.24148e-07 	 1.09853e-06 
2.676 	 2.16259e-07 	 1.06116e-06 
2.678 	 2.08467e-07 	 1.02413e-06 
2.680 	 2.00770e-07 	 9.87465e-07 
2.682 	 1.93180e-07 	 9.51209e-07 
2.684 	 1.85714e-07 	 9.15456e-07 
2.686 	 1.78392e-07 	 8.80316e-07 
2.688 	 1.71238e-07 	 8.45910e-07 
2.690 	 1.64274e-07 	 8.12352e-07 
2.692 	 1.57519e-07 	 7.79746e-07 
2.694 	 1.50990e-07 	 7.48180e-07 
2.696 	 1.44699e-07 	 7.17721e-07 
2.698 	 1.38654e-07 	 6.88417e-07 
2.700 	 1.32861e-07 	 6.60295e-07 
