Energy [eV] EELS_b EELS_a 
2.500 	 1.02842e-13 	 1.11204e-10 
2.502 	 1.03415e-13 	 1.12386e-10 
2.504 	 1.04040e-13 	 1.13645e-10 
2.506 	 1.04715e-13 	 1.14971e-10 
2.508 	 1.05461e-13 	 1.16379e-10 
2.510 	 1.06275e-13 	 1.17872e-10 
2.512 	 1.07154e-13 	 1.19447e-10 
2.514 	 1.08109e-13 	 1.21123e-10 
2.516 	 1.09186e-13 	 1.22928e-10 
2.519 	 1.10227e-13 	 1.24744e-10 
2.521 	 1.11438e-13 	 1.26750e-10 
2.523 	 1.12704e-13 	 1.28832e-10 
2.525 	 1.14061e-13 	 1.31047e-10 
2.527 	 1.15478e-13 	 1.33333e-10 
2.529 	 1.17042e-13 	 1.35814e-10 
2.531 	 1.18686e-13 	 1.38415e-10 
2.533 	 1.20442e-13 	 1.41166e-10 
2.535 	 1.22310e-13 	 1.44068e-10 
2.537 	 1.24275e-13 	 1.47119e-10 
2.539 	 1.26383e-13 	 1.50362e-10 
2.541 	 1.28600e-13 	 1.53766e-10 
2.543 	 1.30974e-13 	 1.57392e-10 
2.545 	 1.33477e-13 	 1.61202e-10 
2.547 	 1.36135e-13 	 1.65237e-10 
2.549 	 1.38930e-13 	 1.69484e-10 
2.551 	 1.41887e-13 	 1.73960e-10 
2.553 	 1.45028e-13 	 1.78717e-10 
2.555 	 1.48323e-13 	 1.83710e-10 
2.557 	 1.51826e-13 	 1.89006e-10 
2.559 	 1.55482e-13 	 1.94559e-10 
2.561 	 1.59344e-13 	 2.00432e-10 
2.563 	 1.63398e-13 	 2.06613e-10 
2.565 	 1.67666e-13 	 2.13131e-10 
2.567 	 1.72117e-13 	 2.19971e-10 
2.569 	 1.76777e-13 	 2.27155e-10 
2.571 	 1.81644e-13 	 2.34703e-10 
2.573 	 1.86698e-13 	 2.42597e-10 
2.575 	 1.91932e-13 	 2.50836e-10 
2.577 	 1.97341e-13 	 2.59427e-10 
2.579 	 2.02903e-13 	 2.68352e-10 
2.581 	 2.08594e-13 	 2.77594e-10 
2.583 	 2.14384e-13 	 2.87126e-10 
2.585 	 2.20223e-13 	 2.96900e-10 
2.587 	 2.26071e-13 	 3.06873e-10 
2.589 	 2.31871e-13 	 3.16981e-10 
2.591 	 2.37555e-13 	 3.27143e-10 
2.593 	 2.43046e-13 	 3.37270e-10 
2.595 	 2.48261e-13 	 3.47248e-10 
2.597 	 2.53109e-13 	 3.56955e-10 
2.599 	 2.57487e-13 	 3.66247e-10 
2.601 	 2.61305e-13 	 3.74982e-10 
2.603 	 2.64453e-13 	 3.82989e-10 
2.605 	 2.66849e-13 	 3.90114e-10 
2.607 	 2.68399e-13 	 3.96187e-10 
2.609 	 2.69022e-13 	 4.01044e-10 
2.611 	 2.68674e-13 	 4.04550e-10 
2.613 	 2.67305e-13 	 4.06569e-10 
2.615 	 2.64903e-13 	 4.07009e-10 
2.618 	 2.61475e-13 	 4.05803e-10 
2.620 	 2.57049e-13 	 4.02922e-10 
2.622 	 2.51680e-13 	 3.98377e-10 
2.624 	 2.45437e-13 	 3.92216e-10 
2.626 	 2.38420e-13 	 3.84544e-10 
2.628 	 2.30734e-13 	 3.75483e-10 
2.630 	 2.22498e-13 	 3.65199e-10 
2.632 	 2.13834e-13 	 3.53877e-10 
2.634 	 2.04872e-13 	 3.41718e-10 
2.636 	 1.95735e-13 	 3.28932e-10 
2.638 	 1.86536e-13 	 3.15717e-10 
2.640 	 1.77381e-13 	 3.02269e-10 
2.642 	 1.68367e-13 	 2.88772e-10 
2.644 	 1.59570e-13 	 2.75381e-10 
2.646 	 1.51056e-13 	 2.62233e-10 
2.648 	 1.42874e-13 	 2.49436e-10 
2.650 	 1.35063e-13 	 2.37082e-10 
2.652 	 1.27642e-13 	 2.25233e-10 
2.654 	 1.20628e-13 	 2.13932e-10 
2.656 	 1.14024e-13 	 2.03212e-10 
2.658 	 1.07822e-13 	 1.93074e-10 
2.660 	 1.02014e-13 	 1.83521e-10 
2.662 	 9.65813e-14 	 1.74539e-10 
2.664 	 9.15022e-14 	 1.66100e-10 
2.666 	 8.67543e-14 	 1.58176e-10 
2.668 	 8.23112e-14 	 1.50733e-10 
2.670 	 7.81438e-14 	 1.43727e-10 
2.672 	 7.42272e-14 	 1.37120e-10 
2.674 	 7.05353e-14 	 1.30874e-10 
2.676 	 6.70449e-14 	 1.24950e-10 
2.678 	 6.37322e-14 	 1.19309e-10 
2.680 	 6.05793e-14 	 1.13925e-10 
2.682 	 5.75723e-14 	 1.08771e-10 
2.684 	 5.46955e-14 	 1.03821e-10 
2.686 	 5.19418e-14 	 9.90658e-11 
2.688 	 4.93053e-14 	 9.44923e-11 
2.690 	 4.67807e-14 	 9.00937e-11 
2.692 	 4.43653e-14 	 8.58650e-11 
2.694 	 4.20577e-14 	 8.18062e-11 
2.696 	 3.98561e-14 	 7.79155e-11 
2.698 	 3.77590e-14 	 7.41898e-11 
2.700 	 3.57641e-14 	 7.06292e-11 
