Energy [eV] EELS_b EELS_a 
2.500 	 3.08114e-09 	 1.26684e-08 
2.502 	 3.16103e-09 	 1.30110e-08 
2.504 	 3.24452e-09 	 1.33693e-08 
2.506 	 3.33183e-09 	 1.37442e-08 
2.508 	 3.42314e-09 	 1.41364e-08 
2.510 	 3.51867e-09 	 1.45469e-08 
2.512 	 3.61864e-09 	 1.49768e-08 
2.514 	 3.72327e-09 	 1.54270e-08 
2.516 	 3.83281e-09 	 1.58985e-08 
2.519 	 3.94750e-09 	 1.63926e-08 
2.521 	 4.06757e-09 	 1.69102e-08 
2.523 	 4.19330e-09 	 1.74525e-08 
2.525 	 4.32493e-09 	 1.80208e-08 
2.527 	 4.46272e-09 	 1.86160e-08 
2.529 	 4.60692e-09 	 1.92395e-08 
2.531 	 4.75776e-09 	 1.98923e-08 
2.533 	 4.91549e-09 	 2.05755e-08 
2.535 	 5.08029e-09 	 2.12900e-08 
2.537 	 5.25235e-09 	 2.20368e-08 
2.539 	 5.43181e-09 	 2.28164e-08 
2.541 	 5.61873e-09 	 2.36295e-08 
2.543 	 5.81315e-09 	 2.44762e-08 
2.545 	 6.01500e-09 	 2.53563e-08 
2.547 	 6.22409e-09 	 2.62693e-08 
2.549 	 6.44014e-09 	 2.72141e-08 
2.551 	 6.66269e-09 	 2.81889e-08 
2.553 	 6.89113e-09 	 2.91912e-08 
2.555 	 7.12464e-09 	 3.02176e-08 
2.557 	 7.36214e-09 	 3.12636e-08 
2.559 	 7.60231e-09 	 3.23239e-08 
2.561 	 7.84355e-09 	 3.33914e-08 
2.563 	 8.08394e-09 	 3.44581e-08 
2.565 	 8.32121e-09 	 3.55143e-08 
2.567 	 8.55280e-09 	 3.65488e-08 
2.569 	 8.77581e-09 	 3.75493e-08 
2.571 	 8.98708e-09 	 3.85018e-08 
2.573 	 9.18318e-09 	 3.93914e-08 
2.575 	 9.36056e-09 	 4.02026e-08 
2.577 	 9.51559e-09 	 4.09191e-08 
2.579 	 9.64472e-09 	 4.15254e-08 
2.581 	 9.74462e-09 	 4.20064e-08 
2.583 	 9.81233e-09 	 4.23488e-08 
2.585 	 9.84540e-09 	 4.25414e-08 
2.587 	 9.84207e-09 	 4.25759e-08 
2.589 	 9.80134e-09 	 4.24473e-08 
2.591 	 9.72309e-09 	 4.21546e-08 
2.593 	 9.60808e-09 	 4.17006e-08 
2.595 	 9.45795e-09 	 4.10918e-08 
2.597 	 9.27514e-09 	 4.03385e-08 
2.599 	 9.06275e-09 	 3.94539e-08 
2.601 	 8.82443e-09 	 3.84536e-08 
2.603 	 8.56418e-09 	 3.73549e-08 
2.605 	 8.28621e-09 	 3.61761e-08 
2.607 	 7.99472e-09 	 3.49354e-08 
2.609 	 7.69381e-09 	 3.36509e-08 
2.611 	 7.38733e-09 	 3.23394e-08 
2.613 	 7.07883e-09 	 3.10164e-08 
2.615 	 6.77142e-09 	 2.96957e-08 
2.618 	 6.46783e-09 	 2.83895e-08 
2.620 	 6.17036e-09 	 2.71078e-08 
2.622 	 5.88088e-09 	 2.58591e-08 
2.624 	 5.60087e-09 	 2.46499e-08 
2.626 	 5.33147e-09 	 2.34854e-08 
2.628 	 5.07349e-09 	 2.23694e-08 
2.630 	 4.82746e-09 	 2.13042e-08 
2.632 	 4.59368e-09 	 2.02914e-08 
2.634 	 4.37226e-09 	 1.93315e-08 
2.636 	 4.16313e-09 	 1.84245e-08 
2.638 	 3.96610e-09 	 1.75695e-08 
2.640 	 3.78087e-09 	 1.67653e-08 
2.642 	 3.60704e-09 	 1.60104e-08 
2.644 	 3.44416e-09 	 1.53028e-08 
2.646 	 3.29170e-09 	 1.46403e-08 
2.648 	 3.14910e-09 	 1.40205e-08 
2.650 	 3.01575e-09 	 1.34409e-08 
2.652 	 2.89101e-09 	 1.28985e-08 
2.654 	 2.77421e-09 	 1.23906e-08 
2.656 	 2.66464e-09 	 1.19141e-08 
2.658 	 2.56159e-09 	 1.14658e-08 
2.660 	 2.46433e-09 	 1.10425e-08 
2.662 	 2.37213e-09 	 1.06411e-08 
2.664 	 2.28430e-09 	 1.02584e-08 
2.666 	 2.20014e-09 	 9.89136e-09 
2.668 	 2.11907e-09 	 9.53737e-09 
2.670 	 2.04054e-09 	 9.19402e-09 
2.672 	 1.96411e-09 	 8.85935e-09 
2.674 	 1.88946e-09 	 8.53190e-09 
2.676 	 1.81635e-09 	 8.21068e-09 
2.678 	 1.74469e-09 	 7.89520e-09 
2.680 	 1.67445e-09 	 7.58539e-09 
2.682 	 1.60567e-09 	 7.28152e-09 
2.684 	 1.53848e-09 	 6.98412e-09 
2.686 	 1.47301e-09 	 6.69386e-09 
2.688 	 1.40941e-09 	 6.41145e-09 
2.690 	 1.34782e-09 	 6.13758e-09 
2.692 	 1.28837e-09 	 5.87287e-09 
2.694 	 1.23117e-09 	 5.61778e-09 
2.696 	 1.17626e-09 	 5.37268e-09 
2.698 	 1.12370e-09 	 5.13776e-09 
2.700 	 1.07349e-09 	 4.91310e-09 
