Energy [eV] EELS_b EELS_a 
2.500 	 3.69327e-11 	 9.30983e-09 
2.502 	 3.78027e-11 	 9.56752e-09 
2.504 	 3.87131e-11 	 9.83734e-09 
2.506 	 3.96663e-11 	 1.01200e-08 
2.508 	 4.06646e-11 	 1.04162e-08 
2.510 	 4.17104e-11 	 1.07266e-08 
2.512 	 4.28062e-11 	 1.10522e-08 
2.514 	 4.39547e-11 	 1.13937e-08 
2.516 	 4.51588e-11 	 1.17521e-08 
2.519 	 4.64212e-11 	 1.21281e-08 
2.521 	 4.77450e-11 	 1.25228e-08 
2.523 	 4.91331e-11 	 1.29372e-08 
2.525 	 5.05887e-11 	 1.33721e-08 
2.527 	 5.21148e-11 	 1.38288e-08 
2.529 	 5.37146e-11 	 1.43080e-08 
2.531 	 5.53910e-11 	 1.48109e-08 
2.533 	 5.71470e-11 	 1.53384e-08 
2.535 	 5.89851e-11 	 1.58915e-08 
2.537 	 6.09079e-11 	 1.64710e-08 
2.539 	 6.29171e-11 	 1.70775e-08 
2.541 	 6.50142e-11 	 1.77118e-08 
2.543 	 6.71999e-11 	 1.83741e-08 
2.545 	 6.94736e-11 	 1.90645e-08 
2.547 	 7.18340e-11 	 1.97829e-08 
2.549 	 7.42779e-11 	 2.05285e-08 
2.551 	 7.68005e-11 	 2.13002e-08 
2.553 	 7.93949e-11 	 2.20962e-08 
2.555 	 8.20516e-11 	 2.29139e-08 
2.557 	 8.47582e-11 	 2.37500e-08 
2.559 	 8.74988e-11 	 2.46001e-08 
2.561 	 9.02540e-11 	 2.54588e-08 
2.563 	 9.30003e-11 	 2.63195e-08 
2.565 	 9.57098e-11 	 2.71742e-08 
2.567 	 9.83503e-11 	 2.80137e-08 
2.569 	 1.00885e-10 	 2.88276e-08 
2.571 	 1.03274e-10 	 2.96041e-08 
2.573 	 1.05474e-10 	 3.03305e-08 
2.575 	 1.07438e-10 	 3.09934e-08 
2.577 	 1.09120e-10 	 3.15790e-08 
2.579 	 1.10475e-10 	 3.20738e-08 
2.581 	 1.11459e-10 	 3.24648e-08 
2.583 	 1.12034e-10 	 3.27405e-08 
2.585 	 1.12172e-10 	 3.28915e-08 
2.587 	 1.11852e-10 	 3.29108e-08 
2.589 	 1.11063e-10 	 3.27946e-08 
2.591 	 1.09809e-10 	 3.25424e-08 
2.593 	 1.08104e-10 	 3.21571e-08 
2.595 	 1.05974e-10 	 3.16451e-08 
2.597 	 1.03457e-10 	 3.10159e-08 
2.599 	 1.00597e-10 	 3.02814e-08 
2.601 	 9.74467e-11 	 2.94556e-08 
2.603 	 9.40606e-11 	 2.85536e-08 
2.605 	 9.04950e-11 	 2.75910e-08 
2.607 	 8.68050e-11 	 2.65835e-08 
2.609 	 8.30426e-11 	 2.55461e-08 
2.611 	 7.92556e-11 	 2.44925e-08 
2.613 	 7.54862e-11 	 2.34355e-08 
2.615 	 7.17707e-11 	 2.23858e-08 
2.618 	 6.81394e-11 	 2.13529e-08 
2.620 	 6.46166e-11 	 2.03445e-08 
2.622 	 6.12211e-11 	 1.93667e-08 
2.624 	 5.79669e-11 	 1.84243e-08 
2.626 	 5.48633e-11 	 1.75206e-08 
2.628 	 5.19161e-11 	 1.66583e-08 
2.630 	 4.91279e-11 	 1.58385e-08 
2.632 	 4.64986e-11 	 1.50620e-08 
2.634 	 4.40262e-11 	 1.43287e-08 
2.636 	 4.17069e-11 	 1.36382e-08 
2.638 	 3.95359e-11 	 1.29893e-08 
2.640 	 3.75073e-11 	 1.23809e-08 
2.642 	 3.56144e-11 	 1.18114e-08 
2.644 	 3.38501e-11 	 1.12791e-08 
2.646 	 3.22071e-11 	 1.07819e-08 
2.648 	 3.06776e-11 	 1.03179e-08 
2.650 	 2.92537e-11 	 9.88492e-09 
2.652 	 2.79274e-11 	 9.48065e-09 
2.654 	 2.66904e-11 	 9.10276e-09 
2.656 	 2.55346e-11 	 8.74883e-09 
2.658 	 2.44516e-11 	 8.41639e-09 
2.660 	 2.34335e-11 	 8.10295e-09 
2.662 	 2.24722e-11 	 7.80604e-09 
2.664 	 2.15601e-11 	 7.52323e-09 
2.666 	 2.06902e-11 	 7.25226e-09 
2.668 	 1.98559e-11 	 6.99106e-09 
2.670 	 1.90517e-11 	 6.73782e-09 
2.672 	 1.82731e-11 	 6.49106e-09 
2.674 	 1.75166e-11 	 6.24967e-09 
2.676 	 1.67798e-11 	 6.01291e-09 
2.678 	 1.60614e-11 	 5.78040e-09 
2.680 	 1.53610e-11 	 5.55210e-09 
2.682 	 1.46788e-11 	 5.32820e-09 
2.684 	 1.40157e-11 	 5.10910e-09 
2.686 	 1.33727e-11 	 4.89530e-09 
2.688 	 1.27511e-11 	 4.68734e-09 
2.690 	 1.21519e-11 	 4.48573e-09 
2.692 	 1.15759e-11 	 4.29091e-09 
2.694 	 1.10240e-11 	 4.10325e-09 
2.696 	 1.04964e-11 	 3.92300e-09 
2.698 	 9.99316e-12 	 3.75032e-09 
2.700 	 9.51421e-12 	 3.58524e-09 
