Energy [eV] EELS_b EELS_a 
2.500 	 9.04985e-05 	 5.27526e-04 
2.502 	 9.32981e-05 	 5.45072e-04 
2.504 	 9.62261e-05 	 5.63478e-04 
2.506 	 9.92898e-05 	 5.82799e-04 
2.508 	 1.02497e-04 	 6.03091e-04 
2.510 	 1.05854e-04 	 6.24414e-04 
2.512 	 1.09372e-04 	 6.46835e-04 
2.514 	 1.13057e-04 	 6.70421e-04 
2.516 	 1.16920e-04 	 6.95247e-04 
2.519 	 1.20971e-04 	 7.21392e-04 
2.521 	 1.25218e-04 	 7.48941e-04 
2.523 	 1.29674e-04 	 7.77984e-04 
2.525 	 1.34348e-04 	 8.08616e-04 
2.527 	 1.39252e-04 	 8.40938e-04 
2.529 	 1.44398e-04 	 8.75060e-04 
2.531 	 1.49798e-04 	 9.11094e-04 
2.533 	 1.55464e-04 	 9.49162e-04 
2.535 	 1.61407e-04 	 9.89390e-04 
2.537 	 1.67640e-04 	 1.03191e-03 
2.539 	 1.74174e-04 	 1.07687e-03 
2.541 	 1.81021e-04 	 1.12440e-03 
2.543 	 1.88190e-04 	 1.17465e-03 
2.545 	 1.95692e-04 	 1.22777e-03 
2.547 	 2.03533e-04 	 1.28392e-03 
2.549 	 2.11718e-04 	 1.34324e-03 
2.551 	 2.20251e-04 	 1.40587e-03 
2.553 	 2.29130e-04 	 1.47195e-03 
2.555 	 2.38352e-04 	 1.54160e-03 
2.557 	 2.47905e-04 	 1.61492e-03 
2.559 	 2.57774e-04 	 1.69196e-03 
2.561 	 2.67937e-04 	 1.77278e-03 
2.563 	 2.78361e-04 	 1.85733e-03 
2.565 	 2.89008e-04 	 1.94554e-03 
2.567 	 2.99826e-04 	 2.03724e-03 
2.569 	 3.10752e-04 	 2.13218e-03 
2.571 	 3.21713e-04 	 2.22997e-03 
2.573 	 3.32620e-04 	 2.33010e-03 
2.575 	 3.43372e-04 	 2.43189e-03 
2.577 	 3.53855e-04 	 2.53451e-03 
2.579 	 3.63941e-04 	 2.63691e-03 
2.581 	 3.73492e-04 	 2.73785e-03 
2.583 	 3.82361e-04 	 2.83590e-03 
2.585 	 3.90396e-04 	 2.92945e-03 
2.587 	 3.97445e-04 	 3.01673e-03 
2.589 	 4.03359e-04 	 3.09591e-03 
2.591 	 4.08004e-04 	 3.16511e-03 
2.593 	 4.11259e-04 	 3.22253e-03 
2.595 	 4.13032e-04 	 3.26657e-03 
2.597 	 4.13259e-04 	 3.29590e-03 
2.599 	 4.11913e-04 	 3.30959e-03 
2.601 	 4.09006e-04 	 3.30717e-03 
2.603 	 4.04587e-04 	 3.28868e-03 
2.605 	 3.98746e-04 	 3.25467e-03 
2.607 	 3.91601e-04 	 3.20619e-03 
2.609 	 3.83300e-04 	 3.14466e-03 
2.611 	 3.74010e-04 	 3.07184e-03 
2.613 	 3.63905e-04 	 2.98966e-03 
2.615 	 3.53166e-04 	 2.90013e-03 
2.618 	 3.41967e-04 	 2.80526e-03 
2.620 	 3.30475e-04 	 2.70695e-03 
2.622 	 3.18840e-04 	 2.60691e-03 
2.624 	 3.07197e-04 	 2.50669e-03 
2.626 	 2.95664e-04 	 2.40757e-03 
2.628 	 2.84339e-04 	 2.31065e-03 
2.630 	 2.73303e-04 	 2.21679e-03 
2.632 	 2.62622e-04 	 2.12665e-03 
2.634 	 2.52345e-04 	 2.04073e-03 
2.636 	 2.42509e-04 	 1.95937e-03 
2.638 	 2.33139e-04 	 1.88277e-03 
2.640 	 2.24249e-04 	 1.81104e-03 
2.642 	 2.15846e-04 	 1.74418e-03 
2.644 	 2.07928e-04 	 1.68213e-03 
2.646 	 2.00486e-04 	 1.62473e-03 
2.648 	 1.93507e-04 	 1.57181e-03 
2.650 	 1.86969e-04 	 1.52311e-03 
2.652 	 1.80849e-04 	 1.47833e-03 
2.654 	 1.75117e-04 	 1.43714e-03 
2.656 	 1.69739e-04 	 1.39916e-03 
2.658 	 1.64677e-04 	 1.36396e-03 
2.660 	 1.59890e-04 	 1.33108e-03 
2.662 	 1.55336e-04 	 1.30006e-03 
2.664 	 1.50970e-04 	 1.27041e-03 
2.666 	 1.46750e-04 	 1.24165e-03 
2.668 	 1.42636e-04 	 1.21332e-03 
2.670 	 1.38589e-04 	 1.18504e-03 
2.672 	 1.34582e-04 	 1.15645e-03 
2.674 	 1.30589e-04 	 1.12732e-03 
2.676 	 1.26598e-04 	 1.09746e-03 
2.678 	 1.22600e-04 	 1.06683e-03 
2.680 	 1.18598e-04 	 1.03543e-03 
2.682 	 1.14598e-04 	 1.00337e-03 
2.684 	 1.10614e-04 	 9.70804e-04 
2.686 	 1.06661e-04 	 9.37927e-04 
2.688 	 1.02756e-04 	 9.04950e-04 
2.690 	 9.89161e-05 	 8.72091e-04 
2.692 	 9.51577e-05 	 8.39551e-04 
2.694 	 9.14945e-05 	 8.07514e-04 
2.696 	 8.79381e-05 	 7.76137e-04 
2.698 	 8.44976e-05 	 7.45548e-04 
2.700 	 8.11796e-05 	 7.15850e-04 
