Energy [eV] EELS_b EELS_a 
2.500 	 2.04688e-09 	 1.74338e-07 
2.502 	 2.09919e-09 	 1.79430e-07 
2.504 	 2.15387e-09 	 1.84762e-07 
2.506 	 2.21104e-09 	 1.90347e-07 
2.508 	 2.27083e-09 	 1.96200e-07 
2.510 	 2.33339e-09 	 2.02335e-07 
2.512 	 2.39886e-09 	 2.08767e-07 
2.514 	 2.46738e-09 	 2.15515e-07 
2.516 	 2.53911e-09 	 2.22594e-07 
2.519 	 2.61422e-09 	 2.30023e-07 
2.521 	 2.69286e-09 	 2.37821e-07 
2.523 	 2.77521e-09 	 2.46007e-07 
2.525 	 2.86143e-09 	 2.54601e-07 
2.527 	 2.95169e-09 	 2.63622e-07 
2.529 	 3.04616e-09 	 2.73091e-07 
2.531 	 3.14500e-09 	 2.83028e-07 
2.533 	 3.24835e-09 	 2.93452e-07 
2.535 	 3.35637e-09 	 3.04383e-07 
2.537 	 3.46916e-09 	 3.15836e-07 
2.539 	 3.58683e-09 	 3.27829e-07 
2.541 	 3.70942e-09 	 3.40373e-07 
2.543 	 3.83697e-09 	 3.53476e-07 
2.545 	 3.96944e-09 	 3.67143e-07 
2.547 	 4.10672e-09 	 3.81372e-07 
2.549 	 4.24862e-09 	 3.96151e-07 
2.551 	 4.39487e-09 	 4.11461e-07 
2.553 	 4.54508e-09 	 4.27272e-07 
2.555 	 4.69872e-09 	 4.43539e-07 
2.557 	 4.85510e-09 	 4.60202e-07 
2.559 	 5.01337e-09 	 4.77181e-07 
2.561 	 5.17248e-09 	 4.94380e-07 
2.563 	 5.33120e-09 	 5.11677e-07 
2.565 	 5.48805e-09 	 5.28927e-07 
2.567 	 5.64135e-09 	 5.45962e-07 
2.569 	 5.78920e-09 	 5.62587e-07 
2.571 	 5.92951e-09 	 5.78585e-07 
2.573 	 6.06003e-09 	 5.93719e-07 
2.575 	 6.17839e-09 	 6.07736e-07 
2.577 	 6.28219e-09 	 6.20373e-07 
2.579 	 6.36903e-09 	 6.31368e-07 
2.581 	 6.43669e-09 	 6.40469e-07 
2.583 	 6.48315e-09 	 6.47443e-07 
2.585 	 6.50675e-09 	 6.52093e-07 
2.587 	 6.50624e-09 	 6.54264e-07 
2.589 	 6.48091e-09 	 6.53855e-07 
2.591 	 6.43061e-09 	 6.50827e-07 
2.593 	 6.35581e-09 	 6.45205e-07 
2.595 	 6.25753e-09 	 6.37075e-07 
2.597 	 6.13736e-09 	 6.26587e-07 
2.599 	 5.99733e-09 	 6.13939e-07 
2.601 	 5.83986e-09 	 5.99375e-07 
2.603 	 5.66760e-09 	 5.83166e-07 
2.605 	 5.48336e-09 	 5.65600e-07 
2.607 	 5.28994e-09 	 5.46971e-07 
2.609 	 5.09010e-09 	 5.27566e-07 
2.611 	 4.88642e-09 	 5.07658e-07 
2.613 	 4.68128e-09 	 4.87500e-07 
2.615 	 4.47679e-09 	 4.67315e-07 
2.618 	 4.27479e-09 	 4.47301e-07 
2.620 	 4.07682e-09 	 4.27623e-07 
2.622 	 3.88415e-09 	 4.08419e-07 
2.624 	 3.69778e-09 	 3.89799e-07 
2.626 	 3.51847e-09 	 3.71849e-07 
2.628 	 3.34678e-09 	 3.54630e-07 
2.630 	 3.18307e-09 	 3.38185e-07 
2.632 	 3.02754e-09 	 3.22541e-07 
2.634 	 2.88025e-09 	 3.07710e-07 
2.636 	 2.74118e-09 	 2.93691e-07 
2.638 	 2.61018e-09 	 2.80476e-07 
2.640 	 2.48706e-09 	 2.68047e-07 
2.642 	 2.37154e-09 	 2.56381e-07 
2.644 	 2.26333e-09 	 2.45449e-07 
2.646 	 2.16207e-09 	 2.35218e-07 
2.648 	 2.06738e-09 	 2.25650e-07 
2.650 	 1.97886e-09 	 2.16705e-07 
2.652 	 1.89608e-09 	 2.08341e-07 
2.654 	 1.81859e-09 	 2.00512e-07 
2.656 	 1.74593e-09 	 1.93169e-07 
2.658 	 1.67761e-09 	 1.86263e-07 
2.660 	 1.61316e-09 	 1.79741e-07 
2.662 	 1.55209e-09 	 1.73554e-07 
2.664 	 1.49395e-09 	 1.67649e-07 
2.666 	 1.43827e-09 	 1.61979e-07 
2.668 	 1.38467e-09 	 1.56499e-07 
2.670 	 1.33279e-09 	 1.51171e-07 
2.672 	 1.28234e-09 	 1.45962e-07 
2.674 	 1.23310e-09 	 1.40848e-07 
2.676 	 1.18492e-09 	 1.35813e-07 
2.678 	 1.13772e-09 	 1.30850e-07 
2.680 	 1.09150e-09 	 1.25957e-07 
2.682 	 1.04627e-09 	 1.21142e-07 
2.684 	 1.00211e-09 	 1.16412e-07 
2.686 	 9.59110e-10 	 1.11780e-07 
2.688 	 9.17364e-10 	 1.07260e-07 
2.690 	 8.76961e-10 	 1.02864e-07 
2.692 	 8.37982e-10 	 9.86037e-08 
2.694 	 8.00487e-10 	 9.44883e-08 
2.696 	 7.64519e-10 	 9.05249e-08 
2.698 	 7.30098e-10 	 8.67183e-08 
2.700 	 6.97229e-10 	 8.30707e-08 
