Energy [eV] EELS_b EELS_a 
2.500 	 4.63892e-09 	 3.18840e-07 
2.502 	 4.76111e-09 	 3.28292e-07 
2.504 	 4.88884e-09 	 3.38190e-07 
2.506 	 5.02240e-09 	 3.48558e-07 
2.508 	 5.16211e-09 	 3.59422e-07 
2.510 	 5.30828e-09 	 3.70810e-07 
2.512 	 5.46126e-09 	 3.82752e-07 
2.514 	 5.62138e-09 	 3.95278e-07 
2.516 	 5.78902e-09 	 4.08421e-07 
2.519 	 5.96455e-09 	 4.22212e-07 
2.521 	 6.14834e-09 	 4.36688e-07 
2.523 	 6.34078e-09 	 4.51883e-07 
2.525 	 6.54227e-09 	 4.67834e-07 
2.527 	 6.75319e-09 	 4.84578e-07 
2.529 	 6.97391e-09 	 5.02151e-07 
2.531 	 7.20482e-09 	 5.20590e-07 
2.533 	 7.44623e-09 	 5.39932e-07 
2.535 	 7.69848e-09 	 5.60209e-07 
2.537 	 7.96181e-09 	 5.81453e-07 
2.539 	 8.23642e-09 	 6.03692e-07 
2.541 	 8.52243e-09 	 6.26947e-07 
2.543 	 8.81984e-09 	 6.51233e-07 
2.545 	 9.12854e-09 	 6.76556e-07 
2.547 	 9.44824e-09 	 7.02910e-07 
2.549 	 9.77846e-09 	 7.30273e-07 
2.551 	 1.01185e-08 	 7.58608e-07 
2.553 	 1.04674e-08 	 7.87855e-07 
2.555 	 1.08238e-08 	 8.17929e-07 
2.557 	 1.11860e-08 	 8.48717e-07 
2.559 	 1.15521e-08 	 8.80072e-07 
2.561 	 1.19195e-08 	 9.11811e-07 
2.563 	 1.22852e-08 	 9.43707e-07 
2.565 	 1.26458e-08 	 9.75494e-07 
2.567 	 1.29973e-08 	 1.00686e-06 
2.569 	 1.33352e-08 	 1.03744e-06 
2.571 	 1.36547e-08 	 1.06684e-06 
2.573 	 1.39506e-08 	 1.09464e-06 
2.575 	 1.42175e-08 	 1.12035e-06 
2.577 	 1.44499e-08 	 1.14351e-06 
2.579 	 1.46425e-08 	 1.16364e-06 
2.581 	 1.47903e-08 	 1.18028e-06 
2.583 	 1.48890e-08 	 1.19302e-06 
2.585 	 1.49348e-08 	 1.20150e-06 
2.587 	 1.49254e-08 	 1.20545e-06 
2.589 	 1.48593e-08 	 1.20468e-06 
2.591 	 1.47365e-08 	 1.19914e-06 
2.593 	 1.45584e-08 	 1.18886e-06 
2.595 	 1.43275e-08 	 1.17403e-06 
2.597 	 1.40476e-08 	 1.15489e-06 
2.599 	 1.37235e-08 	 1.13183e-06 
2.601 	 1.33608e-08 	 1.10528e-06 
2.603 	 1.29656e-08 	 1.07573e-06 
2.605 	 1.25441e-08 	 1.04371e-06 
2.607 	 1.21028e-08 	 1.00975e-06 
2.609 	 1.16477e-08 	 9.74371e-07 
2.611 	 1.11847e-08 	 9.38063e-07 
2.613 	 1.07190e-08 	 9.01285e-07 
2.615 	 1.02552e-08 	 8.64445e-07 
2.618 	 9.79746e-09 	 8.27901e-07 
2.620 	 9.34911e-09 	 7.91955e-07 
2.622 	 8.91295e-09 	 7.56858e-07 
2.624 	 8.49116e-09 	 7.22811e-07 
2.626 	 8.08542e-09 	 6.89972e-07 
2.628 	 7.69691e-09 	 6.58454e-07 
2.630 	 7.32642e-09 	 6.28338e-07 
2.632 	 6.97439e-09 	 5.99673e-07 
2.634 	 6.64095e-09 	 5.72484e-07 
2.636 	 6.32601e-09 	 5.46772e-07 
2.638 	 6.02927e-09 	 5.22523e-07 
2.640 	 5.75026e-09 	 4.99707e-07 
2.642 	 5.48840e-09 	 4.78281e-07 
2.644 	 5.24300e-09 	 4.58196e-07 
2.646 	 5.01326e-09 	 4.39390e-07 
2.648 	 4.79835e-09 	 4.21799e-07 
2.650 	 4.59735e-09 	 4.05348e-07 
2.652 	 4.40929e-09 	 3.89959e-07 
2.654 	 4.23316e-09 	 3.75549e-07 
2.656 	 4.06790e-09 	 3.62029e-07 
2.658 	 3.91242e-09 	 3.49307e-07 
2.660 	 3.76562e-09 	 3.37289e-07 
2.662 	 3.62640e-09 	 3.25879e-07 
2.664 	 3.49370e-09 	 3.14983e-07 
2.666 	 3.36649e-09 	 3.04511e-07 
2.668 	 3.24385e-09 	 2.94381e-07 
2.670 	 3.12497e-09 	 2.84520e-07 
2.672 	 3.00918e-09 	 2.74869e-07 
2.674 	 2.89599e-09 	 2.65383e-07 
2.676 	 2.78506e-09 	 2.56034e-07 
2.678 	 2.67623e-09 	 2.46806e-07 
2.680 	 2.56946e-09 	 2.37701e-07 
2.682 	 2.46486e-09 	 2.28727e-07 
2.684 	 2.36259e-09 	 2.19906e-07 
2.686 	 2.26287e-09 	 2.11259e-07 
2.688 	 2.16595e-09 	 2.02814e-07 
2.690 	 2.07205e-09 	 1.94594e-07 
2.692 	 1.98136e-09 	 1.86621e-07 
2.694 	 1.89405e-09 	 1.78915e-07 
2.696 	 1.81021e-09 	 1.71489e-07 
2.698 	 1.72993e-09 	 1.64352e-07 
2.700 	 1.65319e-09 	 1.57510e-07 
