Energy [eV] EELS_b EELS_a 
2.500 	 9.05117e-10 	 9.58559e-08 
2.502 	 9.27698e-10 	 9.86217e-08 
2.504 	 9.51305e-10 	 1.01518e-07 
2.506 	 9.75994e-10 	 1.04551e-07 
2.508 	 1.00182e-09 	 1.07730e-07 
2.510 	 1.02885e-09 	 1.11063e-07 
2.512 	 1.05713e-09 	 1.14557e-07 
2.514 	 1.08675e-09 	 1.18223e-07 
2.516 	 1.11776e-09 	 1.22070e-07 
2.519 	 1.15024e-09 	 1.26107e-07 
2.521 	 1.18426e-09 	 1.30344e-07 
2.523 	 1.21989e-09 	 1.34794e-07 
2.525 	 1.25721e-09 	 1.39465e-07 
2.527 	 1.29629e-09 	 1.44369e-07 
2.529 	 1.33721e-09 	 1.49518e-07 
2.531 	 1.38005e-09 	 1.54922e-07 
2.533 	 1.42486e-09 	 1.60592e-07 
2.535 	 1.47172e-09 	 1.66539e-07 
2.537 	 1.52069e-09 	 1.72772e-07 
2.539 	 1.57180e-09 	 1.79299e-07 
2.541 	 1.62509e-09 	 1.86129e-07 
2.543 	 1.68057e-09 	 1.93264e-07 
2.545 	 1.73825e-09 	 2.00709e-07 
2.547 	 1.79807e-09 	 2.08462e-07 
2.549 	 1.85998e-09 	 2.16518e-07 
2.551 	 1.92385e-09 	 2.24866e-07 
2.553 	 1.98953e-09 	 2.33490e-07 
2.555 	 2.05680e-09 	 2.42366e-07 
2.557 	 2.12537e-09 	 2.51461e-07 
2.559 	 2.19488e-09 	 2.60733e-07 
2.561 	 2.26489e-09 	 2.70127e-07 
2.563 	 2.33485e-09 	 2.79578e-07 
2.565 	 2.40413e-09 	 2.89007e-07 
2.567 	 2.47200e-09 	 2.98321e-07 
2.569 	 2.53762e-09 	 3.07412e-07 
2.571 	 2.60008e-09 	 3.16161e-07 
2.573 	 2.65836e-09 	 3.24436e-07 
2.575 	 2.71141e-09 	 3.32099e-07 
2.577 	 2.75815e-09 	 3.39003e-07 
2.579 	 2.79749e-09 	 3.45003e-07 
2.581 	 2.82842e-09 	 3.49958e-07 
2.583 	 2.84999e-09 	 3.53741e-07 
2.585 	 2.86143e-09 	 3.56240e-07 
2.587 	 2.86215e-09 	 3.57371e-07 
2.589 	 2.85177e-09 	 3.57077e-07 
2.591 	 2.83022e-09 	 3.55336e-07 
2.593 	 2.79764e-09 	 3.52163e-07 
2.595 	 2.75448e-09 	 3.47607e-07 
2.597 	 2.70143e-09 	 3.41751e-07 
2.599 	 2.63939e-09 	 3.34707e-07 
2.601 	 2.56944e-09 	 3.26609e-07 
2.603 	 2.49278e-09 	 3.17610e-07 
2.605 	 2.41067e-09 	 3.07870e-07 
2.607 	 2.32439e-09 	 2.97553e-07 
2.609 	 2.23519e-09 	 2.86818e-07 
2.611 	 2.14426e-09 	 2.75816e-07 
2.613 	 2.05266e-09 	 2.64686e-07 
2.615 	 1.96137e-09 	 2.53553e-07 
2.618 	 1.87121e-09 	 2.42525e-07 
2.620 	 1.78289e-09 	 2.31692e-07 
2.622 	 1.69699e-09 	 2.21130e-07 
2.624 	 1.61394e-09 	 2.10898e-07 
2.626 	 1.53411e-09 	 2.01042e-07 
2.628 	 1.45773e-09 	 1.91596e-07 
2.630 	 1.38496e-09 	 1.82583e-07 
2.632 	 1.31589e-09 	 1.74014e-07 
2.634 	 1.25053e-09 	 1.65897e-07 
2.636 	 1.18888e-09 	 1.58230e-07 
2.638 	 1.13086e-09 	 1.51007e-07 
2.640 	 1.07638e-09 	 1.44218e-07 
2.642 	 1.02531e-09 	 1.37850e-07 
2.644 	 9.77506e-10 	 1.31886e-07 
2.646 	 9.32815e-10 	 1.26306e-07 
2.648 	 8.91060e-10 	 1.21091e-07 
2.650 	 8.52057e-10 	 1.16219e-07 
2.652 	 8.15614e-10 	 1.11664e-07 
2.654 	 7.81529e-10 	 1.07402e-07 
2.656 	 7.49594e-10 	 1.03407e-07 
2.658 	 7.19597e-10 	 9.96515e-08 
2.660 	 6.91325e-10 	 9.61069e-08 
2.662 	 6.64566e-10 	 9.27455e-08 
2.664 	 6.39114e-10 	 8.95399e-08 
2.666 	 6.14775e-10 	 8.64640e-08 
2.668 	 5.91372e-10 	 8.34936e-08 
2.670 	 5.68751e-10 	 8.06078e-08 
2.672 	 5.46784e-10 	 7.77893e-08 
2.674 	 5.25375e-10 	 7.50250e-08 
2.676 	 5.04458e-10 	 7.23064e-08 
2.678 	 4.83997e-10 	 6.96291e-08 
2.680 	 4.63983e-10 	 6.69927e-08 
2.682 	 4.44427e-10 	 6.43999e-08 
2.684 	 4.25358e-10 	 6.18557e-08 
2.686 	 4.06810e-10 	 5.93665e-08 
2.688 	 3.88822e-10 	 5.69390e-08 
2.690 	 3.71431e-10 	 5.45799e-08 
2.692 	 3.54669e-10 	 5.22952e-08 
2.694 	 3.38560e-10 	 5.00896e-08 
2.696 	 3.23119e-10 	 4.79667e-08 
2.698 	 3.08355e-10 	 4.59289e-08 
2.700 	 2.94267e-10 	 4.39774e-08 
