Energy [eV] EELS_b EELS_a 
2.500 	 4.49348e-11 	 1.79814e-10 
2.502 	 4.59970e-11 	 1.84255e-10 
2.504 	 4.71086e-11 	 1.88903e-10 
2.506 	 4.82724e-11 	 1.93770e-10 
2.508 	 4.94913e-11 	 1.98867e-10 
2.510 	 5.07681e-11 	 2.04208e-10 
2.512 	 5.21060e-11 	 2.09805e-10 
2.514 	 5.35084e-11 	 2.15672e-10 
2.516 	 5.49785e-11 	 2.21825e-10 
2.519 	 5.65199e-11 	 2.28276e-10 
2.521 	 5.81362e-11 	 2.35044e-10 
2.523 	 5.98312e-11 	 2.42142e-10 
2.525 	 6.16086e-11 	 2.49588e-10 
2.527 	 6.34722e-11 	 2.57398e-10 
2.529 	 6.54259e-11 	 2.65587e-10 
2.531 	 6.74733e-11 	 2.74173e-10 
2.533 	 6.96180e-11 	 2.83171e-10 
2.535 	 7.18633e-11 	 2.92595e-10 
2.537 	 7.42123e-11 	 3.02458e-10 
2.539 	 7.66672e-11 	 3.12771e-10 
2.541 	 7.92298e-11 	 3.23543e-10 
2.543 	 8.19011e-11 	 3.34778e-10 
2.545 	 8.46806e-11 	 3.46476e-10 
2.547 	 8.75666e-11 	 3.58630e-10 
2.549 	 9.05557e-11 	 3.71227e-10 
2.551 	 9.36419e-11 	 3.84244e-10 
2.553 	 9.68171e-11 	 3.97649e-10 
2.555 	 1.00070e-10 	 4.11395e-10 
2.557 	 1.03385e-10 	 4.25421e-10 
2.559 	 1.06744e-10 	 4.39650e-10 
2.561 	 1.10124e-10 	 4.53984e-10 
2.563 	 1.13495e-10 	 4.68308e-10 
2.565 	 1.16824e-10 	 4.82481e-10 
2.567 	 1.20072e-10 	 4.96341e-10 
2.569 	 1.23195e-10 	 5.09705e-10 
2.571 	 1.26143e-10 	 5.22368e-10 
2.573 	 1.28864e-10 	 5.34108e-10 
2.575 	 1.31301e-10 	 5.44691e-10 
2.577 	 1.33397e-10 	 5.53878e-10 
2.579 	 1.35096e-10 	 5.61432e-10 
2.581 	 1.36345e-10 	 5.67131e-10 
2.583 	 1.37099e-10 	 5.70779e-10 
2.585 	 1.37319e-10 	 5.72214e-10 
2.587 	 1.36979e-10 	 5.71324e-10 
2.589 	 1.36067e-10 	 5.68048e-10 
2.591 	 1.34584e-10 	 5.62389e-10 
2.593 	 1.32547e-10 	 5.54410e-10 
2.595 	 1.29987e-10 	 5.44237e-10 
2.597 	 1.26949e-10 	 5.32048e-10 
2.599 	 1.23487e-10 	 5.18064e-10 
2.601 	 1.19664e-10 	 5.02543e-10 
2.603 	 1.15547e-10 	 4.85761e-10 
2.605 	 1.11204e-10 	 4.68002e-10 
2.607 	 1.06704e-10 	 4.49546e-10 
2.609 	 1.02110e-10 	 4.30660e-10 
2.611 	 9.74809e-11 	 4.11589e-10 
2.613 	 9.28691e-11 	 3.92552e-10 
2.615 	 8.83196e-11 	 3.73739e-10 
2.618 	 8.38700e-11 	 3.55309e-10 
2.620 	 7.95507e-11 	 3.37391e-10 
2.622 	 7.53852e-11 	 3.20087e-10 
2.624 	 7.13910e-11 	 3.03472e-10 
2.626 	 6.75800e-11 	 2.87600e-10 
2.628 	 6.39597e-11 	 2.72504e-10 
2.630 	 6.05335e-11 	 2.58202e-10 
2.632 	 5.73017e-11 	 2.44696e-10 
2.634 	 5.42619e-11 	 2.31980e-10 
2.636 	 5.14097e-11 	 2.20038e-10 
2.638 	 4.87393e-11 	 2.08848e-10 
2.640 	 4.62436e-11 	 1.98380e-10 
2.642 	 4.39145e-11 	 1.88604e-10 
2.644 	 4.17435e-11 	 1.79485e-10 
2.646 	 3.97214e-11 	 1.70986e-10 
2.648 	 3.78388e-11 	 1.63069e-10 
2.650 	 3.60861e-11 	 1.55693e-10 
2.652 	 3.44534e-11 	 1.48818e-10 
2.654 	 3.29305e-11 	 1.42402e-10 
2.656 	 3.15076e-11 	 1.36404e-10 
2.658 	 3.01744e-11 	 1.30780e-10 
2.660 	 2.89209e-11 	 1.25489e-10 
2.662 	 2.77373e-11 	 1.20490e-10 
2.664 	 2.66144e-11 	 1.15742e-10 
2.666 	 2.55432e-11 	 1.11208e-10 
2.668 	 2.45159e-11 	 1.06854e-10 
2.670 	 2.35256e-11 	 1.02652e-10 
2.672 	 2.25667e-11 	 9.85764e-11 
2.674 	 2.16350e-11 	 9.46101e-11 
2.676 	 2.07274e-11 	 9.07401e-11 
2.678 	 1.98424e-11 	 8.69599e-11 
2.680 	 1.89794e-11 	 8.32675e-11 
2.682 	 1.81387e-11 	 7.96648e-11 
2.684 	 1.73215e-11 	 7.61567e-11 
2.686 	 1.65289e-11 	 7.27494e-11 
2.688 	 1.57625e-11 	 6.94497e-11 
2.690 	 1.50237e-11 	 6.62640e-11 
2.692 	 1.43134e-11 	 6.31978e-11 
2.694 	 1.36327e-11 	 6.02551e-11 
2.696 	 1.29818e-11 	 5.74384e-11 
2.698 	 1.23610e-11 	 5.47487e-11 
2.700 	 1.17701e-11 	 5.21855e-11 
