Energy [eV] EELS_b EELS_a 
2.500 	 6.98196e-14 	 8.48937e-11 
2.502 	 7.01128e-14 	 8.57472e-11 
2.504 	 7.04418e-14 	 8.66534e-11 
2.506 	 7.08111e-14 	 8.76177e-11 
2.508 	 7.12224e-14 	 8.86397e-11 
2.510 	 7.16726e-14 	 8.97221e-11 
2.512 	 7.21702e-14 	 9.08723e-11 
2.514 	 7.27148e-14 	 9.20925e-11 
2.516 	 7.33066e-14 	 9.33824e-11 
2.519 	 7.39483e-14 	 9.47506e-11 
2.521 	 7.46395e-14 	 9.61956e-11 
2.523 	 7.53861e-14 	 9.77249e-11 
2.525 	 7.61918e-14 	 9.93447e-11 
2.527 	 7.70534e-14 	 1.01056e-10 
2.529 	 7.79785e-14 	 1.02865e-10 
2.531 	 7.89699e-14 	 1.04781e-10 
2.533 	 8.00262e-14 	 1.06803e-10 
2.535 	 8.11559e-14 	 1.08942e-10 
2.537 	 8.23573e-14 	 1.11200e-10 
2.539 	 8.36379e-14 	 1.13588e-10 
2.541 	 8.50028e-14 	 1.16115e-10 
2.543 	 8.64520e-14 	 1.18785e-10 
2.545 	 8.79941e-14 	 1.21608e-10 
2.547 	 8.96264e-14 	 1.24588e-10 
2.549 	 9.13605e-14 	 1.27740e-10 
2.551 	 9.31950e-14 	 1.31065e-10 
2.553 	 9.51404e-14 	 1.34582e-10 
2.555 	 9.71991e-14 	 1.38297e-10 
2.557 	 9.93757e-14 	 1.42218e-10 
2.559 	 1.01676e-13 	 1.46359e-10 
2.561 	 1.04107e-13 	 1.50731e-10 
2.563 	 1.06662e-13 	 1.55331e-10 
2.565 	 1.09358e-13 	 1.60183e-10 
2.567 	 1.12192e-13 	 1.65291e-10 
2.569 	 1.15168e-13 	 1.70660e-10 
2.571 	 1.18284e-13 	 1.76295e-10 
2.573 	 1.21542e-13 	 1.82200e-10 
2.575 	 1.24941e-13 	 1.88377e-10 
2.577 	 1.28478e-13 	 1.94826e-10 
2.579 	 1.32138e-13 	 2.01527e-10 
2.581 	 1.35918e-13 	 2.08481e-10 
2.583 	 1.39800e-13 	 2.15660e-10 
2.585 	 1.43761e-13 	 2.23032e-10 
2.587 	 1.47778e-13 	 2.30564e-10 
2.589 	 1.51821e-13 	 2.38206e-10 
2.591 	 1.55849e-13 	 2.45898e-10 
2.593 	 1.59815e-13 	 2.53565e-10 
2.595 	 1.63666e-13 	 2.61117e-10 
2.597 	 1.67339e-13 	 2.68456e-10 
2.599 	 1.70769e-13 	 2.75469e-10 
2.601 	 1.73879e-13 	 2.82029e-10 
2.603 	 1.76592e-13 	 2.88002e-10 
2.605 	 1.78828e-13 	 2.93253e-10 
2.607 	 1.80509e-13 	 2.97640e-10 
2.609 	 1.81564e-13 	 3.01034e-10 
2.611 	 1.81931e-13 	 3.03319e-10 
2.613 	 1.81557e-13 	 3.04391e-10 
2.615 	 1.80416e-13 	 3.04187e-10 
2.618 	 1.78492e-13 	 3.02658e-10 
2.620 	 1.75796e-13 	 2.99804e-10 
2.622 	 1.72360e-13 	 2.95653e-10 
2.624 	 1.68238e-13 	 2.90275e-10 
2.626 	 1.63499e-13 	 2.83766e-10 
2.628 	 1.58231e-13 	 2.76256e-10 
2.630 	 1.52527e-13 	 2.67891e-10 
2.632 	 1.46490e-13 	 2.58831e-10 
2.634 	 1.40219e-13 	 2.49243e-10 
2.636 	 1.33815e-13 	 2.39292e-10 
2.638 	 1.27363e-13 	 2.29127e-10 
2.640 	 1.20947e-13 	 2.18898e-10 
2.642 	 1.14635e-13 	 2.08725e-10 
2.644 	 1.08486e-13 	 1.98722e-10 
2.646 	 1.02545e-13 	 1.88973e-10 
2.648 	 9.68430e-14 	 1.79547e-10 
2.650 	 9.14104e-14 	 1.70502e-10 
2.652 	 8.62591e-14 	 1.61873e-10 
2.654 	 8.13949e-14 	 1.53677e-10 
2.656 	 7.68229e-14 	 1.45933e-10 
2.658 	 7.25336e-14 	 1.38633e-10 
2.660 	 6.85201e-14 	 1.31771e-10 
2.662 	 6.47694e-14 	 1.25330e-10 
2.664 	 6.12664e-14 	 1.19288e-10 
2.666 	 5.79951e-14 	 1.13620e-10 
2.668 	 5.49376e-14 	 1.08298e-10 
2.670 	 5.20753e-14 	 1.03292e-10 
2.672 	 4.93884e-14 	 9.85671e-11 
2.674 	 4.68617e-14 	 9.40988e-11 
2.676 	 4.44792e-14 	 8.98575e-11 
2.678 	 4.22241e-14 	 8.58162e-11 
2.680 	 4.00862e-14 	 8.19559e-11 
2.682 	 3.80523e-14 	 7.82549e-11 
2.684 	 3.61157e-14 	 7.47031e-11 
2.686 	 3.42683e-14 	 7.12887e-11 
2.688 	 3.25059e-14 	 6.80061e-11 
2.690 	 3.08245e-14 	 6.48496e-11 
2.692 	 2.92206e-14 	 6.18167e-11 
2.694 	 2.76934e-14 	 5.89083e-11 
2.696 	 2.62397e-14 	 5.61211e-11 
2.698 	 2.48585e-14 	 5.34562e-11 
2.700 	 2.35454e-14 	 5.09079e-11 
