Energy [eV] EELS_b EELS_a 
2.500 	 5.50184e-05 	 3.14964e-04 
2.502 	 5.67379e-05 	 3.25566e-04 
2.504 	 5.85377e-05 	 3.36696e-04 
2.506 	 6.04226e-05 	 3.48386e-04 
2.508 	 6.23973e-05 	 3.60672e-04 
2.510 	 6.44669e-05 	 3.73591e-04 
2.512 	 6.66370e-05 	 3.87183e-04 
2.514 	 6.89131e-05 	 4.01491e-04 
2.516 	 7.13013e-05 	 4.16560e-04 
2.519 	 7.38080e-05 	 4.32440e-04 
2.521 	 7.64398e-05 	 4.49182e-04 
2.523 	 7.92037e-05 	 4.66841e-04 
2.525 	 8.21067e-05 	 4.85476e-04 
2.527 	 8.51566e-05 	 5.05148e-04 
2.529 	 8.83609e-05 	 5.25924e-04 
2.531 	 9.17276e-05 	 5.47871e-04 
2.533 	 9.52648e-05 	 5.71063e-04 
2.535 	 9.89806e-05 	 5.95575e-04 
2.537 	 1.02883e-04 	 6.21484e-04 
2.539 	 1.06980e-04 	 6.48872e-04 
2.541 	 1.11280e-04 	 6.77821e-04 
2.543 	 1.15789e-04 	 7.08412e-04 
2.545 	 1.20514e-04 	 7.40729e-04 
2.547 	 1.25460e-04 	 7.74850e-04 
2.549 	 1.30630e-04 	 8.10849e-04 
2.551 	 1.36028e-04 	 8.48794e-04 
2.553 	 1.41652e-04 	 8.88740e-04 
2.555 	 1.47500e-04 	 9.30727e-04 
2.557 	 1.53564e-04 	 9.74774e-04 
2.559 	 1.59833e-04 	 1.02087e-03 
2.561 	 1.66292e-04 	 1.06898e-03 
2.563 	 1.72918e-04 	 1.11902e-03 
2.565 	 1.79682e-04 	 1.17085e-03 
2.567 	 1.86548e-04 	 1.22426e-03 
2.569 	 1.93471e-04 	 1.27898e-03 
2.571 	 2.00396e-04 	 1.33466e-03 
2.573 	 2.07260e-04 	 1.39085e-03 
2.575 	 2.13988e-04 	 1.44698e-03 
2.577 	 2.20498e-04 	 1.50240e-03 
2.579 	 2.26699e-04 	 1.55634e-03 
2.581 	 2.32491e-04 	 1.60793e-03 
2.583 	 2.37773e-04 	 1.65625e-03 
2.585 	 2.42442e-04 	 1.70029e-03 
2.587 	 2.46396e-04 	 1.73905e-03 
2.589 	 2.49543e-04 	 1.77157e-03 
2.591 	 2.51802e-04 	 1.79696e-03 
2.593 	 2.53111e-04 	 1.81451e-03 
2.595 	 2.53429e-04 	 1.82368e-03 
2.597 	 2.52736e-04 	 1.82417e-03 
2.599 	 2.51044e-04 	 1.81596e-03 
2.601 	 2.48385e-04 	 1.79928e-03 
2.603 	 2.44818e-04 	 1.77462e-03 
2.605 	 2.40422e-04 	 1.74269e-03 
2.607 	 2.35292e-04 	 1.70436e-03 
2.609 	 2.29534e-04 	 1.66063e-03 
2.611 	 2.23260e-04 	 1.61255e-03 
2.613 	 2.16582e-04 	 1.56115e-03 
2.615 	 2.09611e-04 	 1.50746e-03 
2.618 	 2.02449e-04 	 1.45241e-03 
2.620 	 1.95190e-04 	 1.39683e-03 
2.622 	 1.87919e-04 	 1.34146e-03 
2.624 	 1.80708e-04 	 1.28690e-03 
2.626 	 1.73618e-04 	 1.23367e-03 
2.628 	 1.66701e-04 	 1.18215e-03 
2.630 	 1.59996e-04 	 1.13266e-03 
2.632 	 1.53536e-04 	 1.08542e-03 
2.634 	 1.47344e-04 	 1.04057e-03 
2.636 	 1.41436e-04 	 9.98215e-04 
2.638 	 1.35823e-04 	 9.58386e-04 
2.640 	 1.30508e-04 	 9.21086e-04 
2.642 	 1.25492e-04 	 8.86278e-04 
2.644 	 1.20771e-04 	 8.53896e-04 
2.646 	 1.16339e-04 	 8.23852e-04 
2.648 	 1.12184e-04 	 7.96032e-04 
2.650 	 1.08293e-04 	 7.70303e-04 
2.652 	 1.04652e-04 	 7.46513e-04 
2.654 	 1.01241e-04 	 7.24491e-04 
2.656 	 9.80397e-05 	 7.04052e-04 
2.658 	 9.50267e-05 	 6.84990e-04 
2.660 	 9.21777e-05 	 6.67092e-04 
2.662 	 8.94677e-05 	 6.50134e-04 
2.664 	 8.68717e-05 	 6.33890e-04 
2.666 	 8.43648e-05 	 6.18142e-04 
2.668 	 8.19241e-05 	 6.02684e-04 
2.670 	 7.95291e-05 	 5.87336e-04 
2.672 	 7.71626e-05 	 5.71947e-04 
2.674 	 7.48120e-05 	 5.56408e-04 
2.676 	 7.24690e-05 	 5.40650e-04 
2.678 	 7.01299e-05 	 5.24648e-04 
2.680 	 6.77953e-05 	 5.08416e-04 
2.682 	 6.54695e-05 	 4.92001e-04 
2.684 	 6.31592e-05 	 4.75475e-04 
2.686 	 6.08731e-05 	 4.58925e-04 
2.688 	 5.86202e-05 	 4.42447e-04 
2.690 	 5.64099e-05 	 4.26133e-04 
2.692 	 5.42505e-05 	 4.10072e-04 
2.694 	 5.21495e-05 	 3.94341e-04 
2.696 	 5.01129e-05 	 3.79005e-04 
2.698 	 4.81453e-05 	 3.64115e-04 
2.700 	 4.62498e-05 	 3.49713e-04 
