Energy [eV] Ext Cross [um^2] Abs Cross [um^2] Sca Cross [um^2] 
2.480 	 3.30174e-04 	 2.53676e-04 	 7.64988e-05 
2.443 	 3.47810e-04 	 2.61839e-04 	 8.59708e-05 
2.407 	 3.65919e-04 	 2.70292e-04 	 9.56271e-05 
2.373 	 3.84481e-04 	 2.79044e-04 	 1.05437e-04 
2.339 	 4.03489e-04 	 2.88113e-04 	 1.15376e-04 
2.306 	 4.22914e-04 	 2.97492e-04 	 1.25422e-04 
2.274 	 4.42779e-04 	 3.07221e-04 	 1.35558e-04 
2.243 	 4.63001e-04 	 3.17233e-04 	 1.45768e-04 
2.213 	 4.83470e-04 	 3.27425e-04 	 1.56044e-04 
2.184 	 5.04371e-04 	 3.37987e-04 	 1.66384e-04 
2.155 	 5.25707e-04 	 3.48931e-04 	 1.76777e-04 
2.127 	 5.47507e-04 	 3.60289e-04 	 1.87218e-04 
2.100 	 5.69861e-04 	 3.72157e-04 	 1.97704e-04 
2.074 	 5.93011e-04 	 3.84781e-04 	 2.08230e-04 
2.048 	 6.16810e-04 	 3.98040e-04 	 2.18770e-04 
2.023 	 6.39429e-04 	 4.10094e-04 	 2.29335e-04 
1.998 	 6.62049e-04 	 4.22069e-04 	 2.39980e-04 
1.974 	 6.85529e-04 	 4.34845e-04 	 2.50684e-04 
1.951 	 7.09631e-04 	 4.48193e-04 	 2.61437e-04 
1.928 	 7.34207e-04 	 4.61962e-04 	 2.72245e-04 
1.905 	 7.59189e-04 	 4.76075e-04 	 2.83114e-04 
1.884 	 7.84520e-04 	 4.90471e-04 	 2.94049e-04 
1.862 	 8.10113e-04 	 5.05060e-04 	 3.05053e-04 
1.841 	 8.35881e-04 	 5.19745e-04 	 3.16136e-04 
1.821 	 8.61694e-04 	 5.34388e-04 	 3.27307e-04 
1.801 	 8.87313e-04 	 5.48739e-04 	 3.38574e-04 
1.782 	 9.12334e-04 	 5.62388e-04 	 3.49945e-04 
1.763 	 9.36060e-04 	 5.74627e-04 	 3.61433e-04 
1.744 	 9.57231e-04 	 5.84178e-04 	 3.73053e-04 
1.726 	 9.73473e-04 	 5.88653e-04 	 3.84820e-04 
1.708 	 9.80221e-04 	 5.83472e-04 	 3.96750e-04 
1.690 	 9.69292e-04 	 5.60447e-04 	 4.08845e-04 
1.673 	 9.32516e-04 	 5.11486e-04 	 4.21030e-04 
1.656 	 8.95571e-04 	 4.62526e-04 	 4.33045e-04 
1.640 	 9.41455e-04 	 4.96638e-04 	 4.44817e-04 
1.623 	 1.05328e-03 	 5.96370e-04 	 4.56909e-04 
1.608 	 1.15447e-03 	 6.84966e-04 	 4.69500e-04 
1.592 	 1.23203e-03 	 7.49594e-04 	 4.82441e-04 
1.577 	 1.29479e-03 	 7.99142e-04 	 4.95644e-04 
1.562 	 1.34977e-03 	 8.40687e-04 	 5.09088e-04 
1.547 	 1.40091e-03 	 8.78140e-04 	 5.22772e-04 
1.533 	 1.45030e-03 	 9.13595e-04 	 5.36707e-04 
1.519 	 1.49913e-03 	 9.48222e-04 	 5.50906e-04 
1.505 	 1.54809e-03 	 9.82706e-04 	 5.65383e-04 
1.491 	 1.59764e-03 	 1.01748e-03 	 5.80156e-04 
1.478 	 1.64807e-03 	 1.05283e-03 	 5.95240e-04 
1.464 	 1.69961e-03 	 1.08896e-03 	 6.10653e-04 
1.452 	 1.75243e-03 	 1.12602e-03 	 6.26412e-04 
1.439 	 1.80668e-03 	 1.16414e-03 	 6.42536e-04 
1.426 	 1.86248e-03 	 1.20343e-03 	 6.59044e-04 
1.414 	 1.91994e-03 	 1.24398e-03 	 6.75958e-04 
1.402 	 1.97919e-03 	 1.28589e-03 	 6.93299e-04 
1.390 	 2.04032e-03 	 1.32923e-03 	 7.11090e-04 
1.379 	 2.10345e-03 	 1.37410e-03 	 7.29354e-04 
1.367 	 2.16868e-03 	 1.42056e-03 	 7.48115e-04 
1.356 	 2.23612e-03 	 1.46872e-03 	 7.67400e-04 
1.345 	 2.30588e-03 	 1.51865e-03 	 7.87237e-04 
1.334 	 2.37809e-03 	 1.57044e-03 	 8.07656e-04 
1.323 	 2.45289e-03 	 1.62420e-03 	 8.28686e-04 
1.313 	 2.53041e-03 	 1.68006e-03 	 8.50354e-04 
1.302 	 2.61080e-03 	 1.73811e-03 	 8.72694e-04 
1.292 	 2.69420e-03 	 1.79846e-03 	 8.95742e-04 
1.282 	 2.78075e-03 	 1.86122e-03 	 9.19538e-04 
1.272 	 2.87063e-03 	 1.92651e-03 	 9.44123e-04 
1.262 	 2.96401e-03 	 1.99447e-03 	 9.69542e-04 
1.253 	 3.06108e-03 	 2.06524e-03 	 9.95837e-04 
1.243 	 3.16203e-03 	 2.13897e-03 	 1.02306e-03 
1.234 	 3.26707e-03 	 2.21581e-03 	 1.05126e-03 
1.225 	 3.37643e-03 	 2.29595e-03 	 1.08048e-03 
1.216 	 3.49035e-03 	 2.37955e-03 	 1.11080e-03 
1.207 	 3.60909e-03 	 2.46682e-03 	 1.14227e-03 
1.198 	 3.73292e-03 	 2.55796e-03 	 1.17495e-03 
1.189 	 3.86213e-03 	 2.65320e-03 	 1.20892e-03 
1.181 	 3.99704e-03 	 2.75278e-03 	 1.24426e-03 
1.172 	 4.13798e-03 	 2.85694e-03 	 1.28104e-03 
1.164 	 4.28532e-03 	 2.96597e-03 	 1.31935e-03 
1.156 	 4.43944e-03 	 3.08016e-03 	 1.35928e-03 
1.148 	 4.60077e-03 	 3.19983e-03 	 1.40094e-03 
1.140 	 4.76974e-03 	 3.32531e-03 	 1.44443e-03 
1.132 	 4.94685e-03 	 3.45698e-03 	 1.48987e-03 
1.124 	 5.13261e-03 	 3.59524e-03 	 1.53738e-03 
1.117 	 5.32760e-03 	 3.74051e-03 	 1.58710e-03 
1.109 	 5.53243e-03 	 3.89325e-03 	 1.63917e-03 
1.102 	 5.74774e-03 	 4.05399e-03 	 1.69376e-03 
1.094 	 5.97427e-03 	 4.22324e-03 	 1.75102e-03 
1.087 	 6.21278e-03 	 4.40162e-03 	 1.81116e-03 
1.080 	 6.46412e-03 	 4.58976e-03 	 1.87436e-03 
1.073 	 6.72921e-03 	 4.78836e-03 	 1.94085e-03 
1.066 	 7.00906e-03 	 4.99819e-03 	 2.01087e-03 
1.059 	 7.30476e-03 	 5.22009e-03 	 2.08467e-03 
1.052 	 7.61752e-03 	 5.45497e-03 	 2.16255e-03 
1.046 	 7.94863e-03 	 5.70382e-03 	 2.24481e-03 
1.039 	 8.29954e-03 	 5.96775e-03 	 2.33179e-03 
1.032 	 8.67183e-03 	 6.24795e-03 	 2.42387e-03 
1.026 	 9.06722e-03 	 6.54576e-03 	 2.52146e-03 
1.020 	 9.48763e-03 	 6.86263e-03 	 2.62501e-03 
1.013 	 9.93517e-03 	 7.20016e-03 	 2.73501e-03 
1.007 	 1.04122e-02 	 7.56015e-03 	 2.85202e-03 
1.001 	 1.09212e-02 	 7.94457e-03 	 2.97666e-03 
0.995 	 1.14652e-02 	 8.35562e-03 	 3.10959e-03 
0.989 	 1.20473e-02 	 8.79573e-03 	 3.25158e-03 
0.983 	 1.26711e-02 	 9.26763e-03 	 3.40347e-03 
0.977 	 1.33405e-02 	 9.77436e-03 	 3.56618e-03 
0.971 	 1.40601e-02 	 1.03193e-02 	 3.74078e-03 
0.966 	 1.48347e-02 	 1.09063e-02 	 3.92843e-03 
0.960 	 1.56701e-02 	 1.15397e-02 	 4.13045e-03 
0.955 	 1.65725e-02 	 1.22242e-02 	 4.34833e-03 
0.949 	 1.75491e-02 	 1.29654e-02 	 4.58374e-03 
0.944 	 1.86080e-02 	 1.37694e-02 	 4.83860e-03 
0.938 	 1.97584e-02 	 1.46433e-02 	 5.11505e-03 
0.933 	 2.10107e-02 	 1.55952e-02 	 5.41555e-03 
0.928 	 2.23770e-02 	 1.66341e-02 	 5.74291e-03 
0.922 	 2.38710e-02 	 1.77707e-02 	 6.10034e-03 
0.917 	 2.55084e-02 	 1.90169e-02 	 6.49150e-03 
0.912 	 2.73072e-02 	 2.03866e-02 	 6.92064e-03 
0.907 	 2.92885e-02 	 2.18958e-02 	 7.39264e-03 
0.902 	 3.14763e-02 	 2.35632e-02 	 7.91313e-03 
0.897 	 3.38989e-02 	 2.54102e-02 	 8.48866e-03 
0.892 	 3.65888e-02 	 2.74620e-02 	 9.12684e-03 
0.888 	 3.95842e-02 	 2.97477e-02 	 9.83653e-03 
0.883 	 4.29296e-02 	 3.23015e-02 	 1.06281e-02 
0.878 	 4.66769e-02 	 3.51634e-02 	 1.15135e-02 
0.873 	 5.08872e-02 	 3.83802e-02 	 1.25070e-02 
0.869 	 5.56316e-02 	 4.20066e-02 	 1.36250e-02 
0.864 	 6.09933e-02 	 4.61065e-02 	 1.48867e-02 
0.860 	 6.70690e-02 	 5.07544e-02 	 1.63145e-02 
0.855 	 7.39703e-02 	 5.60362e-02 	 1.79341e-02 
0.851 	 8.18246e-02 	 6.20499e-02 	 1.97747e-02 
0.847 	 9.07745e-02 	 6.89055e-02 	 2.18689e-02 
0.842 	 1.00975e-01 	 7.67226e-02 	 2.42522e-02 
0.838 	 1.12586e-01 	 8.56250e-02 	 2.69607e-02 
0.834 	 1.25758e-01 	 9.57301e-02 	 3.00283e-02 
0.829 	 1.40610e-01 	 1.07130e-01 	 3.34806e-02 
0.825 	 1.57183e-01 	 1.19858e-01 	 3.73253e-02 
0.821 	 1.75385e-01 	 1.33846e-01 	 4.15381e-02 
0.817 	 1.94903e-01 	 1.48859e-01 	 4.60438e-02 
0.813 	 2.15114e-01 	 1.64420e-01 	 5.06941e-02 
0.809 	 2.35001e-01 	 1.79750e-01 	 5.52504e-02 
0.805 	 2.53142e-01 	 1.93761e-01 	 5.93811e-02 
0.801 	 2.67835e-01 	 2.05143e-01 	 6.26916e-02 
0.797 	 2.77386e-01 	 2.12593e-01 	 6.47930e-02 
0.793 	 2.80536e-01 	 2.15136e-01 	 6.53999e-02 
0.790 	 2.76841e-01 	 2.12423e-01 	 6.44180e-02 
0.786 	 2.66817e-01 	 2.04841e-01 	 6.19761e-02 
0.782 	 2.51775e-01 	 1.93390e-01 	 5.83851e-02 
0.778 	 2.33421e-01 	 1.79376e-01 	 5.40449e-02 
0.775 	 2.13446e-01 	 1.64097e-01 	 4.93487e-02 
0.771 	 1.93243e-01 	 1.48625e-01 	 4.46181e-02 
0.768 	 1.73795e-01 	 1.33716e-01 	 4.00789e-02 
0.764 	 1.55700e-01 	 1.19834e-01 	 3.58663e-02 
0.760 	 1.39248e-01 	 1.07203e-01 	 3.20447e-02 
0.757 	 1.24519e-01 	 9.58885e-02 	 2.86301e-02 
0.753 	 1.11462e-01 	 8.58529e-02 	 2.56088e-02 
0.750 	 9.99559e-02 	 7.70051e-02 	 2.29508e-02 
0.747 	 8.98486e-02 	 6.92289e-02 	 2.06197e-02 
0.743 	 8.09795e-02 	 6.24022e-02 	 1.85773e-02 
0.740 	 7.31944e-02 	 5.64072e-02 	 1.67872e-02 
0.737 	 6.63519e-02 	 5.11358e-02 	 1.52161e-02 
0.733 	 6.03259e-02 	 4.64914e-02 	 1.38345e-02 
0.730 	 5.50058e-02 	 4.23894e-02 	 1.26164e-02 
0.727 	 5.02962e-02 	 3.87566e-02 	 1.15396e-02 
0.724 	 4.61148e-02 	 3.55299e-02 	 1.05849e-02 
0.720 	 4.23912e-02 	 3.26553e-02 	 9.73589e-03 
0.717 	 3.90653e-02 	 3.00867e-02 	 8.97862e-03 
0.714 	 3.60856e-02 	 2.77845e-02 	 8.30113e-03 
0.711 	 3.34082e-02 	 2.57150e-02 	 7.69322e-03 
0.708 	 3.09954e-02 	 2.38492e-02 	 7.14616e-03 
0.705 	 2.88148e-02 	 2.21624e-02 	 6.65248e-03 
0.702 	 2.68389e-02 	 2.06331e-02 	 6.20576e-03 
0.699 	 2.50435e-02 	 1.92431e-02 	 5.80046e-03 
0.696 	 2.34081e-02 	 1.79763e-02 	 5.43183e-03 
0.693 	 2.19148e-02 	 1.68191e-02 	 5.09572e-03 
0.690 	 2.05480e-02 	 1.57595e-02 	 4.78854e-03 
0.687 	 1.92941e-02 	 1.47869e-02 	 4.50718e-03 
0.684 	 1.81413e-02 	 1.38924e-02 	 4.24892e-03 
0.682 	 1.70793e-02 	 1.30679e-02 	 4.01136e-03 
0.679 	 1.60988e-02 	 1.23064e-02 	 3.79241e-03 
0.676 	 1.51920e-02 	 1.16017e-02 	 3.59023e-03 
0.673 	 1.43516e-02 	 1.09484e-02 	 3.40319e-03 
0.671 	 1.35715e-02 	 1.03417e-02 	 3.22986e-03 
0.668 	 1.28461e-02 	 9.77718e-03 	 3.06896e-03 
0.665 	 1.21705e-02 	 9.25111e-03 	 2.91935e-03 
0.662 	 1.15401e-02 	 8.76007e-03 	 2.78004e-03 
0.660 	 1.09511e-02 	 8.30103e-03 	 2.65011e-03 
0.657 	 1.04000e-02 	 7.87126e-03 	 2.52876e-03 
0.655 	 9.88360e-03 	 7.46833e-03 	 2.41527e-03 
0.652 	 9.39901e-03 	 7.09003e-03 	 2.30899e-03 
0.649 	 8.94370e-03 	 6.73438e-03 	 2.20932e-03 
0.647 	 8.51535e-03 	 6.39960e-03 	 2.11575e-03 
0.644 	 8.11187e-03 	 6.08407e-03 	 2.02780e-03 
0.642 	 7.73136e-03 	 5.78632e-03 	 1.94503e-03 
0.639 	 7.37209e-03 	 5.50503e-03 	 1.86706e-03 
0.637 	 7.03251e-03 	 5.23899e-03 	 1.79352e-03 
0.634 	 6.71118e-03 	 4.98709e-03 	 1.72409e-03 
0.632 	 6.40681e-03 	 4.74833e-03 	 1.65848e-03 
0.629 	 6.11820e-03 	 4.52179e-03 	 1.59641e-03 
0.627 	 5.84428e-03 	 4.30663e-03 	 1.53765e-03 
0.625 	 5.58404e-03 	 4.10208e-03 	 1.48196e-03 
0.622 	 5.33657e-03 	 3.90743e-03 	 1.42914e-03 
0.620 	 5.10104e-03 	 3.72204e-03 	 1.37900e-03 
