Energy [eV] EELS_b EELS_a 
2.500 	 1.15510e-06 	 2.15911e-05 
2.502 	 1.19192e-06 	 2.23217e-05 
2.504 	 1.23057e-06 	 2.30892e-05 
2.506 	 1.27118e-06 	 2.38957e-05 
2.508 	 1.31385e-06 	 2.47436e-05 
2.510 	 1.35871e-06 	 2.56355e-05 
2.512 	 1.40590e-06 	 2.65739e-05 
2.514 	 1.45556e-06 	 2.75619e-05 
2.516 	 1.50784e-06 	 2.86023e-05 
2.519 	 1.56291e-06 	 2.96984e-05 
2.521 	 1.62092e-06 	 3.08533e-05 
2.523 	 1.68206e-06 	 3.20706e-05 
2.525 	 1.74651e-06 	 3.33538e-05 
2.527 	 1.81447e-06 	 3.47067e-05 
2.529 	 1.88612e-06 	 3.61329e-05 
2.531 	 1.96167e-06 	 3.76363e-05 
2.533 	 2.04133e-06 	 3.92208e-05 
2.535 	 2.12529e-06 	 4.08900e-05 
2.537 	 2.21377e-06 	 4.26478e-05 
2.539 	 2.30695e-06 	 4.44975e-05 
2.541 	 2.40502e-06 	 4.64420e-05 
2.543 	 2.50814e-06 	 4.84840e-05 
2.545 	 2.61642e-06 	 5.06253e-05 
2.547 	 2.72997e-06 	 5.28667e-05 
2.549 	 2.84881e-06 	 5.52079e-05 
2.551 	 2.97292e-06 	 5.76471e-05 
2.553 	 3.10218e-06 	 6.01806e-05 
2.555 	 3.23635e-06 	 6.28026e-05 
2.557 	 3.37509e-06 	 6.55045e-05 
2.559 	 3.51790e-06 	 6.82746e-05 
2.561 	 3.66407e-06 	 7.10977e-05 
2.563 	 3.81274e-06 	 7.39546e-05 
2.565 	 3.96278e-06 	 7.68221e-05 
2.567 	 4.11284e-06 	 7.96722e-05 
2.569 	 4.26131e-06 	 8.24725e-05 
2.571 	 4.40632e-06 	 8.51865e-05 
2.573 	 4.54577e-06 	 8.77734e-05 
2.575 	 4.67735e-06 	 9.01900e-05 
2.577 	 4.79860e-06 	 9.23909e-05 
2.579 	 4.90698e-06 	 9.43306e-05 
2.581 	 4.99998e-06 	 9.59655e-05 
2.583 	 5.07522e-06 	 9.72555e-05 
2.585 	 5.13059e-06 	 9.81666e-05 
2.587 	 5.16436e-06 	 9.86727e-05 
2.589 	 5.17533e-06 	 9.87573e-05 
2.591 	 5.16285e-06 	 9.84146e-05 
2.593 	 5.12694e-06 	 9.76503e-05 
2.595 	 5.06825e-06 	 9.64809e-05 
2.597 	 4.98807e-06 	 9.49330e-05 
2.599 	 4.88821e-06 	 9.30419e-05 
2.601 	 4.77093e-06 	 9.08495e-05 
2.603 	 4.63877e-06 	 8.84019e-05 
2.605 	 4.49447e-06 	 8.57474e-05 
2.607 	 4.34078e-06 	 8.29343e-05 
2.609 	 4.18041e-06 	 8.00092e-05 
2.611 	 4.01588e-06 	 7.70156e-05 
2.613 	 3.84949e-06 	 7.39930e-05 
2.615 	 3.68328e-06 	 7.09760e-05 
2.618 	 3.51897e-06 	 6.79943e-05 
2.620 	 3.35801e-06 	 6.50727e-05 
2.622 	 3.20155e-06 	 6.22311e-05 
2.624 	 3.05050e-06 	 5.94853e-05 
2.626 	 2.90552e-06 	 5.68469e-05 
2.628 	 2.76707e-06 	 5.43243e-05 
2.630 	 2.63545e-06 	 5.19231e-05 
2.632 	 2.51080e-06 	 4.96461e-05 
2.634 	 2.39315e-06 	 4.74943e-05 
2.636 	 2.28244e-06 	 4.54671e-05 
2.638 	 2.17853e-06 	 4.35624e-05 
2.640 	 2.08122e-06 	 4.17771e-05 
2.642 	 1.99026e-06 	 4.01071e-05 
2.644 	 1.90537e-06 	 3.85478e-05 
2.646 	 1.82624e-06 	 3.70936e-05 
2.648 	 1.75254e-06 	 3.57388e-05 
2.650 	 1.68390e-06 	 3.44768e-05 
2.652 	 1.61995e-06 	 3.33007e-05 
2.654 	 1.56030e-06 	 3.22030e-05 
2.656 	 1.50453e-06 	 3.11759e-05 
2.658 	 1.45223e-06 	 3.02110e-05 
2.660 	 1.40296e-06 	 2.92998e-05 
2.662 	 1.35629e-06 	 2.84336e-05 
2.664 	 1.31180e-06 	 2.76038e-05 
2.666 	 1.26908e-06 	 2.68021e-05 
2.668 	 1.22778e-06 	 2.60211e-05 
2.670 	 1.18756e-06 	 2.52540e-05 
2.672 	 1.14816e-06 	 2.44954e-05 
2.674 	 1.10938e-06 	 2.37415e-05 
2.676 	 1.07109e-06 	 2.29898e-05 
2.678 	 1.03323e-06 	 2.22394e-05 
2.680 	 9.95793e-07 	 2.14907e-05 
2.682 	 9.58828e-07 	 2.07453e-05 
2.684 	 9.22420e-07 	 2.00056e-05 
2.686 	 8.86675e-07 	 1.92744e-05 
2.688 	 8.51706e-07 	 1.85547e-05 
2.690 	 8.17626e-07 	 1.78496e-05 
2.692 	 7.84536e-07 	 1.71617e-05 
2.694 	 7.52520e-07 	 1.64933e-05 
2.696 	 7.21644e-07 	 1.58463e-05 
2.698 	 6.91952e-07 	 1.52220e-05 
2.700 	 6.63472e-07 	 1.46214e-05 
