Energy [eV] EELS_b EELS_a 
2.500 	 6.66159e-11 	 1.43144e-08 
2.502 	 6.82008e-11 	 1.47140e-08 
2.504 	 6.98595e-11 	 1.51325e-08 
2.506 	 7.15959e-11 	 1.55709e-08 
2.508 	 7.34143e-11 	 1.60304e-08 
2.510 	 7.53192e-11 	 1.65121e-08 
2.512 	 7.73151e-11 	 1.70173e-08 
2.514 	 7.94071e-11 	 1.75472e-08 
2.516 	 8.16000e-11 	 1.81033e-08 
2.519 	 8.38993e-11 	 1.86870e-08 
2.521 	 8.63103e-11 	 1.92998e-08 
2.523 	 8.88386e-11 	 1.99431e-08 
2.525 	 9.14899e-11 	 2.06186e-08 
2.527 	 9.42699e-11 	 2.13278e-08 
2.529 	 9.71844e-11 	 2.20724e-08 
2.531 	 1.00239e-10 	 2.28538e-08 
2.533 	 1.03439e-10 	 2.36737e-08 
2.535 	 1.06789e-10 	 2.45336e-08 
2.537 	 1.10295e-10 	 2.54347e-08 
2.539 	 1.13959e-10 	 2.63783e-08 
2.541 	 1.17784e-10 	 2.73653e-08 
2.543 	 1.21773e-10 	 2.83964e-08 
2.545 	 1.25925e-10 	 2.94717e-08 
2.547 	 1.30237e-10 	 3.05911e-08 
2.549 	 1.34704e-10 	 3.17536e-08 
2.551 	 1.39319e-10 	 3.29574e-08 
2.553 	 1.44070e-10 	 3.42000e-08 
2.555 	 1.48940e-10 	 3.54775e-08 
2.557 	 1.53908e-10 	 3.67849e-08 
2.559 	 1.58946e-10 	 3.81155e-08 
2.561 	 1.64020e-10 	 3.94611e-08 
2.563 	 1.69089e-10 	 4.08116e-08 
2.565 	 1.74102e-10 	 4.21547e-08 
2.567 	 1.79004e-10 	 4.34764e-08 
2.569 	 1.83728e-10 	 4.47605e-08 
2.571 	 1.88202e-10 	 4.59888e-08 
2.573 	 1.92347e-10 	 4.71417e-08 
2.575 	 1.96080e-10 	 4.81982e-08 
2.577 	 1.99317e-10 	 4.91368e-08 
2.579 	 2.01971e-10 	 4.99362e-08 
2.581 	 2.03965e-10 	 5.05759e-08 
2.583 	 2.05227e-10 	 5.10377e-08 
2.585 	 2.05698e-10 	 5.13063e-08 
2.587 	 2.05338e-10 	 5.13702e-08 
2.589 	 2.04124e-10 	 5.12229e-08 
2.591 	 2.02055e-10 	 5.08628e-08 
2.593 	 1.99154e-10 	 5.02940e-08 
2.595 	 1.95463e-10 	 4.95257e-08 
2.597 	 1.91046e-10 	 4.85722e-08 
2.599 	 1.85982e-10 	 4.74516e-08 
2.601 	 1.80362e-10 	 4.61853e-08 
2.603 	 1.74287e-10 	 4.47969e-08 
2.605 	 1.67858e-10 	 4.33106e-08 
2.607 	 1.61176e-10 	 4.17510e-08 
2.609 	 1.54339e-10 	 4.01415e-08 
2.611 	 1.47434e-10 	 3.85041e-08 
2.613 	 1.40542e-10 	 3.68585e-08 
2.615 	 1.33731e-10 	 3.52222e-08 
2.618 	 1.27059e-10 	 3.36102e-08 
2.620 	 1.20574e-10 	 3.20346e-08 
2.622 	 1.14313e-10 	 3.05055e-08 
2.624 	 1.08302e-10 	 2.90306e-08 
2.626 	 1.02561e-10 	 2.76154e-08 
2.628 	 9.71027e-11 	 2.62640e-08 
2.630 	 9.19329e-11 	 2.49786e-08 
2.632 	 8.70530e-11 	 2.37606e-08 
2.634 	 8.24602e-11 	 2.26099e-08 
2.636 	 7.81485e-11 	 2.15259e-08 
2.638 	 7.41095e-11 	 2.05071e-08 
2.640 	 7.03331e-11 	 1.95516e-08 
2.642 	 6.68074e-11 	 1.86569e-08 
2.644 	 6.35199e-11 	 1.78205e-08 
2.646 	 6.04570e-11 	 1.70393e-08 
2.648 	 5.76047e-11 	 1.63101e-08 
2.650 	 5.49485e-11 	 1.56296e-08 
2.652 	 5.24737e-11 	 1.49943e-08 
2.654 	 5.01651e-11 	 1.44004e-08 
2.656 	 4.80077e-11 	 1.38441e-08 
2.658 	 4.59860e-11 	 1.33216e-08 
2.660 	 4.40851e-11 	 1.28290e-08 
2.662 	 4.22901e-11 	 1.23624e-08 
2.664 	 4.05868e-11 	 1.19178e-08 
2.666 	 3.89619e-11 	 1.14918e-08 
2.668 	 3.74034e-11 	 1.10811e-08 
2.670 	 3.59008e-11 	 1.06828e-08 
2.672 	 3.44456e-11 	 1.02946e-08 
2.674 	 3.30312e-11 	 9.91467e-09 
2.676 	 3.16532e-11 	 9.54187e-09 
2.678 	 3.03091e-11 	 9.17559e-09 
2.680 	 2.89980e-11 	 8.81577e-09 
2.682 	 2.77206e-11 	 8.46273e-09 
2.684 	 2.64783e-11 	 8.11709e-09 
2.686 	 2.52732e-11 	 7.77966e-09 
2.688 	 2.41075e-11 	 7.45130e-09 
2.690 	 2.29834e-11 	 7.13283e-09 
2.692 	 2.19025e-11 	 6.82498e-09 
2.694 	 2.08661e-11 	 6.52833e-09 
2.696 	 1.98751e-11 	 6.24330e-09 
2.698 	 1.89295e-11 	 5.97013e-09 
2.700 	 1.80291e-11 	 5.70892e-09 
