Energy [eV] EELS_b EELS_a 
2.500 	 3.08114e-09 	 2.35614e-07 
2.502 	 3.16103e-09 	 2.42545e-07 
2.504 	 3.24452e-09 	 2.49802e-07 
2.506 	 3.33183e-09 	 2.57404e-07 
2.508 	 3.42314e-09 	 2.65369e-07 
2.510 	 3.51867e-09 	 2.73719e-07 
2.512 	 3.61864e-09 	 2.82474e-07 
2.514 	 3.72327e-09 	 2.91658e-07 
2.516 	 3.83281e-09 	 3.01293e-07 
2.519 	 3.94750e-09 	 3.11404e-07 
2.521 	 4.06757e-09 	 3.22017e-07 
2.523 	 4.19330e-09 	 3.33157e-07 
2.525 	 4.32493e-09 	 3.44852e-07 
2.527 	 4.46272e-09 	 3.57127e-07 
2.529 	 4.60692e-09 	 3.70012e-07 
2.531 	 4.75776e-09 	 3.83532e-07 
2.533 	 4.91549e-09 	 3.97714e-07 
2.535 	 5.08029e-09 	 4.12583e-07 
2.537 	 5.25235e-09 	 4.28163e-07 
2.539 	 5.43181e-09 	 4.44474e-07 
2.541 	 5.61873e-09 	 4.61532e-07 
2.543 	 5.81315e-09 	 4.79348e-07 
2.545 	 6.01500e-09 	 4.97928e-07 
2.547 	 6.22409e-09 	 5.17268e-07 
2.549 	 6.44014e-09 	 5.37352e-07 
2.551 	 6.66269e-09 	 5.58154e-07 
2.553 	 6.89113e-09 	 5.79630e-07 
2.555 	 7.12464e-09 	 6.01721e-07 
2.557 	 7.36214e-09 	 6.24342e-07 
2.559 	 7.60231e-09 	 6.47388e-07 
2.561 	 7.84355e-09 	 6.70724e-07 
2.563 	 8.08394e-09 	 6.94185e-07 
2.565 	 8.32121e-09 	 7.17575e-07 
2.567 	 8.55280e-09 	 7.40665e-07 
2.569 	 8.77581e-09 	 7.63192e-07 
2.571 	 8.98708e-09 	 7.84862e-07 
2.573 	 9.18318e-09 	 8.05353e-07 
2.575 	 9.36056e-09 	 8.24326e-07 
2.577 	 9.51559e-09 	 8.41426e-07 
2.579 	 9.64472e-09 	 8.56301e-07 
2.581 	 9.74462e-09 	 8.68610e-07 
2.583 	 9.81233e-09 	 8.78043e-07 
2.585 	 9.84540e-09 	 8.84335e-07 
2.587 	 9.84207e-09 	 8.87280e-07 
2.589 	 9.80134e-09 	 8.86743e-07 
2.591 	 9.72309e-09 	 8.82673e-07 
2.593 	 9.60808e-09 	 8.75102e-07 
2.595 	 9.45795e-09 	 8.64152e-07 
2.597 	 9.27514e-09 	 8.50021e-07 
2.599 	 9.06275e-09 	 8.32979e-07 
2.601 	 8.82443e-09 	 8.13351e-07 
2.603 	 8.56418e-09 	 7.91503e-07 
2.605 	 8.28621e-09 	 7.67822e-07 
2.607 	 7.99472e-09 	 7.42703e-07 
2.609 	 7.69381e-09 	 7.16533e-07 
2.611 	 7.38733e-09 	 6.89679e-07 
2.613 	 7.07883e-09 	 6.62480e-07 
2.615 	 6.77142e-09 	 6.35238e-07 
2.618 	 6.46783e-09 	 6.08218e-07 
2.620 	 6.17036e-09 	 5.81644e-07 
2.622 	 5.88088e-09 	 5.55703e-07 
2.624 	 5.60087e-09 	 5.30544e-07 
2.626 	 5.33147e-09 	 5.06281e-07 
2.628 	 5.07349e-09 	 4.83000e-07 
2.630 	 4.82746e-09 	 4.60760e-07 
2.632 	 4.59368e-09 	 4.39596e-07 
2.634 	 4.37226e-09 	 4.19525e-07 
2.636 	 4.16313e-09 	 4.00550e-07 
2.638 	 3.96610e-09 	 3.82657e-07 
2.640 	 3.78087e-09 	 3.65825e-07 
2.642 	 3.60704e-09 	 3.50022e-07 
2.644 	 3.44416e-09 	 3.35209e-07 
2.646 	 3.29170e-09 	 3.21343e-07 
2.648 	 3.14910e-09 	 3.08374e-07 
2.650 	 3.01575e-09 	 2.96248e-07 
2.652 	 2.89101e-09 	 2.84907e-07 
2.654 	 2.77421e-09 	 2.74288e-07 
2.656 	 2.66464e-09 	 2.64328e-07 
2.658 	 2.56159e-09 	 2.54957e-07 
2.660 	 2.46433e-09 	 2.46106e-07 
2.662 	 2.37213e-09 	 2.37706e-07 
2.664 	 2.28430e-09 	 2.29688e-07 
2.666 	 2.20014e-09 	 2.21985e-07 
2.668 	 2.11907e-09 	 2.14536e-07 
2.670 	 2.04054e-09 	 2.07290e-07 
2.672 	 1.96411e-09 	 2.00202e-07 
2.674 	 1.88946e-09 	 1.93240e-07 
2.676 	 1.81635e-09 	 1.86382e-07 
2.678 	 1.74469e-09 	 1.79617e-07 
2.680 	 1.67445e-09 	 1.72945e-07 
2.682 	 1.60567e-09 	 1.66375e-07 
2.684 	 1.53848e-09 	 1.59918e-07 
2.686 	 1.47301e-09 	 1.53593e-07 
2.688 	 1.40941e-09 	 1.47417e-07 
2.690 	 1.34782e-09 	 1.41409e-07 
2.692 	 1.28837e-09 	 1.35584e-07 
2.694 	 1.23117e-09 	 1.29955e-07 
2.696 	 1.17626e-09 	 1.24533e-07 
2.698 	 1.12370e-09 	 1.19323e-07 
2.700 	 1.07349e-09 	 1.14330e-07 
