Energy [eV] EELS_b EELS_a 
2.500 	 2.65055e-05 	 1.46139e-04 
2.502 	 2.73427e-05 	 1.51083e-04 
2.504 	 2.82200e-05 	 1.56274e-04 
2.506 	 2.91396e-05 	 1.61730e-04 
2.508 	 3.01041e-05 	 1.67466e-04 
2.510 	 3.11162e-05 	 1.73500e-04 
2.512 	 3.21786e-05 	 1.79852e-04 
2.514 	 3.32943e-05 	 1.86540e-04 
2.516 	 3.44664e-05 	 1.93587e-04 
2.519 	 3.56983e-05 	 2.01016e-04 
2.521 	 3.69934e-05 	 2.08851e-04 
2.523 	 3.83554e-05 	 2.17116e-04 
2.525 	 3.97881e-05 	 2.25841e-04 
2.527 	 4.12954e-05 	 2.35052e-04 
2.529 	 4.28815e-05 	 2.44781e-04 
2.531 	 4.45507e-05 	 2.55058e-04 
2.533 	 4.63072e-05 	 2.65916e-04 
2.535 	 4.81554e-05 	 2.77389e-04 
2.537 	 5.00997e-05 	 2.89510e-04 
2.539 	 5.21444e-05 	 3.02316e-04 
2.541 	 5.42936e-05 	 3.15840e-04 
2.543 	 5.65513e-05 	 3.30117e-04 
2.545 	 5.89209e-05 	 3.45177e-04 
2.547 	 6.14053e-05 	 3.61052e-04 
2.549 	 6.40065e-05 	 3.77765e-04 
2.551 	 6.67255e-05 	 3.95335e-04 
2.553 	 6.95622e-05 	 4.13775e-04 
2.555 	 7.25145e-05 	 4.33084e-04 
2.557 	 7.55784e-05 	 4.53250e-04 
2.559 	 7.87475e-05 	 4.74243e-04 
2.561 	 8.20122e-05 	 4.96013e-04 
2.563 	 8.53598e-05 	 5.18485e-04 
2.565 	 8.87731e-05 	 5.41555e-04 
2.567 	 9.22310e-05 	 5.65085e-04 
2.569 	 9.57071e-05 	 5.88901e-04 
2.571 	 9.91702e-05 	 6.12785e-04 
2.573 	 1.02583e-04 	 6.36479e-04 
2.575 	 1.05905e-04 	 6.59681e-04 
2.577 	 1.09088e-04 	 6.82049e-04 
2.579 	 1.12081e-04 	 7.03205e-04 
2.581 	 1.14833e-04 	 7.22749e-04 
2.583 	 1.17289e-04 	 7.40270e-04 
2.585 	 1.19395e-04 	 7.55365e-04 
2.587 	 1.21104e-04 	 7.67658e-04 
2.589 	 1.22372e-04 	 7.76823e-04 
2.591 	 1.23165e-04 	 7.82604e-04 
2.593 	 1.23461e-04 	 7.84832e-04 
2.595 	 1.23249e-04 	 7.83439e-04 
2.597 	 1.22530e-04 	 7.78463e-04 
2.599 	 1.21321e-04 	 7.70042e-04 
2.601 	 1.19649e-04 	 7.58409e-04 
2.603 	 1.17553e-04 	 7.43876e-04 
2.605 	 1.15078e-04 	 7.26808e-04 
2.607 	 1.12277e-04 	 7.07612e-04 
2.609 	 1.09205e-04 	 6.86706e-04 
2.611 	 1.05918e-04 	 6.64507e-04 
2.613 	 1.02472e-04 	 6.41412e-04 
2.615 	 9.89184e-05 	 6.17787e-04 
2.618 	 9.53054e-05 	 5.93963e-04 
2.620 	 9.16759e-05 	 5.70223e-04 
2.622 	 8.80674e-05 	 5.46812e-04 
2.624 	 8.45119e-05 	 5.23928e-04 
2.626 	 8.10359e-05 	 5.01731e-04 
2.628 	 7.76610e-05 	 4.80345e-04 
2.630 	 7.44038e-05 	 4.59862e-04 
2.632 	 7.12770e-05 	 4.40345e-04 
2.634 	 6.82895e-05 	 4.21835e-04 
2.636 	 6.54471e-05 	 4.04353e-04 
2.638 	 6.27528e-05 	 3.87901e-04 
2.640 	 6.02072e-05 	 3.72471e-04 
2.642 	 5.78092e-05 	 3.58041e-04 
2.644 	 5.55557e-05 	 3.44579e-04 
2.646 	 5.34423e-05 	 3.32048e-04 
2.648 	 5.14634e-05 	 3.20400e-04 
2.650 	 4.96119e-05 	 3.09582e-04 
2.652 	 4.78800e-05 	 2.99534e-04 
2.654 	 4.62588e-05 	 2.90191e-04 
2.656 	 4.47385e-05 	 2.81479e-04 
2.658 	 4.33083e-05 	 2.73323e-04 
2.660 	 4.19572e-05 	 2.65642e-04 
2.662 	 4.06736e-05 	 2.58352e-04 
2.664 	 3.94458e-05 	 2.51370e-04 
2.666 	 3.82625e-05 	 2.44614e-04 
2.668 	 3.71133e-05 	 2.38011e-04 
2.670 	 3.59888e-05 	 2.31493e-04 
2.672 	 3.48813e-05 	 2.25006e-04 
2.674 	 3.37850e-05 	 2.18511e-04 
2.676 	 3.26961e-05 	 2.11983e-04 
2.678 	 3.16128e-05 	 2.05412e-04 
2.680 	 3.05353e-05 	 1.98803e-04 
2.682 	 2.94653e-05 	 1.92172e-04 
2.684 	 2.84057e-05 	 1.85544e-04 
2.686 	 2.73600e-05 	 1.78950e-04 
2.688 	 2.63320e-05 	 1.72421e-04 
2.690 	 2.53258e-05 	 1.65991e-04 
2.692 	 2.43447e-05 	 1.59688e-04 
2.694 	 2.33918e-05 	 1.53538e-04 
2.696 	 2.24695e-05 	 1.47564e-04 
2.698 	 2.15798e-05 	 1.41781e-04 
2.700 	 2.07238e-05 	 1.36202e-04 
