Energy [eV] Ext Cross [um^2] Abs Cross [um^2] Sca Cross [um^2] 
2.756 	 1.04168e-04 	 1.03371e-04 	 7.96356e-07 
2.749 	 1.13009e-04 	 1.12114e-04 	 8.94980e-07 
2.743 	 1.22967e-04 	 1.21959e-04 	 1.00773e-06 
2.737 	 1.34221e-04 	 1.33084e-04 	 1.13718e-06 
2.731 	 1.46992e-04 	 1.45705e-04 	 1.28645e-06 
2.725 	 1.61554e-04 	 1.60095e-04 	 1.45929e-06 
2.719 	 1.78242e-04 	 1.76582e-04 	 1.66032e-06 
2.713 	 1.97466e-04 	 1.95571e-04 	 1.89528e-06 
2.707 	 2.19730e-04 	 2.17559e-04 	 2.17133e-06 
2.701 	 2.45659e-04 	 2.43161e-04 	 2.49743e-06 
2.695 	 2.76025e-04 	 2.73140e-04 	 2.88478e-06 
2.689 	 3.11780e-04 	 3.08433e-04 	 3.34739e-06 
2.684 	 3.54101e-04 	 3.50198e-04 	 3.90281e-06 
2.678 	 4.04428e-04 	 3.99855e-04 	 4.57292e-06 
2.672 	 4.64491e-04 	 4.59107e-04 	 5.38468e-06 
2.666 	 5.36311e-04 	 5.29940e-04 	 6.37047e-06 
2.660 	 6.22081e-04 	 6.14514e-04 	 7.56704e-06 
2.655 	 7.23882e-04 	 7.14870e-04 	 9.01214e-06 
2.649 	 8.43045e-04 	 8.32309e-04 	 1.07363e-05 
2.643 	 9.78958e-04 	 9.66212e-04 	 1.27463e-05 
2.638 	 1.12717e-03 	 1.11218e-03 	 1.49970e-05 
2.632 	 1.27715e-03 	 1.25979e-03 	 1.73555e-05 
2.627 	 1.41095e-03 	 1.39138e-03 	 1.95743e-05 
2.621 	 1.50556e-03 	 1.48424e-03 	 2.13130e-05 
2.615 	 1.54040e-03 	 1.51815e-03 	 2.22414e-05 
2.610 	 1.50725e-03 	 1.48506e-03 	 2.21874e-05 
2.604 	 1.41476e-03 	 1.39354e-03 	 2.12235e-05 
2.599 	 1.28354e-03 	 1.26392e-03 	 1.96145e-05 
2.593 	 1.13628e-03 	 1.11860e-03 	 1.76816e-05 
2.588 	 9.90562e-04 	 9.74873e-04 	 1.56899e-05 
2.583 	 8.56678e-04 	 8.42871e-04 	 1.38069e-05 
2.577 	 7.38999e-04 	 7.26884e-04 	 1.21145e-05 
2.572 	 6.38169e-04 	 6.27532e-04 	 1.06373e-05 
2.566 	 5.52940e-04 	 5.43571e-04 	 9.36820e-06 
2.561 	 4.81325e-04 	 4.73038e-04 	 8.28626e-06 
2.556 	 4.21221e-04 	 4.13855e-04 	 7.36604e-06 
2.550 	 3.70690e-04 	 3.64107e-04 	 6.58267e-06 
2.545 	 3.28053e-04 	 3.22140e-04 	 5.91386e-06 
2.540 	 2.91911e-04 	 2.86571e-04 	 5.34053e-06 
2.535 	 2.61115e-04 	 2.56268e-04 	 4.84669e-06 
2.530 	 2.34729e-04 	 2.30310e-04 	 4.41917e-06 
2.524 	 2.11999e-04 	 2.07952e-04 	 4.04715e-06 
2.519 	 1.92312e-04 	 1.88590e-04 	 3.72176e-06 
2.514 	 1.75171e-04 	 1.71735e-04 	 3.43573e-06 
2.509 	 1.60173e-04 	 1.56990e-04 	 3.18308e-06 
2.504 	 1.46985e-04 	 1.44027e-04 	 2.95890e-06 
2.499 	 1.35337e-04 	 1.32578e-04 	 2.75908e-06 
2.494 	 1.25004e-04 	 1.22424e-04 	 2.58024e-06 
2.489 	 1.15799e-04 	 1.13379e-04 	 2.41953e-06 
2.484 	 1.07567e-04 	 1.05293e-04 	 2.27458e-06 
2.479 	 1.00179e-04 	 9.80360e-05 	 2.14337e-06 
2.474 	 9.35251e-05 	 9.15009e-05 	 2.02420e-06 
2.469 	 8.75120e-05 	 8.55964e-05 	 1.91561e-06 
2.464 	 8.20614e-05 	 8.02450e-05 	 1.81637e-06 
2.459 	 7.71058e-05 	 7.53804e-05 	 1.72542e-06 
2.454 	 7.25878e-05 	 7.09460e-05 	 1.64183e-06 
2.449 	 6.84578e-05 	 6.68930e-05 	 1.56481e-06 
2.444 	 6.46731e-05 	 6.31795e-05 	 1.49368e-06 
2.440 	 6.11966e-05 	 5.97687e-05 	 1.42782e-06 
2.435 	 5.79958e-05 	 5.66291e-05 	 1.36673e-06 
2.430 	 5.50426e-05 	 5.37327e-05 	 1.30993e-06 
2.425 	 5.23122e-05 	 5.10552e-05 	 1.25701e-06 
2.420 	 4.97828e-05 	 4.85751e-05 	 1.20762e-06 
2.416 	 4.74352e-05 	 4.62737e-05 	 1.16145e-06 
2.411 	 4.52524e-05 	 4.41342e-05 	 1.11819e-06 
2.406 	 4.32195e-05 	 4.21419e-05 	 1.07762e-06 
2.402 	 4.13231e-05 	 4.02836e-05 	 1.03949e-06 
2.397 	 3.95511e-05 	 3.85475e-05 	 1.00360e-06 
2.392 	 3.78930e-05 	 3.69232e-05 	 9.69783e-07 
2.388 	 3.63391e-05 	 3.54013e-05 	 9.37866e-07 
2.383 	 3.48810e-05 	 3.39733e-05 	 9.07704e-07 
2.378 	 3.35109e-05 	 3.26317e-05 	 8.79163e-07 
2.374 	 3.22218e-05 	 3.13696e-05 	 8.52125e-07 
2.369 	 3.10074e-05 	 3.01810e-05 	 8.26479e-07 
2.365 	 2.98622e-05 	 2.90600e-05 	 8.02128e-07 
2.360 	 2.87808e-05 	 2.80018e-05 	 7.78979e-07 
2.356 	 2.77587e-05 	 2.70017e-05 	 7.56951e-07 
2.351 	 2.67915e-05 	 2.60555e-05 	 7.35968e-07 
2.347 	 2.58754e-05 	 2.51594e-05 	 7.15962e-07 
2.342 	 2.50068e-05 	 2.43099e-05 	 6.96869e-07 
2.338 	 2.41825e-05 	 2.35038e-05 	 6.78631e-07 
2.333 	 2.33995e-05 	 2.27383e-05 	 6.61195e-07 
2.329 	 2.26551e-05 	 2.20106e-05 	 6.44511e-07 
2.325 	 2.19468e-05 	 2.13183e-05 	 6.28535e-07 
2.320 	 2.12723e-05 	 2.06591e-05 	 6.13223e-07 
2.316 	 2.06294e-05 	 2.00309e-05 	 5.98538e-07 
2.312 	 2.00163e-05 	 1.94318e-05 	 5.84444e-07 
2.307 	 1.94310e-05 	 1.88601e-05 	 5.70906e-07 
2.303 	 1.88719e-05 	 1.83140e-05 	 5.57894e-07 
2.299 	 1.83374e-05 	 1.77921e-05 	 5.45379e-07 
2.294 	 1.78262e-05 	 1.72928e-05 	 5.33334e-07 
2.290 	 1.73368e-05 	 1.68150e-05 	 5.21735e-07 
2.286 	 1.68680e-05 	 1.63574e-05 	 5.10557e-07 
2.282 	 1.64186e-05 	 1.59188e-05 	 4.99780e-07 
2.277 	 1.59876e-05 	 1.54982e-05 	 4.89382e-07 
2.273 	 1.55740e-05 	 1.50947e-05 	 4.79346e-07 
2.269 	 1.51769e-05 	 1.47073e-05 	 4.69653e-07 
2.265 	 1.47954e-05 	 1.43351e-05 	 4.60287e-07 
2.261 	 1.44286e-05 	 1.39774e-05 	 4.51232e-07 
2.257 	 1.40759e-05 	 1.36335e-05 	 4.42473e-07 
2.252 	 1.37365e-05 	 1.33025e-05 	 4.33998e-07 
2.248 	 1.34098e-05 	 1.29840e-05 	 4.25792e-07 
2.244 	 1.30951e-05 	 1.26773e-05 	 4.17844e-07 
2.240 	 1.27918e-05 	 1.23817e-05 	 4.10142e-07 
2.236 	 1.24994e-05 	 1.20967e-05 	 4.02675e-07 
2.232 	 1.22174e-05 	 1.18219e-05 	 3.95433e-07 
2.228 	 1.19452e-05 	 1.15568e-05 	 3.88406e-07 
2.224 	 1.16824e-05 	 1.13008e-05 	 3.81586e-07 
2.220 	 1.14286e-05 	 1.10537e-05 	 3.74962e-07 
2.216 	 1.11834e-05 	 1.08148e-05 	 3.68529e-07 
2.212 	 1.09463e-05 	 1.05840e-05 	 3.62277e-07 
2.208 	 1.07170e-05 	 1.03608e-05 	 3.56199e-07 
2.204 	 1.04952e-05 	 1.01449e-05 	 3.50288e-07 
2.200 	 1.02805e-05 	 9.93597e-06 	 3.44538e-07 
2.196 	 1.00727e-05 	 9.73372e-06 	 3.38943e-07 
2.192 	 9.87136e-06 	 9.53786e-06 	 3.33496e-07 
2.189 	 9.67633e-06 	 9.34814e-06 	 3.28192e-07 
2.185 	 9.48731e-06 	 9.16428e-06 	 3.23025e-07 
2.181 	 9.30404e-06 	 8.98605e-06 	 3.17992e-07 
2.177 	 9.12631e-06 	 8.81322e-06 	 3.13085e-07 
2.173 	 8.95387e-06 	 8.64557e-06 	 3.08302e-07 
2.169 	 8.78653e-06 	 8.48289e-06 	 3.03638e-07 
2.166 	 8.62408e-06 	 8.32499e-06 	 2.99087e-07 
2.162 	 8.46632e-06 	 8.17168e-06 	 2.94647e-07 
2.158 	 8.31309e-06 	 8.02277e-06 	 2.90314e-07 
2.154 	 8.16419e-06 	 7.87811e-06 	 2.86083e-07 
2.150 	 8.01947e-06 	 7.73752e-06 	 2.81952e-07 
2.147 	 7.87877e-06 	 7.60086e-06 	 2.77917e-07 
2.143 	 7.74194e-06 	 7.46797e-06 	 2.73974e-07 
2.139 	 7.60884e-06 	 7.33872e-06 	 2.70122e-07 
2.136 	 7.47933e-06 	 7.21297e-06 	 2.66356e-07 
2.132 	 7.35327e-06 	 7.09060e-06 	 2.62674e-07 
2.128 	 7.23056e-06 	 6.97148e-06 	 2.59073e-07 
2.124 	 7.11106e-06 	 6.85551e-06 	 2.55552e-07 
2.121 	 6.99467e-06 	 6.74256e-06 	 2.52106e-07 
2.117 	 6.88127e-06 	 6.63253e-06 	 2.48735e-07 
2.114 	 6.77077e-06 	 6.52533e-06 	 2.45435e-07 
2.110 	 6.66306e-06 	 6.42085e-06 	 2.42205e-07 
2.106 	 6.55805e-06 	 6.31900e-06 	 2.39042e-07 
2.103 	 6.45564e-06 	 6.21970e-06 	 2.35945e-07 
2.099 	 6.35576e-06 	 6.12285e-06 	 2.32910e-07 
2.096 	 6.25831e-06 	 6.02838e-06 	 2.29938e-07 
2.092 	 6.16322e-06 	 5.93620e-06 	 2.27025e-07 
2.089 	 6.07042e-06 	 5.84624e-06 	 2.24171e-07 
2.085 	 5.97981e-06 	 5.75844e-06 	 2.21373e-07 
2.081 	 5.89134e-06 	 5.67271e-06 	 2.18629e-07 
2.078 	 5.80494e-06 	 5.58900e-06 	 2.15939e-07 
2.074 	 5.72054e-06 	 5.50724e-06 	 2.13301e-07 
2.071 	 5.63808e-06 	 5.42737e-06 	 2.10713e-07 
2.068 	 5.55750e-06 	 5.34933e-06 	 2.08174e-07 
2.064 	 5.47874e-06 	 5.27306e-06 	 2.05683e-07 
2.061 	 5.40175e-06 	 5.19851e-06 	 2.03238e-07 
2.057 	 5.32647e-06 	 5.12563e-06 	 2.00839e-07 
2.054 	 5.25285e-06 	 5.05437e-06 	 1.98483e-07 
2.050 	 5.18084e-06 	 4.98467e-06 	 1.96171e-07 
2.047 	 5.11040e-06 	 4.91650e-06 	 1.93900e-07 
2.044 	 5.04148e-06 	 4.84981e-06 	 1.91669e-07 
2.040 	 4.97403e-06 	 4.78455e-06 	 1.89478e-07 
2.037 	 4.90802e-06 	 4.72069e-06 	 1.87326e-07 
2.033 	 4.84339e-06 	 4.65818e-06 	 1.85212e-07 
2.030 	 4.78012e-06 	 4.59698e-06 	 1.83134e-07 
2.027 	 4.71816e-06 	 4.53707e-06 	 1.81092e-07 
2.023 	 4.65747e-06 	 4.47839e-06 	 1.79085e-07 
2.020 	 4.59803e-06 	 4.42091e-06 	 1.77112e-07 
2.017 	 4.53979e-06 	 4.36461e-06 	 1.75172e-07 
2.014 	 4.48272e-06 	 4.30945e-06 	 1.73265e-07 
2.010 	 4.42679e-06 	 4.25540e-06 	 1.71389e-07 
2.007 	 4.37197e-06 	 4.20243e-06 	 1.69544e-07 
2.004 	 4.31823e-06 	 4.15050e-06 	 1.67730e-07 
2.000 	 4.26554e-06 	 4.09959e-06 	 1.65945e-07 
1.997 	 4.21387e-06 	 4.04968e-06 	 1.64189e-07 
1.994 	 4.16320e-06 	 4.00074e-06 	 1.62461e-07 
1.991 	 4.11350e-06 	 3.95274e-06 	 1.60760e-07 
1.988 	 4.06474e-06 	 3.90566e-06 	 1.59087e-07 
1.984 	 4.01691e-06 	 3.85947e-06 	 1.57439e-07 
1.981 	 3.96998e-06 	 3.81416e-06 	 1.55818e-07 
1.978 	 3.92392e-06 	 3.76969e-06 	 1.54222e-07 
1.975 	 3.87871e-06 	 3.72606e-06 	 1.52650e-07 
1.972 	 3.83434e-06 	 3.68324e-06 	 1.51102e-07 
1.969 	 3.79078e-06 	 3.64120e-06 	 1.49578e-07 
1.965 	 3.74801e-06 	 3.59993e-06 	 1.48077e-07 
1.962 	 3.70601e-06 	 3.55941e-06 	 1.46599e-07 
1.959 	 3.66477e-06 	 3.51963e-06 	 1.45142e-07 
1.956 	 3.62426e-06 	 3.48055e-06 	 1.43708e-07 
1.953 	 3.58447e-06 	 3.44218e-06 	 1.42294e-07 
1.950 	 3.54538e-06 	 3.40448e-06 	 1.40901e-07 
1.947 	 3.50697e-06 	 3.36744e-06 	 1.39529e-07 
1.944 	 3.46922e-06 	 3.33104e-06 	 1.38176e-07 
1.941 	 3.43212e-06 	 3.29528e-06 	 1.36843e-07 
1.938 	 3.39566e-06 	 3.26013e-06 	 1.35529e-07 
1.935 	 3.35982e-06 	 3.22558e-06 	 1.34234e-07 
1.932 	 3.32458e-06 	 3.19162e-06 	 1.32957e-07 
1.929 	 3.28993e-06 	 3.15823e-06 	 1.31697e-07 
1.926 	 3.25586e-06 	 3.12540e-06 	 1.30456e-07 
1.923 	 3.22235e-06 	 3.09312e-06 	 1.29232e-07 
1.920 	 3.18940e-06 	 3.06138e-06 	 1.28024e-07 
1.917 	 3.15699e-06 	 3.03015e-06 	 1.26834e-07 
1.914 	 3.12510e-06 	 2.99944e-06 	 1.25659e-07 
1.911 	 3.09373e-06 	 2.96923e-06 	 1.24501e-07 
1.908 	 3.06287e-06 	 2.93951e-06 	 1.23358e-07 
