Energy [eV] EELS_b EELS_a 
2.500 	 1.80428e-07 	 7.98409e-07 
2.502 	 1.85979e-07 	 8.23657e-07 
2.504 	 1.91801e-07 	 8.50143e-07 
2.506 	 1.97911e-07 	 8.77941e-07 
2.508 	 2.04325e-07 	 9.07129e-07 
2.510 	 2.11061e-07 	 9.37788e-07 
2.512 	 2.18138e-07 	 9.70006e-07 
2.514 	 2.25577e-07 	 1.00387e-06 
2.516 	 2.33398e-07 	 1.03949e-06 
2.519 	 2.41623e-07 	 1.07695e-06 
2.521 	 2.50274e-07 	 1.11635e-06 
2.523 	 2.59376e-07 	 1.15782e-06 
2.525 	 2.68953e-07 	 1.20146e-06 
2.527 	 2.79029e-07 	 1.24738e-06 
2.529 	 2.89631e-07 	 1.29571e-06 
2.531 	 3.00782e-07 	 1.34654e-06 
2.533 	 3.12507e-07 	 1.40001e-06 
2.535 	 3.24832e-07 	 1.45622e-06 
2.537 	 3.37776e-07 	 1.51527e-06 
2.539 	 3.51362e-07 	 1.57725e-06 
2.541 	 3.65603e-07 	 1.64224e-06 
2.543 	 3.80514e-07 	 1.71030e-06 
2.545 	 3.96098e-07 	 1.78146e-06 
2.547 	 4.12354e-07 	 1.85571e-06 
2.549 	 4.29269e-07 	 1.93299e-06 
2.551 	 4.46819e-07 	 2.01321e-06 
2.553 	 4.64964e-07 	 2.09620e-06 
2.555 	 4.83648e-07 	 2.18169e-06 
2.557 	 5.02793e-07 	 2.26936e-06 
2.559 	 5.22296e-07 	 2.35874e-06 
2.561 	 5.42031e-07 	 2.44929e-06 
2.563 	 5.61840e-07 	 2.54028e-06 
2.565 	 5.81535e-07 	 2.63090e-06 
2.567 	 6.00895e-07 	 2.72015e-06 
2.569 	 6.19669e-07 	 2.80692e-06 
2.571 	 6.37579e-07 	 2.88996e-06 
2.573 	 6.54320e-07 	 2.96792e-06 
2.575 	 6.69576e-07 	 3.03937e-06 
2.577 	 6.83021e-07 	 3.10286e-06 
2.579 	 6.94341e-07 	 3.15695e-06 
2.581 	 7.03241e-07 	 3.20031e-06 
2.583 	 7.09464e-07 	 3.23176e-06 
2.585 	 7.12808e-07 	 3.25036e-06 
2.587 	 7.13133e-07 	 3.25545e-06 
2.589 	 7.10378e-07 	 3.24669e-06 
2.591 	 7.04562e-07 	 3.22411e-06 
2.593 	 6.95785e-07 	 3.18811e-06 
2.595 	 6.84222e-07 	 3.13942e-06 
2.597 	 6.70115e-07 	 3.07906e-06 
2.599 	 6.53759e-07 	 3.00832e-06 
2.601 	 6.35484e-07 	 2.92863e-06 
2.603 	 6.15642e-07 	 2.84154e-06 
2.605 	 5.94588e-07 	 2.74865e-06 
2.607 	 5.72668e-07 	 2.65148e-06 
2.609 	 5.50207e-07 	 2.55151e-06 
2.611 	 5.27501e-07 	 2.45009e-06 
2.613 	 5.04814e-07 	 2.34843e-06 
2.615 	 4.82371e-07 	 2.24755e-06 
2.618 	 4.60362e-07 	 2.14835e-06 
2.620 	 4.38939e-07 	 2.05155e-06 
2.622 	 4.18223e-07 	 1.95773e-06 
2.624 	 3.98304e-07 	 1.86731e-06 
2.626 	 3.79246e-07 	 1.78063e-06 
2.628 	 3.61091e-07 	 1.69791e-06 
2.630 	 3.43861e-07 	 1.61927e-06 
2.632 	 3.27564e-07 	 1.54476e-06 
2.634 	 3.12195e-07 	 1.47440e-06 
2.636 	 2.97736e-07 	 1.40812e-06 
2.638 	 2.84166e-07 	 1.34583e-06 
2.640 	 2.71453e-07 	 1.28743e-06 
2.642 	 2.59564e-07 	 1.23275e-06 
2.644 	 2.48459e-07 	 1.18164e-06 
2.646 	 2.38097e-07 	 1.13392e-06 
2.648 	 2.28434e-07 	 1.08939e-06 
2.650 	 2.19422e-07 	 1.04783e-06 
2.652 	 2.11013e-07 	 1.00904e-06 
2.654 	 2.03155e-07 	 9.72775e-07 
2.656 	 1.95797e-07 	 9.38797e-07 
2.658 	 1.88884e-07 	 9.06853e-07 
2.660 	 1.82360e-07 	 8.76689e-07 
2.662 	 1.76172e-07 	 8.48046e-07 
2.664 	 1.70266e-07 	 8.20673e-07 
2.666 	 1.64591e-07 	 7.94329e-07 
2.668 	 1.59100e-07 	 7.68795e-07 
2.670 	 1.53753e-07 	 7.43877e-07 
2.672 	 1.48518e-07 	 7.19420e-07 
2.674 	 1.43370e-07 	 6.95308e-07 
2.676 	 1.38292e-07 	 6.71466e-07 
2.678 	 1.33278e-07 	 6.47862e-07 
2.680 	 1.28329e-07 	 6.24501e-07 
2.682 	 1.23450e-07 	 6.01418e-07 
2.684 	 1.18652e-07 	 5.78668e-07 
2.686 	 1.13950e-07 	 5.56323e-07 
2.688 	 1.09357e-07 	 5.34455e-07 
2.690 	 1.04887e-07 	 5.13136e-07 
2.692 	 1.00554e-07 	 4.92432e-07 
2.694 	 9.63659e-08 	 4.72395e-07 
2.696 	 9.23322e-08 	 4.53068e-07 
2.698 	 8.84576e-08 	 4.34479e-07 
2.700 	 8.47447e-08 	 4.16645e-07 
