Energy [eV] EELS_b EELS_a 
2.500 	 5.46977e-11 	 2.19140e-10 
2.502 	 5.59949e-11 	 2.24571e-10 
2.504 	 5.73526e-11 	 2.30256e-10 
2.506 	 5.87739e-11 	 2.36207e-10 
2.508 	 6.02624e-11 	 2.42441e-10 
2.510 	 6.18217e-11 	 2.48972e-10 
2.512 	 6.34556e-11 	 2.55817e-10 
2.514 	 6.51682e-11 	 2.62992e-10 
2.516 	 6.69635e-11 	 2.70515e-10 
2.519 	 6.88458e-11 	 2.78406e-10 
2.521 	 7.08196e-11 	 2.86682e-10 
2.523 	 7.28896e-11 	 2.95363e-10 
2.525 	 7.50602e-11 	 3.04469e-10 
2.527 	 7.73362e-11 	 3.14021e-10 
2.529 	 7.97222e-11 	 3.24038e-10 
2.531 	 8.22228e-11 	 3.34540e-10 
2.533 	 8.48424e-11 	 3.45546e-10 
2.535 	 8.75851e-11 	 3.57074e-10 
2.537 	 9.04545e-11 	 3.69141e-10 
2.539 	 9.34537e-11 	 3.81760e-10 
2.541 	 9.65848e-11 	 3.94941e-10 
2.543 	 9.98491e-11 	 4.08691e-10 
2.545 	 1.03246e-10 	 4.23009e-10 
2.547 	 1.06774e-10 	 4.37889e-10 
2.549 	 1.10429e-10 	 4.53315e-10 
2.551 	 1.14203e-10 	 4.69259e-10 
2.553 	 1.18088e-10 	 4.85683e-10 
2.555 	 1.22069e-10 	 5.02530e-10 
2.557 	 1.26128e-10 	 5.19728e-10 
2.559 	 1.30243e-10 	 5.37182e-10 
2.561 	 1.34385e-10 	 5.54776e-10 
2.563 	 1.38520e-10 	 5.72369e-10 
2.565 	 1.42607e-10 	 5.89790e-10 
2.567 	 1.46599e-10 	 6.06844e-10 
2.569 	 1.50441e-10 	 6.23307e-10 
2.571 	 1.54075e-10 	 6.38929e-10 
2.573 	 1.57436e-10 	 6.53440e-10 
2.575 	 1.60455e-10 	 6.66555e-10 
2.577 	 1.63062e-10 	 6.77980e-10 
2.579 	 1.65188e-10 	 6.87424e-10 
2.581 	 1.66770e-10 	 6.94615e-10 
2.583 	 1.67748e-10 	 6.99309e-10 
2.585 	 1.68077e-10 	 7.01306e-10 
2.587 	 1.67723e-10 	 7.00461e-10 
2.589 	 1.66670e-10 	 6.96698e-10 
2.591 	 1.64918e-10 	 6.90013e-10 
2.593 	 1.62486e-10 	 6.80479e-10 
2.595 	 1.59412e-10 	 6.68244e-10 
2.597 	 1.55748e-10 	 6.53521e-10 
2.599 	 1.51560e-10 	 6.36579e-10 
2.601 	 1.46924e-10 	 6.17729e-10 
2.603 	 1.41921e-10 	 5.97308e-10 
2.605 	 1.36636e-10 	 5.75663e-10 
2.607 	 1.31150e-10 	 5.53138e-10 
2.609 	 1.25544e-10 	 5.30060e-10 
2.611 	 1.19889e-10 	 5.06733e-10 
2.613 	 1.14250e-10 	 4.83426e-10 
2.615 	 1.08682e-10 	 4.60375e-10 
2.618 	 1.03232e-10 	 4.37777e-10 
2.620 	 9.79383e-11 	 4.15793e-10 
2.622 	 9.28301e-11 	 3.94550e-10 
2.624 	 8.79293e-11 	 3.74143e-10 
2.626 	 8.32512e-11 	 3.54639e-10 
2.628 	 7.88052e-11 	 3.36082e-10 
2.630 	 7.45960e-11 	 3.18493e-10 
2.632 	 7.06242e-11 	 3.01880e-10 
2.634 	 6.68874e-11 	 2.86234e-10 
2.636 	 6.33803e-11 	 2.71536e-10 
2.638 	 6.00959e-11 	 2.57760e-10 
2.640 	 5.70257e-11 	 2.44872e-10 
2.642 	 5.41601e-11 	 2.32833e-10 
2.644 	 5.14884e-11 	 2.21602e-10 
2.646 	 4.89997e-11 	 2.11133e-10 
2.648 	 4.66825e-11 	 2.01379e-10 
2.650 	 4.45248e-11 	 1.92291e-10 
2.652 	 4.25147e-11 	 1.83820e-10 
2.654 	 4.06398e-11 	 1.75915e-10 
2.656 	 3.88877e-11 	 1.68523e-10 
2.658 	 3.72461e-11 	 1.61593e-10 
2.660 	 3.57026e-11 	 1.55073e-10 
2.662 	 3.42451e-11 	 1.48911e-10 
2.664 	 3.28622e-11 	 1.43059e-10 
2.666 	 3.15430e-11 	 1.37471e-10 
2.668 	 3.02778e-11 	 1.32105e-10 
2.670 	 2.90581e-11 	 1.26924e-10 
2.672 	 2.78769e-11 	 1.21900e-10 
2.674 	 2.67291e-11 	 1.17010e-10 
2.676 	 2.56109e-11 	 1.12237e-10 
2.678 	 2.45203e-11 	 1.07575e-10 
2.680 	 2.34567e-11 	 1.03020e-10 
2.682 	 2.24205e-11 	 9.85758e-11 
2.684 	 2.14130e-11 	 9.42470e-11 
2.686 	 2.04359e-11 	 9.00419e-11 
2.688 	 1.94908e-11 	 8.59690e-11 
2.690 	 1.85795e-11 	 8.20362e-11 
2.692 	 1.77034e-11 	 7.82503e-11 
2.694 	 1.68636e-11 	 7.46163e-11 
2.696 	 1.60605e-11 	 7.11375e-11 
2.698 	 1.52945e-11 	 6.78150e-11 
2.700 	 1.45651e-11 	 6.46484e-11 
