Energy [eV] EELS_b EELS_a 
2.500 	 6.42921e-12 	 2.59450e-09 
2.502 	 6.57364e-12 	 2.66392e-09 
2.504 	 6.72474e-12 	 2.73658e-09 
2.506 	 6.88286e-12 	 2.81264e-09 
2.508 	 7.04837e-12 	 2.89230e-09 
2.510 	 7.22165e-12 	 2.97576e-09 
2.512 	 7.40311e-12 	 3.06322e-09 
2.514 	 7.59315e-12 	 3.15490e-09 
2.516 	 7.79221e-12 	 3.25102e-09 
2.519 	 8.00073e-12 	 3.35181e-09 
2.521 	 8.21916e-12 	 3.45752e-09 
2.523 	 8.44795e-12 	 3.56839e-09 
2.525 	 8.68757e-12 	 3.68467e-09 
2.527 	 8.93846e-12 	 3.80662e-09 
2.529 	 9.20106e-12 	 3.93447e-09 
2.531 	 9.47579e-12 	 4.06848e-09 
2.533 	 9.76304e-12 	 4.20888e-09 
2.535 	 1.00631e-11 	 4.35589e-09 
2.537 	 1.03764e-11 	 4.50969e-09 
2.539 	 1.07029e-11 	 4.67044e-09 
2.541 	 1.10428e-11 	 4.83826e-09 
2.543 	 1.13960e-11 	 5.01319e-09 
2.545 	 1.17623e-11 	 5.19521e-09 
2.547 	 1.21411e-11 	 5.38419e-09 
2.549 	 1.25318e-11 	 5.57990e-09 
2.551 	 1.29333e-11 	 5.78196e-09 
2.553 	 1.33442e-11 	 5.98981e-09 
2.555 	 1.37626e-11 	 6.20270e-09 
2.557 	 1.41862e-11 	 6.41967e-09 
2.559 	 1.46121e-11 	 6.63948e-09 
2.561 	 1.50367e-11 	 6.86061e-09 
2.563 	 1.54560e-11 	 7.08123e-09 
2.565 	 1.58652e-11 	 7.29918e-09 
2.567 	 1.62589e-11 	 7.51200e-09 
2.569 	 1.66310e-11 	 7.71687e-09 
2.571 	 1.69749e-11 	 7.91073e-09 
2.573 	 1.72839e-11 	 8.09026e-09 
2.575 	 1.75507e-11 	 8.25200e-09 
2.577 	 1.77682e-11 	 8.39244e-09 
2.579 	 1.79299e-11 	 8.50818e-09 
2.581 	 1.80298e-11 	 8.59604e-09 
2.583 	 1.80627e-11 	 8.65324e-09 
2.585 	 1.80251e-11 	 8.67756e-09 
2.587 	 1.79148e-11 	 8.66747e-09 
2.589 	 1.77316e-11 	 8.62225e-09 
2.591 	 1.74770e-11 	 8.54205e-09 
2.593 	 1.71544e-11 	 8.42788e-09 
2.595 	 1.67688e-11 	 8.28160e-09 
2.597 	 1.63268e-11 	 8.10584e-09 
2.599 	 1.58359e-11 	 7.90380e-09 
2.601 	 1.53044e-11 	 7.67917e-09 
2.603 	 1.47412e-11 	 7.43589e-09 
2.605 	 1.41548e-11 	 7.17800e-09 
2.607 	 1.35536e-11 	 6.90949e-09 
2.609 	 1.29454e-11 	 6.63418e-09 
2.611 	 1.23371e-11 	 6.35557e-09 
2.613 	 1.17349e-11 	 6.07680e-09 
2.615 	 1.11441e-11 	 5.80064e-09 
2.618 	 1.05689e-11 	 5.52939e-09 
2.620 	 1.00126e-11 	 5.26498e-09 
2.622 	 9.47794e-12 	 5.00893e-09 
2.624 	 8.96664e-12 	 4.76240e-09 
2.626 	 8.47993e-12 	 4.52622e-09 
2.628 	 8.01846e-12 	 4.30097e-09 
2.630 	 7.58243e-12 	 4.08696e-09 
2.632 	 7.17168e-12 	 3.88433e-09 
2.634 	 6.78577e-12 	 3.69305e-09 
2.636 	 6.42400e-12 	 3.51294e-09 
2.638 	 6.08553e-12 	 3.34374e-09 
2.640 	 5.76936e-12 	 3.18509e-09 
2.642 	 5.47442e-12 	 3.03659e-09 
2.644 	 5.19957e-12 	 2.89775e-09 
2.646 	 4.94361e-12 	 2.76808e-09 
2.648 	 4.70532e-12 	 2.64703e-09 
2.650 	 4.48345e-12 	 2.53405e-09 
2.652 	 4.27674e-12 	 2.42853e-09 
2.654 	 4.08391e-12 	 2.32987e-09 
2.656 	 3.90369e-12 	 2.23745e-09 
2.658 	 3.73480e-12 	 2.15063e-09 
2.660 	 3.57598e-12 	 2.06876e-09 
2.662 	 3.42602e-12 	 1.99122e-09 
2.664 	 3.28374e-12 	 1.91738e-09 
2.666 	 3.14806e-12 	 1.84666e-09 
2.668 	 3.01801e-12 	 1.77854e-09 
2.670 	 2.89273e-12 	 1.71256e-09 
2.672 	 2.77154e-12 	 1.64834e-09 
2.674 	 2.65391e-12 	 1.58560e-09 
2.676 	 2.53948e-12 	 1.52415e-09 
2.678 	 2.42807e-12 	 1.46389e-09 
2.680 	 2.31959e-12 	 1.40482e-09 
2.682 	 2.21410e-12 	 1.34697e-09 
2.684 	 2.11171e-12 	 1.29045e-09 
2.686 	 2.01257e-12 	 1.23538e-09 
2.688 	 1.91686e-12 	 1.18188e-09 
2.690 	 1.82473e-12 	 1.13008e-09 
2.692 	 1.73629e-12 	 1.08008e-09 
2.694 	 1.65164e-12 	 1.03197e-09 
2.696 	 1.57083e-12 	 9.85814e-10 
2.698 	 1.49384e-12 	 9.41633e-10 
2.700 	 1.42064e-12 	 8.99436e-10 
