Energy [eV] EELS_b EELS_a 
2.500 	 1.45378e-13 	 1.50502e-10 
2.502 	 1.45731e-13 	 1.51836e-10 
2.504 	 1.46155e-13 	 1.53257e-10 
2.506 	 1.46655e-13 	 1.54771e-10 
2.508 	 1.47236e-13 	 1.56385e-10 
2.510 	 1.47895e-13 	 1.58099e-10 
2.512 	 1.48634e-13 	 1.59919e-10 
2.514 	 1.49466e-13 	 1.61855e-10 
2.516 	 1.50386e-13 	 1.63909e-10 
2.519 	 1.51397e-13 	 1.66084e-10 
2.521 	 1.52506e-13 	 1.68391e-10 
2.523 	 1.53717e-13 	 1.70836e-10 
2.525 	 1.55035e-13 	 1.73426e-10 
2.527 	 1.56462e-13 	 1.76169e-10 
2.529 	 1.58001e-13 	 1.79069e-10 
2.531 	 1.59664e-13 	 1.82142e-10 
2.533 	 1.61451e-13 	 1.85394e-10 
2.535 	 1.63374e-13 	 1.88837e-10 
2.537 	 1.65434e-13 	 1.92479e-10 
2.539 	 1.67632e-13 	 1.96324e-10 
2.541 	 1.69989e-13 	 2.00400e-10 
2.543 	 1.72506e-13 	 2.04713e-10 
2.545 	 1.75185e-13 	 2.09270e-10 
2.547 	 1.78036e-13 	 2.14085e-10 
2.549 	 1.81082e-13 	 2.19188e-10 
2.551 	 1.84318e-13 	 2.24580e-10 
2.553 	 1.87755e-13 	 2.30282e-10 
2.555 	 1.91404e-13 	 2.36306e-10 
2.557 	 1.95280e-13 	 2.42678e-10 
2.559 	 1.99384e-13 	 2.49406e-10 
2.561 	 2.03733e-13 	 2.56514e-10 
2.563 	 2.08345e-13 	 2.64024e-10 
2.565 	 2.13214e-13 	 2.71942e-10 
2.567 	 2.18361e-13 	 2.80295e-10 
2.569 	 2.23791e-13 	 2.89091e-10 
2.571 	 2.29512e-13 	 2.98345e-10 
2.573 	 2.35535e-13 	 3.08074e-10 
2.575 	 2.41861e-13 	 3.18279e-10 
2.577 	 2.48495e-13 	 3.28967e-10 
2.579 	 2.55433e-13 	 3.40131e-10 
2.581 	 2.62672e-13 	 3.51764e-10 
2.583 	 2.70199e-13 	 3.63843e-10 
2.585 	 2.78000e-13 	 3.76340e-10 
2.587 	 2.86048e-13 	 3.89207e-10 
2.589 	 2.94308e-13 	 4.02384e-10 
2.591 	 3.02737e-13 	 4.15797e-10 
2.593 	 3.11277e-13 	 4.29346e-10 
2.595 	 3.19854e-13 	 4.42908e-10 
2.597 	 3.28385e-13 	 4.56341e-10 
2.599 	 3.36772e-13 	 4.69491e-10 
2.601 	 3.44891e-13 	 4.82156e-10 
2.603 	 3.52611e-13 	 4.94135e-10 
2.605 	 3.59786e-13 	 5.05202e-10 
2.607 	 3.66260e-13 	 5.15129e-10 
2.609 	 3.71868e-13 	 5.23675e-10 
2.611 	 3.76442e-13 	 5.30611e-10 
2.613 	 3.79826e-13 	 5.35726e-10 
2.615 	 3.81871e-13 	 5.38832e-10 
2.618 	 3.82453e-13 	 5.39782e-10 
2.620 	 3.81476e-13 	 5.38479e-10 
2.622 	 3.78881e-13 	 5.34876e-10 
2.624 	 3.74653e-13 	 5.28989e-10 
2.626 	 3.68817e-13 	 5.20893e-10 
2.628 	 3.61453e-13 	 5.10725e-10 
2.630 	 3.52679e-13 	 4.98675e-10 
2.632 	 3.42645e-13 	 4.84967e-10 
2.634 	 3.31538e-13 	 4.69868e-10 
2.636 	 3.19564e-13 	 4.53658e-10 
2.638 	 3.06933e-13 	 4.36621e-10 
2.640 	 2.93860e-13 	 4.19041e-10 
2.642 	 2.80549e-13 	 4.01180e-10 
2.644 	 2.67184e-13 	 3.83277e-10 
2.646 	 2.53936e-13 	 3.65547e-10 
2.648 	 2.40944e-13 	 3.48166e-10 
2.650 	 2.28323e-13 	 3.31278e-10 
2.652 	 2.16165e-13 	 3.14998e-10 
2.654 	 2.04533e-13 	 2.99403e-10 
2.656 	 1.93477e-13 	 2.84553e-10 
2.658 	 1.83012e-13 	 2.70469e-10 
2.660 	 1.73154e-13 	 2.57169e-10 
2.662 	 1.63890e-13 	 2.44634e-10 
2.664 	 1.55206e-13 	 2.32844e-10 
2.666 	 1.47073e-13 	 2.21762e-10 
2.668 	 1.39461e-13 	 2.11345e-10 
2.670 	 1.32325e-13 	 2.01539e-10 
2.672 	 1.25627e-13 	 1.92288e-10 
2.674 	 1.19326e-13 	 1.83542e-10 
2.676 	 1.13382e-13 	 1.75244e-10 
2.678 	 1.07759e-13 	 1.67351e-10 
2.680 	 1.02420e-13 	 1.59814e-10 
2.682 	 9.73342e-14 	 1.52596e-10 
2.684 	 9.24814e-14 	 1.45670e-10 
2.686 	 8.78396e-14 	 1.39013e-10 
2.688 	 8.33954e-14 	 1.32607e-10 
2.690 	 7.91401e-14 	 1.26447e-10 
2.692 	 7.50661e-14 	 1.20525e-10 
2.694 	 7.11699e-14 	 1.14839e-10 
2.696 	 6.74468e-14 	 1.09386e-10 
2.698 	 6.38976e-14 	 1.04169e-10 
2.700 	 6.05179e-14 	 9.91845e-11 
