Energy [eV] EELS_b EELS_a 
2.500 	 1.48960e-04 	 8.63320e-04 
2.502 	 1.53498e-04 	 8.91189e-04 
2.504 	 1.58239e-04 	 9.20387e-04 
2.506 	 1.63194e-04 	 9.50995e-04 
2.508 	 1.68376e-04 	 9.83098e-04 
2.510 	 1.73795e-04 	 1.01679e-03 
2.512 	 1.79466e-04 	 1.05217e-03 
2.514 	 1.85401e-04 	 1.08933e-03 
2.516 	 1.91615e-04 	 1.12840e-03 
2.519 	 1.98122e-04 	 1.16949e-03 
2.521 	 2.04937e-04 	 1.21273e-03 
2.523 	 2.12076e-04 	 1.25826e-03 
2.525 	 2.19556e-04 	 1.30622e-03 
2.527 	 2.27393e-04 	 1.35676e-03 
2.529 	 2.35605e-04 	 1.41006e-03 
2.531 	 2.44209e-04 	 1.46629e-03 
2.533 	 2.53223e-04 	 1.52564e-03 
2.535 	 2.62665e-04 	 1.58830e-03 
2.537 	 2.72552e-04 	 1.65448e-03 
2.539 	 2.82901e-04 	 1.72441e-03 
2.541 	 2.93728e-04 	 1.79831e-03 
2.543 	 3.05047e-04 	 1.87644e-03 
2.545 	 3.16872e-04 	 1.95903e-03 
2.547 	 3.29213e-04 	 2.04637e-03 
2.549 	 3.42077e-04 	 2.13870e-03 
2.551 	 3.55468e-04 	 2.23631e-03 
2.553 	 3.69384e-04 	 2.33947e-03 
2.555 	 3.83818e-04 	 2.44844e-03 
2.557 	 3.98755e-04 	 2.56350e-03 
2.559 	 4.14174e-04 	 2.68487e-03 
2.561 	 4.30042e-04 	 2.81279e-03 
2.563 	 4.46316e-04 	 2.94743e-03 
2.565 	 4.62941e-04 	 3.08893e-03 
2.567 	 4.79849e-04 	 3.23735e-03 
2.569 	 4.96956e-04 	 3.39267e-03 
2.571 	 5.14163e-04 	 3.55475e-03 
2.573 	 5.31354e-04 	 3.72334e-03 
2.575 	 5.48397e-04 	 3.89800e-03 
2.577 	 5.65142e-04 	 4.07808e-03 
2.579 	 5.81424e-04 	 4.26271e-03 
2.581 	 5.97064e-04 	 4.45073e-03 
2.583 	 6.11871e-04 	 4.64065e-03 
2.585 	 6.25644e-04 	 4.83065e-03 
2.587 	 6.38178e-04 	 5.01854e-03 
2.589 	 6.49270e-04 	 5.20173e-03 
2.591 	 6.58717e-04 	 5.37730e-03 
2.593 	 6.66334e-04 	 5.54201e-03 
2.595 	 6.71952e-04 	 5.69243e-03 
2.597 	 6.75427e-04 	 5.82504e-03 
2.599 	 6.76650e-04 	 5.93640e-03 
2.601 	 6.75554e-04 	 6.02340e-03 
2.603 	 6.72115e-04 	 6.08343e-03 
2.605 	 6.66361e-04 	 6.11458e-03 
2.607 	 6.58374e-04 	 6.11585e-03 
2.609 	 6.48284e-04 	 6.08720e-03 
2.611 	 6.36269e-04 	 6.02962e-03 
2.613 	 6.22546e-04 	 5.94502e-03 
2.615 	 6.07363e-04 	 5.83614e-03 
2.618 	 5.90984e-04 	 5.70635e-03 
2.620 	 5.73682e-04 	 5.55939e-03 
2.622 	 5.55726e-04 	 5.39919e-03 
2.624 	 5.37372e-04 	 5.22963e-03 
2.626 	 5.18857e-04 	 5.05439e-03 
2.628 	 5.00391e-04 	 4.87681e-03 
2.630 	 4.82157e-04 	 4.69984e-03 
2.632 	 4.64311e-04 	 4.52597e-03 
2.634 	 4.46979e-04 	 4.35724e-03 
2.636 	 4.30261e-04 	 4.19528e-03 
2.638 	 4.14234e-04 	 4.04129e-03 
2.640 	 3.98950e-04 	 3.89614e-03 
2.642 	 3.84444e-04 	 3.76038e-03 
2.644 	 3.70733e-04 	 3.63429e-03 
2.646 	 3.57818e-04 	 3.51793e-03 
2.648 	 3.45687e-04 	 3.41114e-03 
2.650 	 3.34316e-04 	 3.31358e-03 
2.652 	 3.23669e-04 	 3.22477e-03 
2.654 	 3.13700e-04 	 3.14405e-03 
2.656 	 3.04355e-04 	 3.07065e-03 
2.658 	 2.95568e-04 	 3.00365e-03 
2.660 	 2.87270e-04 	 2.94204e-03 
2.662 	 2.79384e-04 	 2.88471e-03 
2.664 	 2.71830e-04 	 2.83050e-03 
2.666 	 2.64531e-04 	 2.77823e-03 
2.668 	 2.57410e-04 	 2.72675e-03 
2.670 	 2.50397e-04 	 2.67498e-03 
2.672 	 2.43436e-04 	 2.62200e-03 
2.674 	 2.36480e-04 	 2.56704e-03 
2.676 	 2.29499e-04 	 2.50958e-03 
2.678 	 2.22478e-04 	 2.44933e-03 
2.680 	 2.15416e-04 	 2.38621e-03 
2.682 	 2.08327e-04 	 2.32039e-03 
2.684 	 2.01233e-04 	 2.25217e-03 
2.686 	 1.94164e-04 	 2.18202e-03 
2.688 	 1.87153e-04 	 2.11046e-03 
2.690 	 1.80234e-04 	 2.03804e-03 
2.692 	 1.73438e-04 	 1.96532e-03 
2.694 	 1.66795e-04 	 1.89281e-03 
2.696 	 1.60329e-04 	 1.82096e-03 
2.698 	 1.54059e-04 	 1.75018e-03 
2.700 	 1.48001e-04 	 1.68080e-03 
