Energy [eV] EELS_b EELS_a 
2.500 	 4.63892e-09 	 1.91466e-08 
2.502 	 4.76111e-09 	 1.96720e-08 
2.504 	 4.88884e-09 	 2.02215e-08 
2.506 	 5.02240e-09 	 2.07964e-08 
2.508 	 5.16211e-09 	 2.13980e-08 
2.510 	 5.30828e-09 	 2.20278e-08 
2.512 	 5.46126e-09 	 2.26873e-08 
2.514 	 5.62138e-09 	 2.33780e-08 
2.516 	 5.78902e-09 	 2.41016e-08 
2.519 	 5.96455e-09 	 2.48597e-08 
2.521 	 6.14834e-09 	 2.56540e-08 
2.523 	 6.34078e-09 	 2.64863e-08 
2.525 	 6.54227e-09 	 2.73584e-08 
2.527 	 6.75319e-09 	 2.82721e-08 
2.529 	 6.97391e-09 	 2.92290e-08 
2.531 	 7.20482e-09 	 3.02309e-08 
2.533 	 7.44623e-09 	 3.12795e-08 
2.535 	 7.69848e-09 	 3.23761e-08 
2.537 	 7.96181e-09 	 3.35222e-08 
2.539 	 8.23642e-09 	 3.47187e-08 
2.541 	 8.52243e-09 	 3.59662e-08 
2.543 	 8.81984e-09 	 3.72652e-08 
2.545 	 9.12854e-09 	 3.86153e-08 
2.547 	 9.44824e-09 	 4.00155e-08 
2.549 	 9.77846e-09 	 4.14640e-08 
2.551 	 1.01185e-08 	 4.29581e-08 
2.553 	 1.04674e-08 	 4.44937e-08 
2.555 	 1.08238e-08 	 4.60656e-08 
2.557 	 1.11860e-08 	 4.76668e-08 
2.559 	 1.15521e-08 	 4.92887e-08 
2.561 	 1.19195e-08 	 5.09207e-08 
2.563 	 1.22852e-08 	 5.25501e-08 
2.565 	 1.26458e-08 	 5.41619e-08 
2.567 	 1.29973e-08 	 5.57392e-08 
2.569 	 1.33352e-08 	 5.72626e-08 
2.571 	 1.36547e-08 	 5.87109e-08 
2.573 	 1.39506e-08 	 6.00613e-08 
2.575 	 1.42175e-08 	 6.12901e-08 
2.577 	 1.44499e-08 	 6.23728e-08 
2.579 	 1.46425e-08 	 6.32856e-08 
2.581 	 1.47903e-08 	 6.40061e-08 
2.583 	 1.48890e-08 	 6.45143e-08 
2.585 	 1.49348e-08 	 6.47937e-08 
2.587 	 1.49254e-08 	 6.48321e-08 
2.589 	 1.48593e-08 	 6.46226e-08 
2.591 	 1.47365e-08 	 6.41641e-08 
2.593 	 1.45584e-08 	 6.34613e-08 
2.595 	 1.43275e-08 	 6.25247e-08 
2.597 	 1.40476e-08 	 6.13703e-08 
2.599 	 1.37235e-08 	 6.00184e-08 
2.601 	 1.33608e-08 	 5.84928e-08 
2.603 	 1.29656e-08 	 5.68200e-08 
2.605 	 1.25441e-08 	 5.50275e-08 
2.607 	 1.21028e-08 	 5.31431e-08 
2.609 	 1.16477e-08 	 5.11937e-08 
2.611 	 1.11847e-08 	 4.92048e-08 
2.613 	 1.07190e-08 	 4.71997e-08 
2.615 	 1.02552e-08 	 4.51991e-08 
2.618 	 9.79746e-09 	 4.32210e-08 
2.620 	 9.34911e-09 	 4.12807e-08 
2.622 	 8.91295e-09 	 3.93906e-08 
2.624 	 8.49116e-09 	 3.75607e-08 
2.626 	 8.08542e-09 	 3.57986e-08 
2.628 	 7.69691e-09 	 3.41098e-08 
2.630 	 7.32642e-09 	 3.24979e-08 
2.632 	 6.97439e-09 	 3.09652e-08 
2.634 	 6.64095e-09 	 2.95126e-08 
2.636 	 6.32601e-09 	 2.81397e-08 
2.638 	 6.02927e-09 	 2.68455e-08 
2.640 	 5.75026e-09 	 2.56281e-08 
2.642 	 5.48840e-09 	 2.44851e-08 
2.644 	 5.24300e-09 	 2.34136e-08 
2.646 	 5.01326e-09 	 2.24103e-08 
2.648 	 4.79835e-09 	 2.14715e-08 
2.650 	 4.59735e-09 	 2.05934e-08 
2.652 	 4.40929e-09 	 1.97716e-08 
2.654 	 4.23316e-09 	 1.90019e-08 
2.656 	 4.06790e-09 	 1.82795e-08 
2.658 	 3.91242e-09 	 1.75998e-08 
2.660 	 3.76562e-09 	 1.69577e-08 
2.662 	 3.62640e-09 	 1.63486e-08 
2.664 	 3.49370e-09 	 1.57675e-08 
2.666 	 3.36649e-09 	 1.52100e-08 
2.668 	 3.24385e-09 	 1.46719e-08 
2.670 	 3.12497e-09 	 1.41496e-08 
2.672 	 3.00918e-09 	 1.36401e-08 
2.674 	 2.89599e-09 	 1.31412e-08 
2.676 	 2.78506e-09 	 1.26514e-08 
2.678 	 2.67623e-09 	 1.21699e-08 
2.680 	 2.56946e-09 	 1.16968e-08 
2.682 	 2.46486e-09 	 1.12323e-08 
2.684 	 2.36259e-09 	 1.07775e-08 
2.686 	 2.26287e-09 	 1.03332e-08 
2.688 	 2.16595e-09 	 9.90075e-09 
2.690 	 2.07205e-09 	 9.48114e-09 
2.692 	 1.98136e-09 	 9.07534e-09 
2.694 	 1.89405e-09 	 8.68413e-09 
2.696 	 1.81021e-09 	 8.30807e-09 
2.698 	 1.72993e-09 	 7.94749e-09 
2.700 	 1.65319e-09 	 7.60252e-09 
