Energy [eV] EELS_b EELS_a 
2.500 	 2.21122e-07 	 5.97930e-06 
2.502 	 2.27965e-07 	 6.17411e-06 
2.504 	 2.35145e-07 	 6.37847e-06 
2.506 	 2.42680e-07 	 6.59297e-06 
2.508 	 2.50592e-07 	 6.81820e-06 
2.510 	 2.58904e-07 	 7.05478e-06 
2.512 	 2.67638e-07 	 7.30338e-06 
2.514 	 2.76821e-07 	 7.56471e-06 
2.516 	 2.86477e-07 	 7.83949e-06 
2.519 	 2.96635e-07 	 8.12850e-06 
2.521 	 3.07323e-07 	 8.43254e-06 
2.523 	 3.18572e-07 	 8.75244e-06 
2.525 	 3.30410e-07 	 9.08905e-06 
2.527 	 3.42871e-07 	 9.44323e-06 
2.529 	 3.55985e-07 	 9.81589e-06 
2.531 	 3.69786e-07 	 1.02079e-05 
2.533 	 3.84304e-07 	 1.06201e-05 
2.535 	 3.99569e-07 	 1.10534e-05 
2.537 	 4.15612e-07 	 1.15085e-05 
2.539 	 4.32457e-07 	 1.19861e-05 
2.541 	 4.50127e-07 	 1.24869e-05 
2.543 	 4.68639e-07 	 1.30112e-05 
2.545 	 4.88000e-07 	 1.35593e-05 
2.547 	 5.08210e-07 	 1.41311e-05 
2.549 	 5.29257e-07 	 1.47264e-05 
2.551 	 5.51114e-07 	 1.53443e-05 
2.553 	 5.73733e-07 	 1.59835e-05 
2.555 	 5.97049e-07 	 1.66422e-05 
2.557 	 6.20967e-07 	 1.73180e-05 
2.559 	 6.45365e-07 	 1.80074e-05 
2.561 	 6.70088e-07 	 1.87063e-05 
2.563 	 6.94941e-07 	 1.94096e-05 
2.565 	 7.19695e-07 	 2.01112e-05 
2.567 	 7.44075e-07 	 2.08037e-05 
2.569 	 7.67771e-07 	 2.14790e-05 
2.571 	 7.90433e-07 	 2.21279e-05 
2.573 	 8.11683e-07 	 2.27404e-05 
2.575 	 8.31119e-07 	 2.33059e-05 
2.577 	 8.48331e-07 	 2.38136e-05 
2.579 	 8.62918e-07 	 2.42528e-05 
2.581 	 8.74503e-07 	 2.46135e-05 
2.583 	 8.82754e-07 	 2.48868e-05 
2.585 	 8.87406e-07 	 2.50650e-05 
2.587 	 8.88275e-07 	 2.51430e-05 
2.589 	 8.85271e-07 	 2.51176e-05 
2.591 	 8.78410e-07 	 2.49885e-05 
2.593 	 8.67806e-07 	 2.47577e-05 
2.595 	 8.53676e-07 	 2.44300e-05 
2.597 	 8.36319e-07 	 2.40124e-05 
2.599 	 8.16103e-07 	 2.35138e-05 
2.601 	 7.93443e-07 	 2.29443e-05 
2.603 	 7.68782e-07 	 2.23152e-05 
2.605 	 7.42569e-07 	 2.16381e-05 
2.607 	 7.15242e-07 	 2.09243e-05 
2.609 	 6.87213e-07 	 2.01850e-05 
2.611 	 6.58858e-07 	 1.94304e-05 
2.613 	 6.30513e-07 	 1.86697e-05 
2.615 	 6.02462e-07 	 1.79112e-05 
2.618 	 5.74947e-07 	 1.71618e-05 
2.620 	 5.48162e-07 	 1.64275e-05 
2.622 	 5.22259e-07 	 1.57129e-05 
2.624 	 4.97353e-07 	 1.50218e-05 
2.626 	 4.73526e-07 	 1.43571e-05 
2.628 	 4.50831e-07 	 1.37207e-05 
2.630 	 4.29295e-07 	 1.31141e-05 
2.632 	 4.08928e-07 	 1.25379e-05 
2.634 	 3.89724e-07 	 1.19925e-05 
2.636 	 3.71662e-07 	 1.14778e-05 
2.638 	 3.54713e-07 	 1.09932e-05 
2.640 	 3.38839e-07 	 1.05380e-05 
2.642 	 3.23997e-07 	 1.01113e-05 
2.644 	 3.10138e-07 	 9.71201e-06 
2.646 	 2.97208e-07 	 9.33880e-06 
2.648 	 2.85154e-07 	 8.99025e-06 
2.650 	 2.73915e-07 	 8.66481e-06 
2.652 	 2.63431e-07 	 8.36081e-06 
2.654 	 2.53637e-07 	 8.07646e-06 
2.656 	 2.44468e-07 	 7.80985e-06 
2.658 	 2.35855e-07 	 7.55900e-06 
2.660 	 2.27730e-07 	 7.32185e-06 
2.662 	 2.20023e-07 	 7.09631e-06 
2.664 	 2.12669e-07 	 6.88032e-06 
2.666 	 2.05602e-07 	 6.67191e-06 
2.668 	 1.98766e-07 	 6.46927e-06 
2.670 	 1.92108e-07 	 6.27079e-06 
2.672 	 1.85589e-07 	 6.07520e-06 
2.674 	 1.79176e-07 	 5.88155e-06 
2.676 	 1.72851e-07 	 5.68922e-06 
2.678 	 1.66604e-07 	 5.49800e-06 
2.680 	 1.60435e-07 	 5.30795e-06 
2.682 	 1.54353e-07 	 5.11943e-06 
2.684 	 1.48371e-07 	 4.93295e-06 
2.686 	 1.42506e-07 	 4.74917e-06 
2.688 	 1.36777e-07 	 4.56876e-06 
2.690 	 1.31201e-07 	 4.39240e-06 
2.692 	 1.25793e-07 	 4.22069e-06 
2.694 	 1.20567e-07 	 4.05413e-06 
2.696 	 1.15532e-07 	 3.89313e-06 
2.698 	 1.10695e-07 	 3.73799e-06 
2.700 	 1.06060e-07 	 3.58889e-06 
