Energy [eV] EELS_b EELS_a 
2.500 	 4.02158e-10 	 5.30259e-08 
2.502 	 4.12010e-10 	 5.45399e-08 
2.504 	 4.22312e-10 	 5.61253e-08 
2.506 	 4.33090e-10 	 5.77861e-08 
2.508 	 4.44369e-10 	 5.95266e-08 
2.510 	 4.56176e-10 	 6.13513e-08 
2.512 	 4.68539e-10 	 6.32651e-08 
2.514 	 4.81487e-10 	 6.52727e-08 
2.516 	 4.95051e-10 	 6.73795e-08 
2.519 	 5.09262e-10 	 6.95909e-08 
2.521 	 5.24153e-10 	 7.19125e-08 
2.523 	 5.39758e-10 	 7.43501e-08 
2.525 	 5.56110e-10 	 7.69097e-08 
2.527 	 5.73244e-10 	 7.95974e-08 
2.529 	 5.91193e-10 	 8.24194e-08 
2.531 	 6.09991e-10 	 8.53816e-08 
2.533 	 6.29670e-10 	 8.84901e-08 
2.535 	 6.50259e-10 	 9.17507e-08 
2.537 	 6.71787e-10 	 9.51687e-08 
2.539 	 6.94275e-10 	 9.87487e-08 
2.541 	 7.17740e-10 	 1.02495e-07 
2.543 	 7.42190e-10 	 1.06410e-07 
2.545 	 7.67626e-10 	 1.10495e-07 
2.547 	 7.94033e-10 	 1.14749e-07 
2.549 	 8.21383e-10 	 1.19171e-07 
2.551 	 8.49631e-10 	 1.23753e-07 
2.553 	 8.78707e-10 	 1.28488e-07 
2.555 	 9.08518e-10 	 1.33361e-07 
2.557 	 9.38939e-10 	 1.38354e-07 
2.559 	 9.69813e-10 	 1.43444e-07 
2.561 	 1.00094e-09 	 1.48602e-07 
2.563 	 1.03209e-09 	 1.53790e-07 
2.565 	 1.06297e-09 	 1.58964e-07 
2.567 	 1.09327e-09 	 1.64073e-07 
2.569 	 1.12259e-09 	 1.69056e-07 
2.571 	 1.15053e-09 	 1.73849e-07 
2.573 	 1.17664e-09 	 1.78377e-07 
2.575 	 1.20042e-09 	 1.82562e-07 
2.577 	 1.22139e-09 	 1.86325e-07 
2.579 	 1.23906e-09 	 1.89583e-07 
2.581 	 1.25294e-09 	 1.92259e-07 
2.583 	 1.26261e-09 	 1.94282e-07 
2.585 	 1.26770e-09 	 1.95591e-07 
2.587 	 1.26794e-09 	 1.96140e-07 
2.589 	 1.26317e-09 	 1.95897e-07 
2.591 	 1.25332e-09 	 1.94852e-07 
2.593 	 1.23847e-09 	 1.93013e-07 
2.595 	 1.21883e-09 	 1.90411e-07 
2.597 	 1.19470e-09 	 1.87092e-07 
2.599 	 1.16651e-09 	 1.83119e-07 
2.601 	 1.13476e-09 	 1.78570e-07 
2.603 	 1.09999e-09 	 1.73529e-07 
2.605 	 1.06279e-09 	 1.68086e-07 
2.607 	 1.02374e-09 	 1.62333e-07 
2.609 	 9.83431e-10 	 1.56358e-07 
2.611 	 9.42387e-10 	 1.50245e-07 
2.613 	 9.01104e-10 	 1.44072e-07 
2.615 	 8.60020e-10 	 1.37905e-07 
2.618 	 8.19510e-10 	 1.31806e-07 
2.620 	 7.79888e-10 	 1.25822e-07 
2.622 	 7.41410e-10 	 1.19996e-07 
2.624 	 7.04275e-10 	 1.14359e-07 
2.626 	 6.68631e-10 	 1.08935e-07 
2.628 	 6.34581e-10 	 1.03742e-07 
2.630 	 6.02191e-10 	 9.87918e-08 
2.632 	 5.71492e-10 	 9.40907e-08 
2.634 	 5.42490e-10 	 8.96412e-08 
2.636 	 5.15168e-10 	 8.54420e-08 
2.638 	 4.89492e-10 	 8.14893e-08 
2.640 	 4.65411e-10 	 7.77769e-08 
2.642 	 4.42868e-10 	 7.42967e-08 
2.644 	 4.21793e-10 	 7.10392e-08 
2.646 	 4.02111e-10 	 6.79939e-08 
2.648 	 3.83744e-10 	 6.51490e-08 
2.650 	 3.66605e-10 	 6.24920e-08 
2.652 	 3.50607e-10 	 6.00096e-08 
2.654 	 3.35658e-10 	 5.76880e-08 
2.656 	 3.21667e-10 	 5.55124e-08 
2.658 	 3.08537e-10 	 5.34679e-08 
2.660 	 2.96174e-10 	 5.15393e-08 
2.662 	 2.84485e-10 	 4.97113e-08 
2.664 	 2.73378e-10 	 4.79689e-08 
2.666 	 2.62767e-10 	 4.62980e-08 
2.668 	 2.52576e-10 	 4.46854e-08 
2.670 	 2.42737e-10 	 4.31199e-08 
2.672 	 2.33194e-10 	 4.15921e-08 
2.674 	 2.23903e-10 	 4.00950e-08 
2.676 	 2.14837e-10 	 3.86238e-08 
2.678 	 2.05979e-10 	 3.71762e-08 
2.680 	 1.97324e-10 	 3.57519e-08 
2.682 	 1.88877e-10 	 3.43523e-08 
2.684 	 1.80648e-10 	 3.29801e-08 
2.686 	 1.72652e-10 	 3.16385e-08 
2.688 	 1.64905e-10 	 3.03311e-08 
2.690 	 1.57423e-10 	 2.90614e-08 
2.692 	 1.50216e-10 	 2.78325e-08 
2.694 	 1.43297e-10 	 2.66468e-08 
2.696 	 1.36669e-10 	 2.55063e-08 
2.698 	 1.30337e-10 	 2.44121e-08 
2.700 	 1.24300e-10 	 2.33647e-08 
