Energy [eV] EELS_b EELS_a 
2.500 	 3.69327e-11 	 1.47618e-10 
2.502 	 3.78027e-11 	 1.51250e-10 
2.504 	 3.87131e-11 	 1.55052e-10 
2.506 	 3.96663e-11 	 1.59033e-10 
2.508 	 4.06646e-11 	 1.63202e-10 
2.510 	 4.17104e-11 	 1.67570e-10 
2.512 	 4.28062e-11 	 1.72148e-10 
2.514 	 4.39547e-11 	 1.76947e-10 
2.516 	 4.51588e-11 	 1.81979e-10 
2.519 	 4.64212e-11 	 1.87256e-10 
2.521 	 4.77450e-11 	 1.92791e-10 
2.523 	 4.91331e-11 	 1.98596e-10 
2.525 	 5.05887e-11 	 2.04685e-10 
2.527 	 5.21148e-11 	 2.11071e-10 
2.529 	 5.37146e-11 	 2.17768e-10 
2.531 	 5.53910e-11 	 2.24788e-10 
2.533 	 5.71470e-11 	 2.32144e-10 
2.535 	 5.89851e-11 	 2.39848e-10 
2.537 	 6.09079e-11 	 2.47910e-10 
2.539 	 6.29171e-11 	 2.56339e-10 
2.541 	 6.50142e-11 	 2.65141e-10 
2.543 	 6.71999e-11 	 2.74320e-10 
2.545 	 6.94736e-11 	 2.83875e-10 
2.547 	 7.18340e-11 	 2.93802e-10 
2.549 	 7.42779e-11 	 3.04087e-10 
2.551 	 7.68005e-11 	 3.14712e-10 
2.553 	 7.93949e-11 	 3.25650e-10 
2.555 	 8.20516e-11 	 3.36861e-10 
2.557 	 8.47582e-11 	 3.48296e-10 
2.559 	 8.74988e-11 	 3.59890e-10 
2.561 	 9.02540e-11 	 3.71563e-10 
2.563 	 9.30003e-11 	 3.83218e-10 
2.565 	 9.57098e-11 	 3.94740e-10 
2.567 	 9.83503e-11 	 4.05997e-10 
2.569 	 1.00885e-10 	 4.16836e-10 
2.571 	 1.03274e-10 	 4.27090e-10 
2.573 	 1.05474e-10 	 4.36577e-10 
2.575 	 1.07438e-10 	 4.45105e-10 
2.577 	 1.09120e-10 	 4.52480e-10 
2.579 	 1.10475e-10 	 4.58510e-10 
2.581 	 1.11459e-10 	 4.63014e-10 
2.583 	 1.12034e-10 	 4.65834e-10 
2.585 	 1.12172e-10 	 4.66840e-10 
2.587 	 1.11852e-10 	 4.65944e-10 
2.589 	 1.11063e-10 	 4.63100e-10 
2.591 	 1.09809e-10 	 4.58314e-10 
2.593 	 1.08104e-10 	 4.51642e-10 
2.595 	 1.05974e-10 	 4.43189e-10 
2.597 	 1.03457e-10 	 4.33103e-10 
2.599 	 1.00597e-10 	 4.21568e-10 
2.601 	 9.74467e-11 	 4.08795e-10 
2.603 	 9.40606e-11 	 3.95012e-10 
2.605 	 9.04950e-11 	 3.80449e-10 
2.607 	 8.68050e-11 	 3.65335e-10 
2.609 	 8.30426e-11 	 3.49887e-10 
2.611 	 7.92556e-11 	 3.34303e-10 
2.613 	 7.54862e-11 	 3.18761e-10 
2.615 	 7.17707e-11 	 3.03413e-10 
2.618 	 6.81394e-11 	 2.88388e-10 
2.620 	 6.46166e-11 	 2.73790e-10 
2.622 	 6.12211e-11 	 2.59699e-10 
2.624 	 5.79669e-11 	 2.46175e-10 
2.626 	 5.48633e-11 	 2.33262e-10 
2.628 	 5.19161e-11 	 2.20984e-10 
2.630 	 4.91279e-11 	 2.09355e-10 
2.632 	 4.64986e-11 	 1.98377e-10 
2.634 	 4.40262e-11 	 1.88044e-10 
2.636 	 4.17069e-11 	 1.78342e-10 
2.638 	 3.95359e-11 	 1.69252e-10 
2.640 	 3.75073e-11 	 1.60750e-10 
2.642 	 3.56144e-11 	 1.52812e-10 
2.644 	 3.38501e-11 	 1.45408e-10 
2.646 	 3.22071e-11 	 1.38508e-10 
2.648 	 3.06776e-11 	 1.32080e-10 
2.650 	 2.92537e-11 	 1.26093e-10 
2.652 	 2.79274e-11 	 1.20512e-10 
2.654 	 2.66904e-11 	 1.15305e-10 
2.656 	 2.55346e-11 	 1.10436e-10 
2.658 	 2.44516e-11 	 1.05872e-10 
2.660 	 2.34335e-11 	 1.01578e-10 
2.662 	 2.24722e-11 	 9.75205e-11 
2.664 	 2.15601e-11 	 9.36671e-11 
2.666 	 2.06902e-11 	 8.99876e-11 
2.668 	 1.98559e-11 	 8.64549e-11 
2.670 	 1.90517e-11 	 8.30450e-11 
2.672 	 1.82731e-11 	 7.97386e-11 
2.674 	 1.75166e-11 	 7.65209e-11 
2.676 	 1.67798e-11 	 7.33819e-11 
2.678 	 1.60614e-11 	 7.03161e-11 
2.680 	 1.53610e-11 	 6.73219e-11 
2.682 	 1.46788e-11 	 6.44010e-11 
2.684 	 1.40157e-11 	 6.15573e-11 
2.686 	 1.33727e-11 	 5.87957e-11 
2.688 	 1.27511e-11 	 5.61217e-11 
2.690 	 1.21519e-11 	 5.35405e-11 
2.692 	 1.15759e-11 	 5.10565e-11 
2.694 	 1.10240e-11 	 4.86729e-11 
2.696 	 1.04964e-11 	 4.63917e-11 
2.698 	 9.99316e-12 	 4.42137e-11 
2.700 	 9.51421e-12 	 4.21383e-11 
