Energy [eV] EELS_b EELS_a 
2.500 	 2.19840e-10 	 3.41534e-08 
2.502 	 2.25168e-10 	 3.51214e-08 
2.504 	 2.30741e-10 	 3.61351e-08 
2.506 	 2.36573e-10 	 3.71971e-08 
2.508 	 2.42678e-10 	 3.83101e-08 
2.510 	 2.49070e-10 	 3.94771e-08 
2.512 	 2.55765e-10 	 4.07009e-08 
2.514 	 2.62780e-10 	 4.19849e-08 
2.516 	 2.70130e-10 	 4.33324e-08 
2.519 	 2.77833e-10 	 4.47468e-08 
2.521 	 2.85908e-10 	 4.62317e-08 
2.523 	 2.94372e-10 	 4.77909e-08 
2.525 	 3.03245e-10 	 4.94283e-08 
2.527 	 3.12544e-10 	 5.11476e-08 
2.529 	 3.22291e-10 	 5.29528e-08 
2.531 	 3.32502e-10 	 5.48479e-08 
2.533 	 3.43195e-10 	 5.68366e-08 
2.535 	 3.54388e-10 	 5.89227e-08 
2.537 	 3.66096e-10 	 6.11094e-08 
2.539 	 3.78330e-10 	 6.33999e-08 
2.541 	 3.91102e-10 	 6.57967e-08 
2.543 	 4.04417e-10 	 6.83014e-08 
2.545 	 4.18273e-10 	 7.09149e-08 
2.547 	 4.32666e-10 	 7.36368e-08 
2.549 	 4.47579e-10 	 7.64652e-08 
2.551 	 4.62989e-10 	 7.93964e-08 
2.553 	 4.78857e-10 	 8.24243e-08 
2.555 	 4.95133e-10 	 8.55403e-08 
2.557 	 5.11749e-10 	 8.87326e-08 
2.559 	 5.28618e-10 	 9.19860e-08 
2.561 	 5.45632e-10 	 9.52811e-08 
2.563 	 5.62659e-10 	 9.85941e-08 
2.565 	 5.79544e-10 	 1.01896e-07 
2.567 	 5.96103e-10 	 1.05154e-07 
2.569 	 6.12130e-10 	 1.08330e-07 
2.571 	 6.27392e-10 	 1.11380e-07 
2.573 	 6.41637e-10 	 1.14256e-07 
2.575 	 6.54597e-10 	 1.16910e-07 
2.577 	 6.65995e-10 	 1.19288e-07 
2.579 	 6.75554e-10 	 1.21339e-07 
2.581 	 6.83012e-10 	 1.23013e-07 
2.583 	 6.88129e-10 	 1.24264e-07 
2.585 	 6.90704e-10 	 1.25053e-07 
2.587 	 6.90584e-10 	 1.25351e-07 
2.589 	 6.87679e-10 	 1.25140e-07 
2.591 	 6.81963e-10 	 1.24412e-07 
2.593 	 6.73483e-10 	 1.23176e-07 
2.595 	 6.62357e-10 	 1.21450e-07 
2.597 	 6.48767e-10 	 1.19266e-07 
2.599 	 6.32950e-10 	 1.16665e-07 
2.601 	 6.15190e-10 	 1.13699e-07 
2.603 	 5.95799e-10 	 1.10422e-07 
2.605 	 5.75104e-10 	 1.06893e-07 
2.607 	 5.53435e-10 	 1.03171e-07 
2.609 	 5.31110e-10 	 9.93120e-08 
2.611 	 5.08428e-10 	 9.53712e-08 
2.613 	 4.85661e-10 	 9.13972e-08 
2.615 	 4.63047e-10 	 8.74335e-08 
2.618 	 4.40791e-10 	 8.35176e-08 
2.620 	 4.19063e-10 	 7.96810e-08 
2.622 	 3.97999e-10 	 7.59492e-08 
2.624 	 3.77704e-10 	 7.23422e-08 
2.626 	 3.58255e-10 	 6.88752e-08 
2.628 	 3.39704e-10 	 6.55588e-08 
2.630 	 3.22083e-10 	 6.23999e-08 
2.632 	 3.05405e-10 	 5.94023e-08 
2.634 	 2.89670e-10 	 5.65671e-08 
2.636 	 2.74864e-10 	 5.38932e-08 
2.638 	 2.60966e-10 	 5.13778e-08 
2.640 	 2.47946e-10 	 4.90165e-08 
2.642 	 2.35770e-10 	 4.68041e-08 
2.644 	 2.24398e-10 	 4.47342e-08 
2.646 	 2.13787e-10 	 4.27999e-08 
2.648 	 2.03893e-10 	 4.09936e-08 
2.650 	 1.94669e-10 	 3.93071e-08 
2.652 	 1.86064e-10 	 3.77319e-08 
2.654 	 1.78030e-10 	 3.62591e-08 
2.656 	 1.70516e-10 	 3.48794e-08 
2.658 	 1.63468e-10 	 3.35831e-08 
2.660 	 1.56837e-10 	 3.23606e-08 
2.662 	 1.50570e-10 	 3.12021e-08 
2.664 	 1.44620e-10 	 3.00982e-08 
2.666 	 1.38939e-10 	 2.90400e-08 
2.668 	 1.33486e-10 	 2.80191e-08 
2.670 	 1.28224e-10 	 2.70284e-08 
2.672 	 1.23124e-10 	 2.60621e-08 
2.674 	 1.18163e-10 	 2.51156e-08 
2.676 	 1.13325e-10 	 2.41860e-08 
2.678 	 1.08601e-10 	 2.32719e-08 
2.680 	 1.03989e-10 	 2.23729e-08 
2.682 	 9.94903e-11 	 2.14901e-08 
2.684 	 9.51109e-11 	 2.06249e-08 
2.686 	 9.08581e-11 	 1.97795e-08 
2.688 	 8.67403e-11 	 1.89561e-08 
2.690 	 8.27652e-11 	 1.81567e-08 
2.692 	 7.89392e-11 	 1.73834e-08 
2.694 	 7.52674e-11 	 1.66377e-08 
2.696 	 7.17528e-11 	 1.59206e-08 
2.698 	 6.83964e-11 	 1.52328e-08 
2.700 	 6.51978e-11 	 1.45748e-08 
