Energy [eV] EELS_b EELS_a 
2.500 	 1.48960e-04 	 9.27700e-04 
2.502 	 1.53498e-04 	 9.57831e-04 
2.504 	 1.58239e-04 	 9.89411e-04 
2.506 	 1.63194e-04 	 1.02253e-03 
2.508 	 1.68376e-04 	 1.05728e-03 
2.510 	 1.73795e-04 	 1.09377e-03 
2.512 	 1.79466e-04 	 1.13210e-03 
2.514 	 1.85401e-04 	 1.17240e-03 
2.516 	 1.91615e-04 	 1.21479e-03 
2.519 	 1.98122e-04 	 1.25939e-03 
2.521 	 2.04937e-04 	 1.30637e-03 
2.523 	 2.12076e-04 	 1.35586e-03 
2.525 	 2.19556e-04 	 1.40804e-03 
2.527 	 2.27393e-04 	 1.46309e-03 
2.529 	 2.35605e-04 	 1.52118e-03 
2.531 	 2.44209e-04 	 1.58253e-03 
2.533 	 2.53223e-04 	 1.64735e-03 
2.535 	 2.62665e-04 	 1.71587e-03 
2.537 	 2.72552e-04 	 1.78834e-03 
2.539 	 2.82901e-04 	 1.86501e-03 
2.541 	 2.93728e-04 	 1.94615e-03 
2.543 	 3.05047e-04 	 2.03207e-03 
2.545 	 3.16872e-04 	 2.12306e-03 
2.547 	 3.29213e-04 	 2.21943e-03 
2.549 	 3.42077e-04 	 2.32153e-03 
2.551 	 3.55468e-04 	 2.42968e-03 
2.553 	 3.69384e-04 	 2.54423e-03 
2.555 	 3.83818e-04 	 2.66554e-03 
2.557 	 3.98755e-04 	 2.79394e-03 
2.559 	 4.14174e-04 	 2.92977e-03 
2.561 	 4.30042e-04 	 3.07333e-03 
2.563 	 4.46316e-04 	 3.22491e-03 
2.565 	 4.62941e-04 	 3.38473e-03 
2.567 	 4.79849e-04 	 3.55294e-03 
2.569 	 4.96956e-04 	 3.72963e-03 
2.571 	 5.14163e-04 	 3.91473e-03 
2.573 	 5.31354e-04 	 4.10803e-03 
2.575 	 5.48397e-04 	 4.30914e-03 
2.577 	 5.65142e-04 	 4.51741e-03 
2.579 	 5.81424e-04 	 4.73193e-03 
2.581 	 5.97064e-04 	 4.95141e-03 
2.583 	 6.11871e-04 	 5.17423e-03 
2.585 	 6.25644e-04 	 5.39830e-03 
2.587 	 6.38178e-04 	 5.62109e-03 
2.589 	 6.49270e-04 	 5.83956e-03 
2.591 	 6.58717e-04 	 6.05027e-03 
2.593 	 6.66334e-04 	 6.24935e-03 
2.595 	 6.71952e-04 	 6.43265e-03 
2.597 	 6.75427e-04 	 6.59589e-03 
2.599 	 6.76650e-04 	 6.73489e-03 
2.601 	 6.75554e-04 	 6.84577e-03 
2.603 	 6.72115e-04 	 6.92529e-03 
2.605 	 6.66361e-04 	 6.97100e-03 
2.607 	 6.58374e-04 	 6.98156e-03 
2.609 	 6.48284e-04 	 6.95677e-03 
2.611 	 6.36269e-04 	 6.89766e-03 
2.613 	 6.22546e-04 	 6.80643e-03 
2.615 	 6.07363e-04 	 6.68625e-03 
2.618 	 5.90984e-04 	 6.54105e-03 
2.620 	 5.73682e-04 	 6.37526e-03 
2.622 	 5.55726e-04 	 6.19353e-03 
2.624 	 5.37372e-04 	 6.00047e-03 
2.626 	 5.18857e-04 	 5.80044e-03 
2.628 	 5.00391e-04 	 5.59745e-03 
2.630 	 4.82157e-04 	 5.39498e-03 
2.632 	 4.64311e-04 	 5.19602e-03 
2.634 	 4.46979e-04 	 5.00300e-03 
2.636 	 4.30261e-04 	 4.81784e-03 
2.638 	 4.14234e-04 	 4.64199e-03 
2.640 	 3.98950e-04 	 4.47650e-03 
2.642 	 3.84444e-04 	 4.32200e-03 
2.644 	 3.70733e-04 	 4.17885e-03 
2.646 	 3.57818e-04 	 4.04710e-03 
2.648 	 3.45687e-04 	 3.92658e-03 
2.650 	 3.34316e-04 	 3.81689e-03 
2.652 	 3.23669e-04 	 3.71744e-03 
2.654 	 3.13700e-04 	 3.62748e-03 
2.656 	 3.04355e-04 	 3.54608e-03 
2.658 	 2.95568e-04 	 3.47216e-03 
2.660 	 2.87270e-04 	 3.40452e-03 
2.662 	 2.79384e-04 	 3.34184e-03 
2.664 	 2.71830e-04 	 3.28274e-03 
2.666 	 2.64531e-04 	 3.22580e-03 
2.668 	 2.57410e-04 	 3.16966e-03 
2.670 	 2.50397e-04 	 3.11302e-03 
2.672 	 2.43436e-04 	 3.05476e-03 
2.674 	 2.36480e-04 	 2.99396e-03 
2.676 	 2.29499e-04 	 2.92997e-03 
2.678 	 2.22478e-04 	 2.86242e-03 
2.680 	 2.15416e-04 	 2.79122e-03 
2.682 	 2.08327e-04 	 2.71653e-03 
2.684 	 2.01233e-04 	 2.63873e-03 
2.686 	 1.94164e-04 	 2.55835e-03 
2.688 	 1.87153e-04 	 2.47601e-03 
2.690 	 1.80234e-04 	 2.39239e-03 
2.692 	 1.73438e-04 	 2.30813e-03 
2.694 	 1.66795e-04 	 2.22386e-03 
2.696 	 1.60329e-04 	 2.14013e-03 
2.698 	 1.54059e-04 	 2.05743e-03 
2.700 	 1.48001e-04 	 1.97618e-03 
