Energy [eV] EELS_b EELS_a 
2.500 	 1.25354e-13 	 1.37228e-10 
2.502 	 1.26028e-13 	 1.38756e-10 
2.504 	 1.26766e-13 	 1.40367e-10 
2.506 	 1.27584e-13 	 1.42079e-10 
2.508 	 1.28475e-13 	 1.43889e-10 
2.510 	 1.29443e-13 	 1.45801e-10 
2.512 	 1.30494e-13 	 1.47825e-10 
2.514 	 1.31631e-13 	 1.49964e-10 
2.516 	 1.32856e-13 	 1.52223e-10 
2.519 	 1.34173e-13 	 1.54610e-10 
2.521 	 1.35589e-13 	 1.57133e-10 
2.523 	 1.37107e-13 	 1.59799e-10 
2.525 	 1.38730e-13 	 1.62612e-10 
2.527 	 1.40464e-13 	 1.65583e-10 
2.529 	 1.42316e-13 	 1.68722e-10 
2.531 	 1.44289e-13 	 1.72035e-10 
2.533 	 1.46390e-13 	 1.75534e-10 
2.535 	 1.48624e-13 	 1.79227e-10 
2.537 	 1.50998e-13 	 1.83125e-10 
2.539 	 1.53520e-13 	 1.87241e-10 
2.541 	 1.56193e-13 	 1.91584e-10 
2.543 	 1.59027e-13 	 1.96166e-10 
2.545 	 1.62028e-13 	 2.01001e-10 
2.547 	 1.65203e-13 	 2.06101e-10 
2.549 	 1.68557e-13 	 2.11475e-10 
2.551 	 1.72100e-13 	 2.17139e-10 
2.553 	 1.75838e-13 	 2.23106e-10 
2.555 	 1.79774e-13 	 2.29384e-10 
2.557 	 1.83917e-13 	 2.35988e-10 
2.559 	 1.88269e-13 	 2.42925e-10 
2.561 	 1.92833e-13 	 2.50206e-10 
2.563 	 1.97612e-13 	 2.57834e-10 
2.565 	 2.02605e-13 	 2.65813e-10 
2.567 	 2.07809e-13 	 2.74146e-10 
2.569 	 2.13219e-13 	 2.82828e-10 
2.571 	 2.18824e-13 	 2.91848e-10 
2.573 	 2.24611e-13 	 3.01190e-10 
2.575 	 2.30562e-13 	 3.10835e-10 
2.577 	 2.36653e-13 	 3.20749e-10 
2.579 	 2.42854e-13 	 3.30895e-10 
2.581 	 2.49131e-13 	 3.41223e-10 
2.583 	 2.55438e-13 	 3.51673e-10 
2.585 	 2.61728e-13 	 3.62174e-10 
2.587 	 2.67946e-13 	 3.72649e-10 
2.589 	 2.74028e-13 	 3.83006e-10 
2.591 	 2.79905e-13 	 3.93142e-10 
2.593 	 2.85512e-13 	 4.02960e-10 
2.595 	 2.90770e-13 	 4.12343e-10 
2.597 	 2.95605e-13 	 4.21180e-10 
2.599 	 2.99945e-13 	 4.29362e-10 
2.601 	 3.03717e-13 	 4.36774e-10 
2.603 	 3.06852e-13 	 4.43312e-10 
2.605 	 3.09286e-13 	 4.48876e-10 
2.607 	 3.10963e-13 	 4.53372e-10 
2.609 	 3.11830e-13 	 4.56713e-10 
2.611 	 3.11847e-13 	 4.58828e-10 
2.613 	 3.10975e-13 	 4.59646e-10 
2.615 	 3.09191e-13 	 4.59114e-10 
2.618 	 3.06483e-13 	 4.57195e-10 
2.620 	 3.02844e-13 	 4.53863e-10 
2.622 	 2.98290e-13 	 4.49117e-10 
2.624 	 2.92847e-13 	 4.42977e-10 
2.626 	 2.86557e-13 	 4.35483e-10 
2.628 	 2.79474e-13 	 4.26702e-10 
2.630 	 2.71675e-13 	 4.16730e-10 
2.632 	 2.63240e-13 	 4.05677e-10 
2.634 	 2.54266e-13 	 3.93677e-10 
2.636 	 2.44857e-13 	 3.80882e-10 
2.638 	 2.35120e-13 	 3.67451e-10 
2.640 	 2.25165e-13 	 3.53548e-10 
2.642 	 2.15100e-13 	 3.39339e-10 
2.644 	 2.05026e-13 	 3.24981e-10 
2.646 	 1.95040e-13 	 3.10627e-10 
2.648 	 1.85225e-13 	 2.96411e-10 
2.650 	 1.75656e-13 	 2.82453e-10 
2.652 	 1.66392e-13 	 2.68854e-10 
2.654 	 1.57483e-13 	 2.55696e-10 
2.656 	 1.48960e-13 	 2.43040e-10 
2.658 	 1.40848e-13 	 2.30930e-10 
2.660 	 1.33158e-13 	 2.19396e-10 
2.662 	 1.25894e-13 	 2.08447e-10 
2.664 	 1.19047e-13 	 1.98083e-10 
2.666 	 1.12607e-13 	 1.88291e-10 
2.668 	 1.06556e-13 	 1.79050e-10 
2.670 	 1.00872e-13 	 1.70334e-10 
2.672 	 9.55306e-14 	 1.62110e-10 
2.674 	 9.05081e-14 	 1.54346e-10 
2.676 	 8.57788e-14 	 1.47005e-10 
2.678 	 8.13188e-14 	 1.40054e-10 
2.680 	 7.71061e-14 	 1.33462e-10 
2.682 	 7.31199e-14 	 1.27199e-10 
2.684 	 6.93428e-14 	 1.21239e-10 
2.686 	 6.57604e-14 	 1.15565e-10 
2.688 	 6.23591e-14 	 1.10154e-10 
2.690 	 5.91287e-14 	 1.04993e-10 
2.692 	 5.60613e-14 	 1.00072e-10 
2.694 	 5.31494e-14 	 9.53794e-11 
2.696 	 5.03863e-14 	 9.09064e-11 
2.698 	 4.77665e-14 	 8.66459e-11 
2.700 	 4.52845e-14 	 8.25907e-11 
