Energy [eV] EELS_b EELS_a 
2.500 	 6.16946e-07 	 2.85016e-06 
2.502 	 6.36468e-07 	 2.94303e-06 
2.504 	 6.56960e-07 	 3.04054e-06 
2.506 	 6.78480e-07 	 3.14296e-06 
2.508 	 7.01093e-07 	 3.25060e-06 
2.510 	 7.24865e-07 	 3.36377e-06 
2.512 	 7.49865e-07 	 3.48281e-06 
2.514 	 7.76170e-07 	 3.60808e-06 
2.516 	 8.03857e-07 	 3.73995e-06 
2.519 	 8.33011e-07 	 3.87882e-06 
2.521 	 8.63718e-07 	 4.02511e-06 
2.523 	 8.96071e-07 	 4.17924e-06 
2.525 	 9.30163e-07 	 4.34168e-06 
2.527 	 9.66093e-07 	 4.51288e-06 
2.529 	 1.00396e-06 	 4.69331e-06 
2.531 	 1.04387e-06 	 4.88348e-06 
2.533 	 1.08593e-06 	 5.08386e-06 
2.535 	 1.13024e-06 	 5.29494e-06 
2.537 	 1.17689e-06 	 5.51717e-06 
2.539 	 1.22599e-06 	 5.75101e-06 
2.541 	 1.27761e-06 	 5.99684e-06 
2.543 	 1.33184e-06 	 6.25499e-06 
2.545 	 1.38872e-06 	 6.52571e-06 
2.547 	 1.44829e-06 	 6.80913e-06 
2.549 	 1.51054e-06 	 7.10522e-06 
2.551 	 1.57545e-06 	 7.41379e-06 
2.553 	 1.64291e-06 	 7.73439e-06 
2.555 	 1.71279e-06 	 8.06630e-06 
2.557 	 1.78487e-06 	 8.40847e-06 
2.559 	 1.85885e-06 	 8.75944e-06 
2.561 	 1.93432e-06 	 9.11730e-06 
2.563 	 2.01078e-06 	 9.47964e-06 
2.565 	 2.08761e-06 	 9.84350e-06 
2.567 	 2.16405e-06 	 1.02053e-05 
2.569 	 2.23921e-06 	 1.05609e-05 
2.571 	 2.31208e-06 	 1.09056e-05 
2.573 	 2.38153e-06 	 1.12340e-05 
2.575 	 2.44635e-06 	 1.15406e-05 
2.577 	 2.50524e-06 	 1.18194e-05 
2.579 	 2.55691e-06 	 1.20645e-05 
2.581 	 2.60009e-06 	 1.22699e-05 
2.583 	 2.63363e-06 	 1.24304e-05 
2.585 	 2.65651e-06 	 1.25415e-05 
2.587 	 2.66799e-06 	 1.25996e-05 
2.589 	 2.66755e-06 	 1.26026e-05 
2.591 	 2.65504e-06 	 1.25497e-05 
2.593 	 2.63060e-06 	 1.24415e-05 
2.595 	 2.59474e-06 	 1.22804e-05 
2.597 	 2.54824e-06 	 1.20699e-05 
2.599 	 2.49213e-06 	 1.18149e-05 
2.601 	 2.42767e-06 	 1.15209e-05 
2.603 	 2.35621e-06 	 1.11940e-05 
2.605 	 2.27917e-06 	 1.08409e-05 
2.607 	 2.19795e-06 	 1.04679e-05 
2.609 	 2.11390e-06 	 1.00811e-05 
2.611 	 2.02828e-06 	 9.68638e-06 
2.613 	 1.94220e-06 	 9.28883e-06 
2.615 	 1.85664e-06 	 8.89297e-06 
2.618 	 1.77241e-06 	 8.50262e-06 
2.620 	 1.69018e-06 	 8.12095e-06 
2.622 	 1.61050e-06 	 7.75048e-06 
2.624 	 1.53377e-06 	 7.39316e-06 
2.626 	 1.46028e-06 	 7.05040e-06 
2.628 	 1.39022e-06 	 6.72321e-06 
2.630 	 1.32371e-06 	 6.41218e-06 
2.632 	 1.26080e-06 	 6.11760e-06 
2.634 	 1.20149e-06 	 5.83952e-06 
2.636 	 1.14571e-06 	 5.57776e-06 
2.638 	 1.09339e-06 	 5.33198e-06 
2.640 	 1.04442e-06 	 5.10170e-06 
2.642 	 9.98655e-07 	 4.88637e-06 
2.644 	 9.55953e-07 	 4.68530e-06 
2.646 	 9.16151e-07 	 4.49779e-06 
2.648 	 8.79076e-07 	 4.32304e-06 
2.650 	 8.44544e-07 	 4.16022e-06 
2.652 	 8.12364e-07 	 4.00842e-06 
2.654 	 7.82337e-07 	 3.86671e-06 
2.656 	 7.54255e-07 	 3.73412e-06 
2.658 	 7.27907e-07 	 3.60962e-06 
2.660 	 7.03076e-07 	 3.49218e-06 
2.662 	 6.79547e-07 	 3.38074e-06 
2.664 	 6.57108e-07 	 3.27428e-06 
2.666 	 6.35560e-07 	 3.17182e-06 
2.668 	 6.14718e-07 	 3.07246e-06 
2.670 	 5.94422e-07 	 2.97540e-06 
2.672 	 5.74542e-07 	 2.88001e-06 
2.674 	 5.54978e-07 	 2.78581e-06 
2.676 	 5.35668e-07 	 2.69250e-06 
2.678 	 5.16579e-07 	 2.59993e-06 
2.680 	 4.97714e-07 	 2.50813e-06 
2.682 	 4.79095e-07 	 2.41724e-06 
2.684 	 4.60766e-07 	 2.32750e-06 
2.686 	 4.42779e-07 	 2.23920e-06 
2.688 	 4.25192e-07 	 2.15265e-06 
2.690 	 4.08059e-07 	 2.06815e-06 
2.692 	 3.91432e-07 	 1.98597e-06 
2.694 	 3.75352e-07 	 1.90636e-06 
2.696 	 3.59850e-07 	 1.82948e-06 
2.698 	 3.44948e-07 	 1.75546e-06 
2.700 	 3.30660e-07 	 1.68440e-06 
