Energy [eV] EELS_b EELS_a 
2.500 	 2.70069e-13 	 2.35497e-10 
2.502 	 2.72147e-13 	 2.38690e-10 
2.504 	 2.74411e-13 	 2.42066e-10 
2.506 	 2.76825e-13 	 2.45614e-10 
2.508 	 2.79457e-13 	 2.49383e-10 
2.510 	 2.82315e-13 	 2.53379e-10 
2.512 	 2.85410e-13 	 2.57620e-10 
2.514 	 2.88635e-13 	 2.62040e-10 
2.516 	 2.92065e-13 	 2.66694e-10 
2.519 	 2.95829e-13 	 2.71677e-10 
2.521 	 2.99781e-13 	 2.76887e-10 
2.523 	 3.04053e-13 	 2.82439e-10 
2.525 	 3.08495e-13 	 2.88222e-10 
2.527 	 3.13227e-13 	 2.94336e-10 
2.529 	 3.18368e-13 	 3.00858e-10 
2.531 	 3.23742e-13 	 3.07694e-10 
2.533 	 3.29475e-13 	 3.14931e-10 
2.535 	 3.35521e-13 	 3.22549e-10 
2.537 	 3.41975e-13 	 3.30614e-10 
2.539 	 3.48755e-13 	 3.39108e-10 
2.541 	 3.55949e-13 	 3.48076e-10 
2.543 	 3.63568e-13 	 3.57555e-10 
2.545 	 3.71644e-13 	 3.67570e-10 
2.547 	 3.80119e-13 	 3.78113e-10 
2.549 	 3.89131e-13 	 3.89269e-10 
2.551 	 3.98583e-13 	 4.01011e-10 
2.553 	 4.08518e-13 	 4.13367e-10 
2.555 	 4.19090e-13 	 4.26459e-10 
2.557 	 4.30147e-13 	 4.40215e-10 
2.559 	 4.41743e-13 	 4.54675e-10 
2.561 	 4.53933e-13 	 4.69891e-10 
2.563 	 4.66646e-13 	 4.85838e-10 
2.565 	 4.79985e-13 	 5.02585e-10 
2.567 	 4.93875e-13 	 5.20102e-10 
2.569 	 5.08335e-13 	 5.38416e-10 
2.571 	 5.23255e-13 	 5.57424e-10 
2.573 	 5.38768e-13 	 5.77257e-10 
2.575 	 5.54711e-13 	 5.97774e-10 
2.577 	 5.70846e-13 	 6.18763e-10 
2.579 	 5.87431e-13 	 6.40422e-10 
2.581 	 6.04005e-13 	 6.62346e-10 
2.583 	 6.20817e-13 	 6.84707e-10 
2.585 	 6.37451e-13 	 7.07102e-10 
2.587 	 6.53754e-13 	 7.29362e-10 
2.589 	 6.69776e-13 	 7.51424e-10 
2.591 	 6.84929e-13 	 7.72723e-10 
2.593 	 6.99227e-13 	 7.93163e-10 
2.595 	 7.12419e-13 	 8.12406e-10 
2.597 	 7.24159e-13 	 8.30043e-10 
2.599 	 7.34339e-13 	 8.45829e-10 
2.601 	 7.42588e-13 	 8.59320e-10 
2.603 	 7.48858e-13 	 8.70332e-10 
2.605 	 7.52877e-13 	 8.78530e-10 
2.607 	 7.54452e-13 	 8.83633e-10 
2.609 	 7.53542e-13 	 8.85515e-10 
2.611 	 7.50123e-13 	 8.84114e-10 
2.613 	 7.44103e-13 	 8.79328e-10 
2.615 	 7.35520e-13 	 8.71209e-10 
2.618 	 7.24503e-13 	 8.59916e-10 
2.620 	 7.11168e-13 	 8.45623e-10 
2.622 	 6.95466e-13 	 8.28364e-10 
2.624 	 6.77776e-13 	 8.08601e-10 
2.626 	 6.58293e-13 	 7.86604e-10 
2.628 	 6.37289e-13 	 7.62741e-10 
2.630 	 6.14947e-13 	 7.37281e-10 
2.632 	 5.91593e-13 	 7.10628e-10 
2.634 	 5.67480e-13 	 6.83105e-10 
2.636 	 5.42930e-13 	 6.55073e-10 
2.638 	 5.18181e-13 	 6.26829e-10 
2.640 	 4.93444e-13 	 5.98633e-10 
2.642 	 4.69045e-13 	 5.70802e-10 
2.644 	 4.45091e-13 	 5.43497e-10 
2.646 	 4.21722e-13 	 5.16869e-10 
2.648 	 3.99187e-13 	 4.91171e-10 
2.650 	 3.77493e-13 	 4.66426e-10 
2.652 	 3.56865e-13 	 4.42849e-10 
2.654 	 3.37101e-13 	 4.20260e-10 
2.656 	 3.18448e-13 	 3.98891e-10 
2.658 	 3.00800e-13 	 3.78643e-10 
2.660 	 2.84177e-13 	 3.59530e-10 
2.662 	 2.68502e-13 	 3.41469e-10 
2.664 	 2.53842e-13 	 3.24516e-10 
2.666 	 2.40051e-13 	 3.08529e-10 
2.668 	 2.27042e-13 	 2.93408e-10 
2.670 	 2.14925e-13 	 2.79248e-10 
2.672 	 2.03529e-13 	 2.65886e-10 
2.674 	 1.92771e-13 	 2.53213e-10 
2.676 	 1.82633e-13 	 2.41210e-10 
2.678 	 1.73147e-13 	 2.29904e-10 
2.680 	 1.64097e-13 	 2.19076e-10 
2.682 	 1.55612e-13 	 2.08852e-10 
2.684 	 1.47565e-13 	 1.99097e-10 
2.686 	 1.39926e-13 	 1.89785e-10 
2.688 	 1.32699e-13 	 1.80919e-10 
2.690 	 1.25860e-13 	 1.72482e-10 
2.692 	 1.19386e-13 	 1.64445e-10 
2.694 	 1.13241e-13 	 1.56780e-10 
2.696 	 1.07444e-13 	 1.49506e-10 
2.698 	 1.01959e-13 	 1.42588e-10 
2.700 	 9.67578e-14 	 1.36003e-10 
