Energy [eV] EELS_b EELS_a 
2.500 	 1.93712e-08 	 8.14177e-08 
2.502 	 1.99149e-08 	 8.37845e-08 
2.504 	 2.04839e-08 	 8.62619e-08 
2.506 	 2.10793e-08 	 8.88560e-08 
2.508 	 2.17028e-08 	 9.15732e-08 
2.510 	 2.23557e-08 	 9.44203e-08 
2.512 	 2.30397e-08 	 9.74044e-08 
2.514 	 2.37564e-08 	 1.00533e-07 
2.516 	 2.45076e-08 	 1.03813e-07 
2.519 	 2.52948e-08 	 1.07253e-07 
2.521 	 2.61201e-08 	 1.10862e-07 
2.523 	 2.69851e-08 	 1.14646e-07 
2.525 	 2.78918e-08 	 1.18616e-07 
2.527 	 2.88419e-08 	 1.22778e-07 
2.529 	 2.98372e-08 	 1.27142e-07 
2.531 	 3.08795e-08 	 1.31715e-07 
2.533 	 3.19705e-08 	 1.36506e-07 
2.535 	 3.31114e-08 	 1.41521e-07 
2.537 	 3.43037e-08 	 1.46767e-07 
2.539 	 3.55482e-08 	 1.52248e-07 
2.541 	 3.68455e-08 	 1.57967e-07 
2.543 	 3.81955e-08 	 1.63926e-07 
2.545 	 3.95977e-08 	 1.70124e-07 
2.547 	 4.10507e-08 	 1.76554e-07 
2.549 	 4.25521e-08 	 1.83209e-07 
2.551 	 4.40986e-08 	 1.90076e-07 
2.553 	 4.56853e-08 	 1.97133e-07 
2.555 	 4.73059e-08 	 2.04357e-07 
2.557 	 4.89525e-08 	 2.11712e-07 
2.559 	 5.06152e-08 	 2.19158e-07 
2.561 	 5.22818e-08 	 2.26643e-07 
2.563 	 5.39383e-08 	 2.34107e-07 
2.565 	 5.55679e-08 	 2.41477e-07 
2.567 	 5.71519e-08 	 2.48673e-07 
2.569 	 5.86695e-08 	 2.55604e-07 
2.571 	 6.00978e-08 	 2.62169e-07 
2.573 	 6.14129e-08 	 2.68263e-07 
2.575 	 6.25899e-08 	 2.73774e-07 
2.577 	 6.36041e-08 	 2.78594e-07 
2.579 	 6.44317e-08 	 2.82613e-07 
2.581 	 6.50510e-08 	 2.85732e-07 
2.583 	 6.54435e-08 	 2.87866e-07 
2.585 	 6.55949e-08 	 2.88946e-07 
2.587 	 6.54957e-08 	 2.88924e-07 
2.589 	 6.51423e-08 	 2.87777e-07 
2.591 	 6.45370e-08 	 2.85511e-07 
2.593 	 6.36882e-08 	 2.82156e-07 
2.595 	 6.26100e-08 	 2.77768e-07 
2.597 	 6.13212e-08 	 2.72427e-07 
2.599 	 5.98451e-08 	 2.66231e-07 
2.601 	 5.82076e-08 	 2.59291e-07 
2.603 	 5.64364e-08 	 2.51730e-07 
2.605 	 5.45600e-08 	 2.43671e-07 
2.607 	 5.26063e-08 	 2.35239e-07 
2.609 	 5.06019e-08 	 2.26552e-07 
2.611 	 4.85715e-08 	 2.17721e-07 
2.613 	 4.65374e-08 	 2.08846e-07 
2.615 	 4.45189e-08 	 2.00016e-07 
2.618 	 4.25329e-08 	 1.91307e-07 
2.620 	 4.05930e-08 	 1.82783e-07 
2.622 	 3.87103e-08 	 1.74494e-07 
2.624 	 3.68936e-08 	 1.66483e-07 
2.626 	 3.51493e-08 	 1.58779e-07 
2.628 	 3.34818e-08 	 1.51404e-07 
2.630 	 3.18938e-08 	 1.44373e-07 
2.632 	 3.03868e-08 	 1.37693e-07 
2.634 	 2.89609e-08 	 1.31367e-07 
2.636 	 2.76154e-08 	 1.25392e-07 
2.638 	 2.63487e-08 	 1.19763e-07 
2.640 	 2.51585e-08 	 1.14471e-07 
2.642 	 2.40422e-08 	 1.09504e-07 
2.644 	 2.29965e-08 	 1.04850e-07 
2.646 	 2.20182e-08 	 1.00493e-07 
2.648 	 2.11033e-08 	 9.64185e-08 
2.650 	 2.02479e-08 	 9.26075e-08 
2.652 	 1.94477e-08 	 8.90419e-08 
2.654 	 1.86983e-08 	 8.57020e-08 
2.656 	 1.79951e-08 	 8.25672e-08 
2.658 	 1.73334e-08 	 7.96162e-08 
2.660 	 1.67081e-08 	 7.68273e-08 
2.662 	 1.61146e-08 	 7.41784e-08 
2.664 	 1.55481e-08 	 7.16483e-08 
2.666 	 1.50042e-08 	 6.92165e-08 
2.668 	 1.44787e-08 	 6.68643e-08 
2.670 	 1.39680e-08 	 6.45755e-08 
2.672 	 1.34694e-08 	 6.23368e-08 
2.674 	 1.29805e-08 	 6.01382e-08 
2.676 	 1.25001e-08 	 5.79733e-08 
2.678 	 1.20273e-08 	 5.58391e-08 
2.680 	 1.15623e-08 	 5.37356e-08 
2.682 	 1.11054e-08 	 5.16655e-08 
2.684 	 1.06577e-08 	 4.96329e-08 
2.686 	 1.02201e-08 	 4.76432e-08 
2.688 	 9.79396e-09 	 4.57022e-08 
2.690 	 9.38028e-09 	 4.38153e-08 
2.692 	 8.98009e-09 	 4.19873e-08 
2.694 	 8.59417e-09 	 4.02222e-08 
2.696 	 8.22310e-09 	 3.85231e-08 
2.698 	 7.86725e-09 	 3.68917e-08 
2.700 	 7.52676e-09 	 3.53292e-08 
