Energy [eV] EELS_b EELS_a 
2.500 	 3.60203e-12 	 1.42002e-11 
2.502 	 3.68105e-12 	 1.45263e-11 
2.504 	 3.76370e-12 	 1.48673e-11 
2.506 	 3.85017e-12 	 1.52241e-11 
2.508 	 3.94064e-12 	 1.55974e-11 
2.510 	 4.03533e-12 	 1.59882e-11 
2.512 	 4.13444e-12 	 1.63973e-11 
2.514 	 4.23819e-12 	 1.68256e-11 
2.516 	 4.34682e-12 	 1.72741e-11 
2.519 	 4.46055e-12 	 1.77437e-11 
2.521 	 4.57962e-12 	 1.82355e-11 
2.523 	 4.70426e-12 	 1.87506e-11 
2.525 	 4.83472e-12 	 1.92898e-11 
2.527 	 4.97122e-12 	 1.98541e-11 
2.529 	 5.11399e-12 	 2.04447e-11 
2.531 	 5.26323e-12 	 2.10623e-11 
2.533 	 5.41914e-12 	 2.17079e-11 
2.535 	 5.58188e-12 	 2.23820e-11 
2.537 	 5.75156e-12 	 2.30854e-11 
2.539 	 5.92827e-12 	 2.38185e-11 
2.541 	 6.11201e-12 	 2.45812e-11 
2.543 	 6.30271e-12 	 2.53735e-11 
2.545 	 6.50019e-12 	 2.61947e-11 
2.547 	 6.70417e-12 	 2.70438e-11 
2.549 	 6.91420e-12 	 2.79191e-11 
2.551 	 7.12968e-12 	 2.88182e-11 
2.553 	 7.34979e-12 	 2.97379e-11 
2.555 	 7.57348e-12 	 3.06740e-11 
2.557 	 7.79945e-12 	 3.16214e-11 
2.559 	 8.02609e-12 	 3.25736e-11 
2.561 	 8.25148e-12 	 3.35227e-11 
2.563 	 8.47337e-12 	 3.44598e-11 
2.565 	 8.68917e-12 	 3.53742e-11 
2.567 	 8.89595e-12 	 3.62540e-11 
2.569 	 9.09047e-12 	 3.70859e-11 
2.571 	 9.26924e-12 	 3.78555e-11 
2.573 	 9.42859e-12 	 3.85477e-11 
2.575 	 9.56478e-12 	 3.91470e-11 
2.577 	 9.67412e-12 	 3.96378e-11 
2.579 	 9.75313e-12 	 4.00057e-11 
2.581 	 9.79871e-12 	 4.02375e-11 
2.583 	 9.80832e-12 	 4.03222e-11 
2.585 	 9.78013e-12 	 4.02519e-11 
2.587 	 9.71315e-12 	 4.00218e-11 
2.589 	 9.60734e-12 	 3.96313e-11 
2.591 	 9.46362e-12 	 3.90834e-11 
2.593 	 9.28389e-12 	 3.83854e-11 
2.595 	 9.07090e-12 	 3.75482e-11 
2.597 	 8.82815e-12 	 3.65857e-11 
2.599 	 8.55971e-12 	 3.55142e-11 
2.601 	 8.27002e-12 	 3.43519e-11 
2.603 	 7.96370e-12 	 3.31176e-11 
2.605 	 7.64536e-12 	 3.18302e-11 
2.607 	 7.31942e-12 	 3.05079e-11 
2.609 	 6.98999e-12 	 2.91678e-11 
2.611 	 6.66080e-12 	 2.78255e-11 
2.613 	 6.33508e-12 	 2.64944e-11 
2.615 	 6.01560e-12 	 2.51863e-11 
2.618 	 5.70463e-12 	 2.39107e-11 
2.620 	 5.40395e-12 	 2.26754e-11 
2.622 	 5.11494e-12 	 2.14861e-11 
2.624 	 4.83857e-12 	 2.03473e-11 
2.626 	 4.57546e-12 	 1.92617e-11 
2.628 	 4.32598e-12 	 1.82310e-11 
2.630 	 4.09022e-12 	 1.72560e-11 
2.632 	 3.86810e-12 	 1.63364e-11 
2.634 	 3.65938e-12 	 1.54713e-11 
2.636 	 3.46368e-12 	 1.46595e-11 
2.638 	 3.28054e-12 	 1.38991e-11 
2.640 	 3.10944e-12 	 1.31882e-11 
2.642 	 2.94980e-12 	 1.25243e-11 
2.644 	 2.80100e-12 	 1.19051e-11 
2.646 	 2.66241e-12 	 1.13280e-11 
2.648 	 2.53335e-12 	 1.07903e-11 
2.650 	 2.41317e-12 	 1.02893e-11 
2.652 	 2.30117e-12 	 9.82210e-12 
2.654 	 2.19668e-12 	 9.38601e-12 
2.656 	 2.09901e-12 	 8.97814e-12 
2.658 	 2.00747e-12 	 8.59566e-12 
2.660 	 1.92138e-12 	 8.23575e-12 
2.662 	 1.84009e-12 	 7.89565e-12 
2.664 	 1.76298e-12 	 7.57275e-12 
2.666 	 1.68946e-12 	 7.26459e-12 
2.668 	 1.61900e-12 	 6.96896e-12 
2.670 	 1.55116e-12 	 6.68394e-12 
2.672 	 1.48556e-12 	 6.40799e-12 
2.674 	 1.42192e-12 	 6.13990e-12 
2.676 	 1.36005e-12 	 5.87888e-12 
2.678 	 1.29984e-12 	 5.62449e-12 
2.680 	 1.24126e-12 	 5.37658e-12 
2.682 	 1.18432e-12 	 5.13528e-12 
2.684 	 1.12909e-12 	 4.90087e-12 
2.686 	 1.07565e-12 	 4.67373e-12 
2.688 	 1.02408e-12 	 4.45424e-12 
2.690 	 9.74462e-13 	 4.24280e-12 
2.692 	 9.26863e-13 	 4.03970e-12 
2.694 	 8.81323e-13 	 3.84516e-12 
2.696 	 8.37862e-13 	 3.65929e-12 
2.698 	 7.96478e-13 	 3.48211e-12 
2.700 	 7.57148e-13 	 3.31355e-12 
