Energy [eV] EELS_b EELS_a 
2.500 	 2.01753e-12 	 7.93003e-12 
2.502 	 2.06058e-12 	 8.10747e-12 
2.504 	 2.10561e-12 	 8.29299e-12 
2.506 	 2.15269e-12 	 8.48701e-12 
2.508 	 2.20194e-12 	 8.68996e-12 
2.510 	 2.25346e-12 	 8.90230e-12 
2.512 	 2.30737e-12 	 9.12450e-12 
2.514 	 2.36379e-12 	 9.35704e-12 
2.516 	 2.42282e-12 	 9.60042e-12 
2.519 	 2.48459e-12 	 9.85517e-12 
2.521 	 2.54923e-12 	 1.01218e-11 
2.523 	 2.61685e-12 	 1.04008e-11 
2.525 	 2.68759e-12 	 1.06928e-11 
2.527 	 2.76155e-12 	 1.09982e-11 
2.529 	 2.83885e-12 	 1.13175e-11 
2.531 	 2.91959e-12 	 1.16513e-11 
2.533 	 3.00388e-12 	 1.19998e-11 
2.535 	 3.09177e-12 	 1.23635e-11 
2.537 	 3.18334e-12 	 1.27427e-11 
2.539 	 3.27860e-12 	 1.31374e-11 
2.541 	 3.37755e-12 	 1.35478e-11 
2.543 	 3.48014e-12 	 1.39736e-11 
2.545 	 3.58625e-12 	 1.44144e-11 
2.547 	 3.69570e-12 	 1.48697e-11 
2.549 	 3.80826e-12 	 1.53384e-11 
2.551 	 3.92357e-12 	 1.58192e-11 
2.553 	 4.04117e-12 	 1.63104e-11 
2.555 	 4.16048e-12 	 1.68095e-11 
2.557 	 4.28080e-12 	 1.73138e-11 
2.559 	 4.40123e-12 	 1.78197e-11 
2.561 	 4.52074e-12 	 1.83231e-11 
2.563 	 4.63812e-12 	 1.88190e-11 
2.565 	 4.75197e-12 	 1.93017e-11 
2.567 	 4.86072e-12 	 1.97648e-11 
2.569 	 4.96265e-12 	 2.02013e-11 
2.571 	 5.05590e-12 	 2.06036e-11 
2.573 	 5.13855e-12 	 2.09636e-11 
2.575 	 5.20860e-12 	 2.12732e-11 
2.577 	 5.26414e-12 	 2.15241e-11 
2.579 	 5.30333e-12 	 2.17089e-11 
2.581 	 5.32458e-12 	 2.18207e-11 
2.583 	 5.32656e-12 	 2.18538e-11 
2.585 	 5.30833e-12 	 2.18040e-11 
2.587 	 5.26941e-12 	 2.16691e-11 
2.589 	 5.20980e-12 	 2.14486e-11 
2.591 	 5.13001e-12 	 2.11445e-11 
2.593 	 5.03107e-12 	 2.07606e-11 
2.595 	 4.91444e-12 	 2.03027e-11 
2.597 	 4.78200e-12 	 1.97782e-11 
2.599 	 4.63591e-12 	 1.91958e-11 
2.601 	 4.47853e-12 	 1.85652e-11 
2.603 	 4.31232e-12 	 1.78963e-11 
2.605 	 4.13972e-12 	 1.71993e-11 
2.607 	 3.96309e-12 	 1.64837e-11 
2.609 	 3.78463e-12 	 1.57588e-11 
2.611 	 3.60632e-12 	 1.50328e-11 
2.613 	 3.42989e-12 	 1.43130e-11 
2.615 	 3.25683e-12 	 1.36055e-11 
2.618 	 3.08835e-12 	 1.29155e-11 
2.620 	 2.92542e-12 	 1.22472e-11 
2.622 	 2.76877e-12 	 1.16037e-11 
2.624 	 2.61894e-12 	 1.09874e-11 
2.626 	 2.47626e-12 	 1.03998e-11 
2.628 	 2.34094e-12 	 9.84179e-12 
2.630 	 2.21303e-12 	 9.31377e-12 
2.632 	 2.09248e-12 	 8.81566e-12 
2.634 	 1.97918e-12 	 8.34701e-12 
2.636 	 1.87293e-12 	 7.90712e-12 
2.638 	 1.77347e-12 	 7.49503e-12 
2.640 	 1.68053e-12 	 7.10965e-12 
2.642 	 1.59380e-12 	 6.74973e-12 
2.644 	 1.51294e-12 	 6.41397e-12 
2.646 	 1.43761e-12 	 6.10096e-12 
2.648 	 1.36745e-12 	 5.80928e-12 
2.650 	 1.30211e-12 	 5.53745e-12 
2.652 	 1.24121e-12 	 5.28398e-12 
2.654 	 1.18438e-12 	 5.04733e-12 
2.656 	 1.13126e-12 	 4.82599e-12 
2.658 	 1.08147e-12 	 4.61842e-12 
2.660 	 1.03465e-12 	 4.42310e-12 
2.662 	 9.90442e-13 	 4.23857e-12 
2.664 	 9.48514e-13 	 4.06340e-12 
2.666 	 9.08550e-13 	 3.89627e-12 
2.668 	 8.70266e-13 	 3.73601e-12 
2.670 	 8.33420e-13 	 3.58158e-12 
2.672 	 7.97812e-13 	 3.43214e-12 
2.674 	 7.63290e-13 	 3.28706e-12 
2.676 	 7.29751e-13 	 3.14590e-12 
2.678 	 6.97134e-13 	 3.00842e-12 
2.680 	 6.65421e-13 	 2.87454e-12 
2.682 	 6.34619e-13 	 2.74432e-12 
2.684 	 6.04761e-13 	 2.61791e-12 
2.686 	 5.75886e-13 	 2.49549e-12 
2.688 	 5.48041e-13 	 2.37727e-12 
2.690 	 5.21265e-13 	 2.26345e-12 
2.692 	 4.95591e-13 	 2.15418e-12 
2.694 	 4.71041e-13 	 2.04957e-12 
2.696 	 4.47622e-13 	 1.94967e-12 
2.698 	 4.25332e-13 	 1.85447e-12 
2.700 	 4.04156e-13 	 1.76395e-12 
