Energy [eV] EELS_b EELS_a 
2.500 	 8.11737e-11 	 3.25975e-10 
2.502 	 8.31110e-11 	 3.34107e-10 
2.504 	 8.51383e-11 	 3.42618e-10 
2.506 	 8.72605e-11 	 3.51529e-10 
2.508 	 8.94828e-11 	 3.60862e-10 
2.510 	 9.18106e-11 	 3.70639e-10 
2.512 	 9.42497e-11 	 3.80885e-10 
2.514 	 9.68059e-11 	 3.91626e-10 
2.516 	 9.94855e-11 	 4.02888e-10 
2.519 	 1.02295e-10 	 4.14698e-10 
2.521 	 1.05241e-10 	 4.27086e-10 
2.523 	 1.08330e-10 	 4.40080e-10 
2.525 	 1.11569e-10 	 4.53710e-10 
2.527 	 1.14966e-10 	 4.68007e-10 
2.529 	 1.18526e-10 	 4.83001e-10 
2.531 	 1.22258e-10 	 4.98722e-10 
2.533 	 1.26167e-10 	 5.15198e-10 
2.535 	 1.30261e-10 	 5.32457e-10 
2.537 	 1.34543e-10 	 5.50523e-10 
2.539 	 1.39020e-10 	 5.69419e-10 
2.541 	 1.43695e-10 	 5.89159e-10 
2.543 	 1.48569e-10 	 6.09755e-10 
2.545 	 1.53642e-10 	 6.31206e-10 
2.547 	 1.58912e-10 	 6.53504e-10 
2.549 	 1.64373e-10 	 6.76627e-10 
2.551 	 1.70015e-10 	 7.00537e-10 
2.553 	 1.75824e-10 	 7.25176e-10 
2.555 	 1.81780e-10 	 7.50464e-10 
2.557 	 1.87857e-10 	 7.76294e-10 
2.559 	 1.94023e-10 	 8.02530e-10 
2.561 	 2.00236e-10 	 8.29001e-10 
2.563 	 2.06445e-10 	 8.55498e-10 
2.565 	 2.12590e-10 	 8.81773e-10 
2.567 	 2.18604e-10 	 9.07536e-10 
2.569 	 2.24406e-10 	 9.32457e-10 
2.571 	 2.29908e-10 	 9.56167e-10 
2.573 	 2.35014e-10 	 9.78265e-10 
2.575 	 2.39625e-10 	 9.98325e-10 
2.577 	 2.43634e-10 	 1.01591e-09 
2.579 	 2.46940e-10 	 1.03058e-09 
2.581 	 2.49444e-10 	 1.04193e-09 
2.583 	 2.51061e-10 	 1.04958e-09 
2.585 	 2.51716e-10 	 1.05323e-09 
2.587 	 2.51359e-10 	 1.05265e-09 
2.589 	 2.49960e-10 	 1.04772e-09 
2.591 	 2.47518e-10 	 1.03840e-09 
2.593 	 2.44056e-10 	 1.02480e-09 
2.595 	 2.39625e-10 	 1.00711e-09 
2.597 	 2.34302e-10 	 9.85656e-10 
2.599 	 2.28181e-10 	 9.60816e-10 
2.601 	 2.21373e-10 	 9.33049e-10 
2.603 	 2.13999e-10 	 9.02853e-10 
2.605 	 2.06182e-10 	 8.70746e-10 
2.607 	 1.98047e-10 	 8.37241e-10 
2.609 	 1.89712e-10 	 8.02833e-10 
2.611 	 1.81286e-10 	 7.67979e-10 
2.613 	 1.72867e-10 	 7.33090e-10 
2.615 	 1.64540e-10 	 6.98525e-10 
2.618 	 1.56376e-10 	 6.64589e-10 
2.620 	 1.48435e-10 	 6.31531e-10 
2.622 	 1.40763e-10 	 5.99548e-10 
2.624 	 1.33393e-10 	 5.68791e-10 
2.626 	 1.26351e-10 	 5.39366e-10 
2.628 	 1.19652e-10 	 5.11343e-10 
2.630 	 1.13305e-10 	 4.84763e-10 
2.632 	 1.07311e-10 	 4.59638e-10 
2.634 	 1.01667e-10 	 4.35960e-10 
2.636 	 9.63672e-11 	 4.13705e-10 
2.638 	 9.14013e-11 	 3.92835e-10 
2.640 	 8.67568e-11 	 3.73300e-10 
2.642 	 8.24198e-11 	 3.55045e-10 
2.644 	 7.83748e-11 	 3.38008e-10 
2.646 	 7.46054e-11 	 3.22123e-10 
2.648 	 7.10947e-11 	 3.07318e-10 
2.650 	 6.78249e-11 	 2.93522e-10 
2.652 	 6.47780e-11 	 2.80659e-10 
2.654 	 6.19354e-11 	 2.68652e-10 
2.656 	 5.92786e-11 	 2.57425e-10 
2.658 	 5.67890e-11 	 2.46896e-10 
2.660 	 5.44478e-11 	 2.36990e-10 
2.662 	 5.22368e-11 	 2.27627e-10 
2.664 	 5.01387e-11 	 2.18733e-10 
2.666 	 4.81369e-11 	 2.10239e-10 
2.668 	 4.62168e-11 	 2.02081e-10 
2.670 	 4.43654e-11 	 1.94204e-10 
2.672 	 4.25723e-11 	 1.86563e-10 
2.674 	 4.08292e-11 	 1.79123e-10 
2.676 	 3.91307e-11 	 1.71862e-10 
2.678 	 3.74738e-11 	 1.64765e-10 
2.680 	 3.58574e-11 	 1.57830e-10 
2.682 	 3.42822e-11 	 1.51060e-10 
2.684 	 3.27501e-11 	 1.44464e-10 
2.686 	 3.12637e-11 	 1.38055e-10 
2.688 	 2.98257e-11 	 1.31845e-10 
2.690 	 2.84386e-11 	 1.25847e-10 
2.692 	 2.71047e-11 	 1.20071e-10 
2.694 	 2.58256e-11 	 1.14525e-10 
2.696 	 2.46023e-11 	 1.09215e-10 
2.698 	 2.34349e-11 	 1.04141e-10 
2.700 	 2.23232e-11 	 9.93047e-11 
