Energy [eV] EELS_b EELS_a 
2.500 	 2.44776e-12 	 1.28113e-09 
2.502 	 2.50050e-12 	 1.31458e-09 
2.504 	 2.55565e-12 	 1.34957e-09 
2.506 	 2.61334e-12 	 1.38619e-09 
2.508 	 2.67369e-12 	 1.42453e-09 
2.510 	 2.73683e-12 	 1.46467e-09 
2.512 	 2.80290e-12 	 1.50672e-09 
2.514 	 2.87205e-12 	 1.55077e-09 
2.516 	 2.94442e-12 	 1.59694e-09 
2.519 	 3.02016e-12 	 1.64532e-09 
2.521 	 3.09943e-12 	 1.69603e-09 
2.523 	 3.18238e-12 	 1.74919e-09 
2.525 	 3.26917e-12 	 1.80491e-09 
2.527 	 3.35992e-12 	 1.86330e-09 
2.529 	 3.45481e-12 	 1.92448e-09 
2.531 	 3.55394e-12 	 1.98855e-09 
2.533 	 3.65744e-12 	 2.05563e-09 
2.535 	 3.76542e-12 	 2.12581e-09 
2.537 	 3.87793e-12 	 2.19916e-09 
2.539 	 3.99502e-12 	 2.27577e-09 
2.541 	 4.11668e-12 	 2.35566e-09 
2.543 	 4.24285e-12 	 2.43886e-09 
2.545 	 4.37341e-12 	 2.52533e-09 
2.547 	 4.50814e-12 	 2.61501e-09 
2.549 	 4.64675e-12 	 2.70777e-09 
2.551 	 4.78880e-12 	 2.80342e-09 
2.553 	 4.93375e-12 	 2.90168e-09 
2.555 	 5.08089e-12 	 3.00218e-09 
2.557 	 5.22934e-12 	 3.10444e-09 
2.559 	 5.37802e-12 	 3.20787e-09 
2.561 	 5.52567e-12 	 3.31174e-09 
2.563 	 5.67078e-12 	 3.41517e-09 
2.565 	 5.81164e-12 	 3.51714e-09 
2.567 	 5.94631e-12 	 3.61647e-09 
2.569 	 6.07268e-12 	 3.71183e-09 
2.571 	 6.18844e-12 	 3.80179e-09 
2.573 	 6.29121e-12 	 3.88479e-09 
2.575 	 6.37854e-12 	 3.95922e-09 
2.577 	 6.44803e-12 	 4.02344e-09 
2.579 	 6.49743e-12 	 4.07586e-09 
2.581 	 6.52473e-12 	 4.11504e-09 
2.583 	 6.52830e-12 	 4.13968e-09 
2.585 	 6.50698e-12 	 4.14877e-09 
2.587 	 6.46014e-12 	 4.14163e-09 
2.589 	 6.38779e-12 	 4.11793e-09 
2.591 	 6.29056e-12 	 4.07776e-09 
2.593 	 6.16971e-12 	 4.02163e-09 
2.595 	 6.02704e-12 	 3.95042e-09 
2.597 	 5.86487e-12 	 3.86535e-09 
2.599 	 5.68587e-12 	 3.76796e-09 
2.601 	 5.49295e-12 	 3.65997e-09 
2.603 	 5.28915e-12 	 3.54323e-09 
2.605 	 5.07748e-12 	 3.41966e-09 
2.607 	 4.86085e-12 	 3.29111e-09 
2.609 	 4.64196e-12 	 3.15940e-09 
2.611 	 4.42325e-12 	 3.02617e-09 
2.613 	 4.20688e-12 	 2.89291e-09 
2.615 	 3.99464e-12 	 2.76091e-09 
2.618 	 3.78803e-12 	 2.63127e-09 
2.620 	 3.58825e-12 	 2.50491e-09 
2.622 	 3.39620e-12 	 2.38254e-09 
2.624 	 3.21251e-12 	 2.26471e-09 
2.626 	 3.03762e-12 	 2.15183e-09 
2.628 	 2.87176e-12 	 2.04416e-09 
2.630 	 2.71499e-12 	 1.94185e-09 
2.632 	 2.56727e-12 	 1.84497e-09 
2.634 	 2.42843e-12 	 1.75351e-09 
2.636 	 2.29824e-12 	 1.66738e-09 
2.638 	 2.17639e-12 	 1.58645e-09 
2.640 	 2.06254e-12 	 1.51057e-09 
2.642 	 1.95629e-12 	 1.43952e-09 
2.644 	 1.85724e-12 	 1.37309e-09 
2.646 	 1.76497e-12 	 1.31104e-09 
2.648 	 1.67905e-12 	 1.25311e-09 
2.650 	 1.59902e-12 	 1.19902e-09 
2.652 	 1.52443e-12 	 1.14851e-09 
2.654 	 1.45484e-12 	 1.10128e-09 
2.656 	 1.38978e-12 	 1.05702e-09 
2.658 	 1.32881e-12 	 1.01545e-09 
2.660 	 1.27147e-12 	 9.76258e-10 
2.662 	 1.21733e-12 	 9.39139e-10 
2.664 	 1.16598e-12 	 9.03805e-10 
2.666 	 1.11702e-12 	 8.69980e-10 
2.668 	 1.07012e-12 	 8.37416e-10 
2.670 	 1.02497e-12 	 8.05897e-10 
2.672 	 9.81334e-13 	 7.75245e-10 
2.674 	 9.39016e-13 	 7.45326e-10 
2.676 	 8.97893e-13 	 7.16050e-10 
2.678 	 8.57892e-13 	 6.87372e-10 
2.680 	 8.18989e-13 	 6.59283e-10 
2.682 	 7.81196e-13 	 6.31804e-10 
2.684 	 7.44552e-13 	 6.04979e-10 
2.686 	 7.09107e-13 	 5.78861e-10 
2.688 	 6.74919e-13 	 5.53511e-10 
2.690 	 6.42038e-13 	 5.28984e-10 
2.692 	 6.10505e-13 	 5.05328e-10 
2.694 	 5.80346e-13 	 4.82581e-10 
2.696 	 5.51572e-13 	 4.60766e-10 
2.698 	 5.24182e-13 	 4.39899e-10 
2.700 	 4.98157e-13 	 4.19978e-10 
