Energy [eV] EELS_b EELS_a 
2.500 	 5.69188e-09 	 2.35421e-08 
2.502 	 5.84307e-09 	 2.41931e-08 
2.504 	 6.00113e-09 	 2.48740e-08 
2.506 	 6.16643e-09 	 2.55864e-08 
2.508 	 6.33933e-09 	 2.63320e-08 
2.510 	 6.52025e-09 	 2.71126e-08 
2.512 	 6.70960e-09 	 2.79300e-08 
2.514 	 6.90782e-09 	 2.87862e-08 
2.516 	 7.11536e-09 	 2.96832e-08 
2.519 	 7.33267e-09 	 3.06231e-08 
2.521 	 7.56022e-09 	 3.16079e-08 
2.523 	 7.79851e-09 	 3.26400e-08 
2.525 	 8.04801e-09 	 3.37213e-08 
2.527 	 8.30920e-09 	 3.48543e-08 
2.529 	 8.58255e-09 	 3.60410e-08 
2.531 	 8.86851e-09 	 3.72836e-08 
2.533 	 9.16751e-09 	 3.85840e-08 
2.535 	 9.47992e-09 	 3.99442e-08 
2.537 	 9.80606e-09 	 4.13656e-08 
2.539 	 1.01462e-08 	 4.28495e-08 
2.541 	 1.05004e-08 	 4.43969e-08 
2.543 	 1.08687e-08 	 4.60079e-08 
2.545 	 1.12510e-08 	 4.76822e-08 
2.547 	 1.16469e-08 	 4.94186e-08 
2.549 	 1.20558e-08 	 5.12148e-08 
2.551 	 1.24767e-08 	 5.30672e-08 
2.553 	 1.29085e-08 	 5.49709e-08 
2.555 	 1.33496e-08 	 5.69192e-08 
2.557 	 1.37978e-08 	 5.89035e-08 
2.559 	 1.42505e-08 	 6.09129e-08 
2.561 	 1.47047e-08 	 6.29341e-08 
2.563 	 1.51567e-08 	 6.49514e-08 
2.565 	 1.56020e-08 	 6.69462e-08 
2.567 	 1.60358e-08 	 6.88972e-08 
2.569 	 1.64526e-08 	 7.07804e-08 
2.571 	 1.68463e-08 	 7.25696e-08 
2.573 	 1.72106e-08 	 7.42364e-08 
2.575 	 1.75386e-08 	 7.57515e-08 
2.577 	 1.78238e-08 	 7.70847e-08 
2.579 	 1.80594e-08 	 7.82066e-08 
2.581 	 1.82395e-08 	 7.90898e-08 
2.583 	 1.83586e-08 	 7.97096e-08 
2.585 	 1.84125e-08 	 8.00460e-08 
2.587 	 1.83981e-08 	 8.00843e-08 
2.589 	 1.83138e-08 	 7.98163e-08 
2.591 	 1.81597e-08 	 7.92410e-08 
2.593 	 1.79375e-08 	 7.83646e-08 
2.595 	 1.76505e-08 	 7.72004e-08 
2.597 	 1.73035e-08 	 7.57682e-08 
2.599 	 1.69023e-08 	 7.40935e-08 
2.601 	 1.64540e-08 	 7.22059e-08 
2.603 	 1.59660e-08 	 7.01380e-08 
2.605 	 1.54461e-08 	 6.79237e-08 
2.607 	 1.49021e-08 	 6.55973e-08 
2.609 	 1.43416e-08 	 6.31920e-08 
2.611 	 1.37715e-08 	 6.07390e-08 
2.613 	 1.31985e-08 	 5.82669e-08 
2.615 	 1.26280e-08 	 5.58011e-08 
2.618 	 1.20652e-08 	 5.33637e-08 
2.620 	 1.15140e-08 	 5.09733e-08 
2.622 	 1.09780e-08 	 4.86452e-08 
2.624 	 1.04598e-08 	 4.63915e-08 
2.626 	 9.96130e-09 	 4.42216e-08 
2.628 	 9.48407e-09 	 4.21420e-08 
2.630 	 9.02901e-09 	 4.01573e-08 
2.632 	 8.59666e-09 	 3.82702e-08 
2.634 	 8.18716e-09 	 3.64816e-08 
2.636 	 7.80038e-09 	 3.47913e-08 
2.638 	 7.43597e-09 	 3.31979e-08 
2.640 	 7.09333e-09 	 3.16990e-08 
2.642 	 6.77175e-09 	 3.02916e-08 
2.644 	 6.47037e-09 	 2.89723e-08 
2.646 	 6.18824e-09 	 2.77369e-08 
2.648 	 5.92430e-09 	 2.65809e-08 
2.650 	 5.67743e-09 	 2.54995e-08 
2.652 	 5.44644e-09 	 2.44875e-08 
2.654 	 5.23008e-09 	 2.35395e-08 
2.656 	 5.02706e-09 	 2.26498e-08 
2.658 	 4.83604e-09 	 2.18124e-08 
2.660 	 4.65565e-09 	 2.10214e-08 
2.662 	 4.48455e-09 	 2.02708e-08 
2.664 	 4.32142e-09 	 1.95546e-08 
2.666 	 4.16499e-09 	 1.88673e-08 
2.668 	 4.01413e-09 	 1.82037e-08 
2.670 	 3.86784e-09 	 1.75593e-08 
2.672 	 3.72530e-09 	 1.69305e-08 
2.674 	 3.58590e-09 	 1.63145e-08 
2.676 	 3.44924e-09 	 1.57094e-08 
2.678 	 3.31509e-09 	 1.51145e-08 
2.680 	 3.18345e-09 	 1.45295e-08 
2.682 	 3.05442e-09 	 1.39551e-08 
2.684 	 2.92822e-09 	 1.33924e-08 
2.686 	 2.80514e-09 	 1.28426e-08 
2.688 	 2.68547e-09 	 1.23073e-08 
2.690 	 2.56949e-09 	 1.17877e-08 
2.692 	 2.45746e-09 	 1.12851e-08 
2.694 	 2.34958e-09 	 1.08004e-08 
2.696 	 2.24597e-09 	 1.03345e-08 
2.698 	 2.14672e-09 	 9.88758e-09 
2.700 	 2.05185e-09 	 9.45997e-09 
