Energy [eV] EELS_b EELS_a 
2.500 	 9.81881e-08 	 3.19382e-06 
2.502 	 1.01147e-07 	 3.29577e-06 
2.504 	 1.04248e-07 	 3.40266e-06 
2.506 	 1.07500e-07 	 3.51478e-06 
2.508 	 1.10912e-07 	 3.63243e-06 
2.510 	 1.14492e-07 	 3.75594e-06 
2.512 	 1.18251e-07 	 3.88564e-06 
2.514 	 1.22199e-07 	 4.02189e-06 
2.516 	 1.26346e-07 	 4.16505e-06 
2.519 	 1.30703e-07 	 4.31552e-06 
2.521 	 1.35282e-07 	 4.47369e-06 
2.523 	 1.40094e-07 	 4.63998e-06 
2.525 	 1.45151e-07 	 4.81482e-06 
2.527 	 1.50467e-07 	 4.99863e-06 
2.529 	 1.56052e-07 	 5.19185e-06 
2.531 	 1.61920e-07 	 5.39491e-06 
2.533 	 1.68081e-07 	 5.60824e-06 
2.535 	 1.74547e-07 	 5.83223e-06 
2.537 	 1.81328e-07 	 6.06727e-06 
2.539 	 1.88432e-07 	 6.31368e-06 
2.541 	 1.95866e-07 	 6.57173e-06 
2.543 	 2.03634e-07 	 6.84159e-06 
2.545 	 2.11736e-07 	 7.12334e-06 
2.547 	 2.20168e-07 	 7.41691e-06 
2.549 	 2.28921e-07 	 7.72207e-06 
2.551 	 2.37978e-07 	 8.03837e-06 
2.553 	 2.47316e-07 	 8.36512e-06 
2.555 	 2.56903e-07 	 8.70132e-06 
2.557 	 2.66693e-07 	 9.04562e-06 
2.559 	 2.76631e-07 	 9.39630e-06 
2.561 	 2.86648e-07 	 9.75118e-06 
2.563 	 2.96660e-07 	 1.01076e-05 
2.565 	 3.06567e-07 	 1.04625e-05 
2.567 	 3.16256e-07 	 1.08120e-05 
2.569 	 3.25596e-07 	 1.11522e-05 
2.571 	 3.34447e-07 	 1.14782e-05 
2.573 	 3.42656e-07 	 1.17852e-05 
2.575 	 3.50065e-07 	 1.20679e-05 
2.577 	 3.56515e-07 	 1.23208e-05 
2.579 	 3.61853e-07 	 1.25388e-05 
2.581 	 3.65940e-07 	 1.27168e-05 
2.583 	 3.68655e-07 	 1.28505e-05 
2.585 	 3.69905e-07 	 1.29362e-05 
2.587 	 3.69631e-07 	 1.29712e-05 
2.589 	 3.67810e-07 	 1.29542e-05 
2.591 	 3.64460e-07 	 1.28849e-05 
2.593 	 3.59637e-07 	 1.27645e-05 
2.595 	 3.53434e-07 	 1.25951e-05 
2.597 	 3.45975e-07 	 1.23804e-05 
2.599 	 3.37407e-07 	 1.21247e-05 
2.601 	 3.27897e-07 	 1.18330e-05 
2.603 	 3.17619e-07 	 1.15110e-05 
2.605 	 3.06748e-07 	 1.11643e-05 
2.607 	 2.95455e-07 	 1.07988e-05 
2.609 	 2.83902e-07 	 1.04199e-05 
2.611 	 2.72234e-07 	 1.00329e-05 
2.613 	 2.60582e-07 	 9.64241e-06 
2.615 	 2.49057e-07 	 9.25263e-06 
2.618 	 2.37755e-07 	 8.86714e-06 
2.620 	 2.26751e-07 	 8.48897e-06 
2.622 	 2.16105e-07 	 8.12058e-06 
2.624 	 2.05864e-07 	 7.76393e-06 
2.626 	 1.96059e-07 	 7.42051e-06 
2.628 	 1.86712e-07 	 7.09142e-06 
2.630 	 1.77836e-07 	 6.77738e-06 
2.632 	 1.69433e-07 	 6.47882e-06 
2.634 	 1.61502e-07 	 6.19592e-06 
2.636 	 1.54036e-07 	 5.92865e-06 
2.638 	 1.47022e-07 	 5.67681e-06 
2.640 	 1.40447e-07 	 5.44005e-06 
2.642 	 1.34292e-07 	 5.21791e-06 
2.644 	 1.28539e-07 	 5.00983e-06 
2.646 	 1.23166e-07 	 4.81517e-06 
2.648 	 1.18151e-07 	 4.63321e-06 
2.650 	 1.13470e-07 	 4.46317e-06 
2.652 	 1.09099e-07 	 4.30420e-06 
2.654 	 1.05011e-07 	 4.15539e-06 
2.656 	 1.01181e-07 	 4.01578e-06 
2.658 	 9.75791e-08 	 3.88436e-06 
2.660 	 9.41789e-08 	 3.76009e-06 
2.662 	 9.09520e-08 	 3.64192e-06 
2.664 	 8.78713e-08 	 3.52879e-06 
2.666 	 8.49107e-08 	 3.41971e-06 
2.668 	 8.20467e-08 	 3.31375e-06 
2.670 	 7.92588e-08 	 3.21012e-06 
2.672 	 7.65303e-08 	 3.10816e-06 
2.674 	 7.38486e-08 	 3.00737e-06 
2.676 	 7.12057e-08 	 2.90746e-06 
2.678 	 6.85981e-08 	 2.80829e-06 
2.680 	 6.60258e-08 	 2.70991e-06 
2.682 	 6.34922e-08 	 2.61246e-06 
2.684 	 6.10028e-08 	 2.51622e-06 
2.686 	 5.85645e-08 	 2.42149e-06 
2.688 	 5.61846e-08 	 2.32861e-06 
2.690 	 5.38700e-08 	 2.23790e-06 
2.692 	 5.16270e-08 	 2.14966e-06 
2.694 	 4.94606e-08 	 2.06413e-06 
2.696 	 4.73748e-08 	 1.98152e-06 
2.698 	 4.53720e-08 	 1.90195e-06 
2.700 	 4.34536e-08 	 1.82553e-06 
