Energy [eV] EELS_b EELS_a 
2.500 	 1.16203e-04 	 6.78743e-04 
2.502 	 1.19773e-04 	 7.01058e-04 
2.504 	 1.23506e-04 	 7.24455e-04 
2.506 	 1.27409e-04 	 7.49001e-04 
2.508 	 1.31493e-04 	 7.74767e-04 
2.510 	 1.35767e-04 	 8.01828e-04 
2.512 	 1.40241e-04 	 8.30265e-04 
2.514 	 1.44927e-04 	 8.60165e-04 
2.516 	 1.49836e-04 	 8.91620e-04 
2.519 	 1.54979e-04 	 9.24730e-04 
2.521 	 1.60370e-04 	 9.59598e-04 
2.523 	 1.66021e-04 	 9.96339e-04 
2.525 	 1.71945e-04 	 1.03507e-03 
2.527 	 1.78157e-04 	 1.07592e-03 
2.529 	 1.84670e-04 	 1.11903e-03 
2.531 	 1.91500e-04 	 1.16454e-03 
2.533 	 1.98660e-04 	 1.21259e-03 
2.535 	 2.06165e-04 	 1.26336e-03 
2.537 	 2.14031e-04 	 1.31702e-03 
2.539 	 2.22270e-04 	 1.37373e-03 
2.541 	 2.30896e-04 	 1.43369e-03 
2.543 	 2.39922e-04 	 1.49708e-03 
2.545 	 2.49357e-04 	 1.56411e-03 
2.547 	 2.59212e-04 	 1.63498e-03 
2.549 	 2.69492e-04 	 1.70990e-03 
2.551 	 2.80200e-04 	 1.78905e-03 
2.553 	 2.91335e-04 	 1.87264e-03 
2.555 	 3.02890e-04 	 1.96086e-03 
2.557 	 3.14855e-04 	 2.05387e-03 
2.559 	 3.27210e-04 	 2.15182e-03 
2.561 	 3.39928e-04 	 2.25481e-03 
2.563 	 3.52972e-04 	 2.36291e-03 
2.565 	 3.66295e-04 	 2.47611e-03 
2.567 	 3.79838e-04 	 2.59432e-03 
2.569 	 3.93528e-04 	 2.71738e-03 
2.571 	 4.07279e-04 	 2.84498e-03 
2.573 	 4.20990e-04 	 2.97668e-03 
2.575 	 4.34544e-04 	 3.11184e-03 
2.577 	 4.47811e-04 	 3.24965e-03 
2.579 	 4.60643e-04 	 3.38904e-03 
2.581 	 4.72882e-04 	 3.52872e-03 
2.583 	 4.84358e-04 	 3.66709e-03 
2.585 	 4.94895e-04 	 3.80232e-03 
2.587 	 5.04311e-04 	 3.93229e-03 
2.589 	 5.12430e-04 	 4.05466e-03 
2.591 	 5.19082e-04 	 4.16694e-03 
2.593 	 5.24112e-04 	 4.26655e-03 
2.595 	 5.27390e-04 	 4.35098e-03 
2.597 	 5.28815e-04 	 4.41791e-03 
2.599 	 5.28324e-04 	 4.46534e-03 
2.601 	 5.25895e-04 	 4.49177e-03 
2.603 	 5.21552e-04 	 4.49634e-03 
2.605 	 5.15367e-04 	 4.47885e-03 
2.607 	 5.07453e-04 	 4.43983e-03 
2.609 	 4.97965e-04 	 4.38053e-03 
2.611 	 4.87088e-04 	 4.30276e-03 
2.613 	 4.75030e-04 	 4.20885e-03 
2.615 	 4.62010e-04 	 4.10143e-03 
2.618 	 4.48251e-04 	 3.98329e-03 
2.620 	 4.33971e-04 	 3.85726e-03 
2.622 	 4.19374e-04 	 3.72602e-03 
2.624 	 4.04649e-04 	 3.59204e-03 
2.626 	 3.89960e-04 	 3.45755e-03 
2.628 	 3.75451e-04 	 3.32443e-03 
2.630 	 3.61243e-04 	 3.19425e-03 
2.632 	 3.47434e-04 	 3.06829e-03 
2.634 	 3.34102e-04 	 2.94753e-03 
2.636 	 3.21305e-04 	 2.83268e-03 
2.638 	 3.09086e-04 	 2.72425e-03 
2.640 	 2.97473e-04 	 2.62254e-03 
2.642 	 2.86479e-04 	 2.52769e-03 
2.644 	 2.76108e-04 	 2.43969e-03 
2.646 	 2.66353e-04 	 2.35844e-03 
2.648 	 2.57200e-04 	 2.28370e-03 
2.650 	 2.48625e-04 	 2.21516e-03 
2.652 	 2.40597e-04 	 2.15240e-03 
2.654 	 2.33079e-04 	 2.09496e-03 
2.656 	 2.26028e-04 	 2.04228e-03 
2.658 	 2.19393e-04 	 1.99373e-03 
2.660 	 2.13122e-04 	 1.94864e-03 
2.662 	 2.07158e-04 	 1.90630e-03 
2.664 	 2.01441e-04 	 1.86595e-03 
2.666 	 1.95914e-04 	 1.82686e-03 
2.668 	 1.90521e-04 	 1.78832e-03 
2.670 	 1.85215e-04 	 1.74970e-03 
2.672 	 1.79952e-04 	 1.71045e-03 
2.674 	 1.74701e-04 	 1.67016e-03 
2.676 	 1.69441e-04 	 1.62854e-03 
2.678 	 1.64164e-04 	 1.58547e-03 
2.680 	 1.58870e-04 	 1.54095e-03 
2.682 	 1.53568e-04 	 1.49512e-03 
2.684 	 1.48277e-04 	 1.44822e-03 
2.686 	 1.43018e-04 	 1.40053e-03 
2.688 	 1.37813e-04 	 1.35240e-03 
2.690 	 1.32688e-04 	 1.30416e-03 
2.692 	 1.27665e-04 	 1.25614e-03 
2.694 	 1.22762e-04 	 1.20865e-03 
2.696 	 1.17998e-04 	 1.16193e-03 
2.698 	 1.13385e-04 	 1.11621e-03 
2.700 	 1.08932e-04 	 1.07167e-03 
