Energy [eV] EELS_b EELS_a 
2.500 	 3.56438e-08 	 1.47133e-06 
2.502 	 3.66730e-08 	 1.51708e-06 
2.504 	 3.77504e-08 	 1.56501e-06 
2.506 	 3.88790e-08 	 1.61526e-06 
2.508 	 4.00614e-08 	 1.66795e-06 
2.510 	 4.13006e-08 	 1.72323e-06 
2.512 	 4.25998e-08 	 1.78123e-06 
2.514 	 4.39621e-08 	 1.84212e-06 
2.516 	 4.53910e-08 	 1.90605e-06 
2.519 	 4.68900e-08 	 1.97318e-06 
2.521 	 4.84625e-08 	 2.04370e-06 
2.523 	 5.01123e-08 	 2.11777e-06 
2.525 	 5.18431e-08 	 2.19559e-06 
2.527 	 5.36585e-08 	 2.27732e-06 
2.529 	 5.55623e-08 	 2.36317e-06 
2.531 	 5.75579e-08 	 2.45330e-06 
2.533 	 5.96488e-08 	 2.54789e-06 
2.535 	 6.18379e-08 	 2.64712e-06 
2.537 	 6.41279e-08 	 2.75114e-06 
2.539 	 6.65209e-08 	 2.86008e-06 
2.541 	 6.90182e-08 	 2.97404e-06 
2.543 	 7.16201e-08 	 3.09309e-06 
2.545 	 7.43257e-08 	 3.21725e-06 
2.547 	 7.71327e-08 	 3.34648e-06 
2.549 	 8.00368e-08 	 3.48066e-06 
2.551 	 8.30316e-08 	 3.61959e-06 
2.553 	 8.61080e-08 	 3.76294e-06 
2.555 	 8.92540e-08 	 3.91028e-06 
2.557 	 9.24541e-08 	 4.06100e-06 
2.559 	 9.56890e-08 	 4.21437e-06 
2.561 	 9.89352e-08 	 4.36941e-06 
2.563 	 1.02165e-07 	 4.52500e-06 
2.565 	 1.05345e-07 	 4.67976e-06 
2.567 	 1.08438e-07 	 4.83211e-06 
2.569 	 1.11404e-07 	 4.98027e-06 
2.571 	 1.14197e-07 	 5.12224e-06 
2.573 	 1.16770e-07 	 5.25589e-06 
2.575 	 1.19072e-07 	 5.37896e-06 
2.577 	 1.21057e-07 	 5.48913e-06 
2.579 	 1.22675e-07 	 5.58415e-06 
2.581 	 1.23885e-07 	 5.66186e-06 
2.583 	 1.24651e-07 	 5.72035e-06 
2.585 	 1.24946e-07 	 5.75803e-06 
2.587 	 1.24750e-07 	 5.77373e-06 
2.589 	 1.24059e-07 	 5.76675e-06 
2.591 	 1.22879e-07 	 5.73694e-06 
2.593 	 1.21226e-07 	 5.68472e-06 
2.595 	 1.19131e-07 	 5.61100e-06 
2.597 	 1.16632e-07 	 5.51723e-06 
2.599 	 1.13774e-07 	 5.40524e-06 
2.601 	 1.10610e-07 	 5.27719e-06 
2.603 	 1.07195e-07 	 5.13548e-06 
2.605 	 1.03583e-07 	 4.98258e-06 
2.607 	 9.98300e-08 	 4.82102e-06 
2.609 	 9.59863e-08 	 4.65321e-06 
2.611 	 9.20996e-08 	 4.48145e-06 
2.613 	 8.82123e-08 	 4.30784e-06 
2.615 	 8.43611e-08 	 4.13425e-06 
2.618 	 8.05774e-08 	 3.96229e-06 
2.620 	 7.68868e-08 	 3.79335e-06 
2.622 	 7.33100e-08 	 3.62855e-06 
2.624 	 6.98627e-08 	 3.46880e-06 
2.626 	 6.65565e-08 	 3.31479e-06 
2.628 	 6.33993e-08 	 3.16705e-06 
2.630 	 6.03957e-08 	 3.02592e-06 
2.632 	 5.75479e-08 	 2.89163e-06 
2.634 	 5.48557e-08 	 2.76426e-06 
2.636 	 5.23173e-08 	 2.64383e-06 
2.638 	 4.99293e-08 	 2.53026e-06 
2.640 	 4.76872e-08 	 2.42341e-06 
2.642 	 4.55857e-08 	 2.32308e-06 
2.644 	 4.36185e-08 	 2.22903e-06 
2.646 	 4.17789e-08 	 2.14098e-06 
2.648 	 4.00597e-08 	 2.05861e-06 
2.650 	 3.84532e-08 	 1.98160e-06 
2.652 	 3.69511e-08 	 1.90955e-06 
2.654 	 3.55449e-08 	 1.84207e-06 
2.656 	 3.42258e-08 	 1.77874e-06 
2.658 	 3.29847e-08 	 1.71912e-06 
2.660 	 3.18122e-08 	 1.66274e-06 
2.662 	 3.06991e-08 	 1.60914e-06 
2.664 	 2.96365e-08 	 1.55787e-06 
2.666 	 2.86156e-08 	 1.50849e-06 
2.668 	 2.76286e-08 	 1.46058e-06 
2.670 	 2.66688e-08 	 1.41381e-06 
2.672 	 2.57306e-08 	 1.36788e-06 
2.674 	 2.48099e-08 	 1.32257e-06 
2.676 	 2.39039e-08 	 1.27774e-06 
2.678 	 2.30115e-08 	 1.23335e-06 
2.680 	 2.21326e-08 	 1.18939e-06 
2.682 	 2.12683e-08 	 1.14593e-06 
2.684 	 2.04204e-08 	 1.10308e-06 
2.686 	 1.95910e-08 	 1.06097e-06 
2.688 	 1.87825e-08 	 1.01974e-06 
2.690 	 1.79971e-08 	 9.79517e-07 
2.692 	 1.72368e-08 	 9.40432e-07 
2.694 	 1.65031e-08 	 9.02586e-07 
2.696 	 1.57973e-08 	 8.66057e-07 
2.698 	 1.51201e-08 	 8.30902e-07 
2.700 	 1.44718e-08 	 7.97154e-07 
