Energy [eV] EELS_b EELS_a 
2.500 	 2.56932e-13 	 2.12644e-10 
2.502 	 2.58689e-13 	 2.15414e-10 
2.504 	 2.60596e-13 	 2.18339e-10 
2.506 	 2.62681e-13 	 2.21443e-10 
2.508 	 2.64928e-13 	 2.24717e-10 
2.510 	 2.67340e-13 	 2.28171e-10 
2.512 	 2.69955e-13 	 2.31833e-10 
2.514 	 2.72746e-13 	 2.35689e-10 
2.516 	 2.75736e-13 	 2.39760e-10 
2.519 	 2.78942e-13 	 2.44064e-10 
2.521 	 2.82362e-13 	 2.48606e-10 
2.523 	 2.86010e-13 	 2.53396e-10 
2.525 	 2.89901e-13 	 2.58459e-10 
2.527 	 2.94042e-13 	 2.63803e-10 
2.529 	 2.98429e-13 	 2.69429e-10 
2.531 	 3.03102e-13 	 2.75380e-10 
2.533 	 3.08060e-13 	 2.81660e-10 
2.535 	 3.13316e-13 	 2.88283e-10 
2.537 	 3.18892e-13 	 2.95278e-10 
2.539 	 3.24797e-13 	 3.02661e-10 
2.541 	 3.31049e-13 	 3.10452e-10 
2.543 	 3.37664e-13 	 3.18671e-10 
2.545 	 3.44659e-13 	 3.27347e-10 
2.547 	 3.52054e-13 	 3.36502e-10 
2.549 	 3.59859e-13 	 3.46153e-10 
2.551 	 3.68094e-13 	 3.56327e-10 
2.553 	 3.76782e-13 	 3.67054e-10 
2.555 	 3.85936e-13 	 3.78351e-10 
2.557 	 3.95565e-13 	 3.90239e-10 
2.559 	 4.05693e-13 	 4.02745e-10 
2.561 	 4.16323e-13 	 4.15881e-10 
2.563 	 4.27467e-13 	 4.29663e-10 
2.565 	 4.39125e-13 	 4.44094e-10 
2.567 	 4.51306e-13 	 4.59190e-10 
2.569 	 4.63992e-13 	 4.74934e-10 
2.571 	 4.77166e-13 	 4.91311e-10 
2.573 	 4.90817e-13 	 5.08304e-10 
2.575 	 5.04904e-13 	 5.25867e-10 
2.577 	 5.19369e-13 	 5.43938e-10 
2.579 	 5.34156e-13 	 5.62444e-10 
2.581 	 5.49170e-13 	 5.81278e-10 
2.583 	 5.64332e-13 	 6.00333e-10 
2.585 	 5.79495e-13 	 6.19441e-10 
2.587 	 5.94537e-13 	 6.38445e-10 
2.589 	 6.09276e-13 	 6.57133e-10 
2.591 	 6.23536e-13 	 6.75289e-10 
2.593 	 6.37111e-13 	 6.92668e-10 
2.595 	 6.49789e-13 	 7.09022e-10 
2.597 	 6.61332e-13 	 7.24081e-10 
2.599 	 6.71511e-13 	 7.37579e-10 
2.601 	 6.80104e-13 	 7.49281e-10 
2.603 	 6.86894e-13 	 7.58947e-10 
2.605 	 6.91684e-13 	 7.66380e-10 
2.607 	 6.94303e-13 	 7.71411e-10 
2.609 	 6.94643e-13 	 7.73939e-10 
2.611 	 6.92591e-13 	 7.73869e-10 
2.613 	 6.88098e-13 	 7.71166e-10 
2.615 	 6.81173e-13 	 7.65847e-10 
2.618 	 6.71851e-13 	 7.57958e-10 
2.620 	 6.60227e-13 	 7.47587e-10 
2.622 	 6.46425e-13 	 7.34855e-10 
2.624 	 6.30618e-13 	 7.19906e-10 
2.626 	 6.13010e-13 	 7.02934e-10 
2.628 	 5.93833e-13 	 6.84139e-10 
2.630 	 5.73337e-13 	 6.63750e-10 
2.632 	 5.51801e-13 	 6.42025e-10 
2.634 	 5.29486e-13 	 6.19219e-10 
2.636 	 5.06671e-13 	 5.95610e-10 
2.638 	 4.83626e-13 	 5.71474e-10 
2.640 	 4.60593e-13 	 5.47071e-10 
2.642 	 4.37791e-13 	 5.22647e-10 
2.644 	 4.15427e-13 	 4.98440e-10 
2.646 	 3.93660e-13 	 4.74645e-10 
2.648 	 3.72625e-13 	 4.51434e-10 
2.650 	 3.52426e-13 	 4.28946e-10 
2.652 	 3.33139e-13 	 4.07292e-10 
2.654 	 3.14810e-13 	 3.86551e-10 
2.656 	 2.97459e-13 	 3.66766e-10 
2.658 	 2.81093e-13 	 3.47975e-10 
2.660 	 2.65697e-13 	 3.30175e-10 
2.662 	 2.51241e-13 	 3.13362e-10 
2.664 	 2.37680e-13 	 2.97497e-10 
2.666 	 2.24968e-13 	 2.82547e-10 
2.668 	 2.13052e-13 	 2.68466e-10 
2.670 	 2.01872e-13 	 2.55200e-10 
2.672 	 1.91371e-13 	 2.42694e-10 
2.674 	 1.81490e-13 	 2.30892e-10 
2.676 	 1.72173e-13 	 2.19737e-10 
2.678 	 1.63374e-13 	 2.09183e-10 
2.680 	 1.55045e-13 	 1.99182e-10 
2.682 	 1.47147e-13 	 1.89691e-10 
2.684 	 1.39649e-13 	 1.80678e-10 
2.686 	 1.32523e-13 	 1.72109e-10 
2.688 	 1.25750e-13 	 1.63965e-10 
2.690 	 1.19305e-13 	 1.56216e-10 
2.692 	 1.13185e-13 	 1.48854e-10 
2.694 	 1.07365e-13 	 1.41854e-10 
2.696 	 1.01839e-13 	 1.35202e-10 
2.698 	 9.66043e-14 	 1.28893e-10 
2.700 	 9.16403e-14 	 1.22904e-10 
