Energy [eV] EELS_b EELS_a 
2.500 	 7.59486e-07 	 1.55894e-05 
2.502 	 7.83588e-07 	 1.61122e-05 
2.504 	 8.08890e-07 	 1.66612e-05 
2.506 	 8.35464e-07 	 1.72379e-05 
2.508 	 8.63388e-07 	 1.78440e-05 
2.510 	 8.92745e-07 	 1.84814e-05 
2.512 	 9.23623e-07 	 1.91518e-05 
2.514 	 9.56114e-07 	 1.98573e-05 
2.516 	 9.90317e-07 	 2.05999e-05 
2.519 	 1.02634e-06 	 2.13819e-05 
2.521 	 1.06428e-06 	 2.22056e-05 
2.523 	 1.10426e-06 	 2.30734e-05 
2.525 	 1.14639e-06 	 2.39877e-05 
2.527 	 1.19081e-06 	 2.49511e-05 
2.529 	 1.23763e-06 	 2.59662e-05 
2.531 	 1.28698e-06 	 2.70357e-05 
2.533 	 1.33900e-06 	 2.81621e-05 
2.535 	 1.39382e-06 	 2.93481e-05 
2.537 	 1.45156e-06 	 3.05961e-05 
2.539 	 1.51233e-06 	 3.19084e-05 
2.541 	 1.57626e-06 	 3.32870e-05 
2.543 	 1.64344e-06 	 3.47335e-05 
2.545 	 1.71393e-06 	 3.62490e-05 
2.547 	 1.78780e-06 	 3.78339e-05 
2.549 	 1.86503e-06 	 3.94878e-05 
2.551 	 1.94561e-06 	 4.12091e-05 
2.553 	 2.02942e-06 	 4.29951e-05 
2.555 	 2.11631e-06 	 4.48412e-05 
2.557 	 2.20601e-06 	 4.67410e-05 
2.559 	 2.29816e-06 	 4.86862e-05 
2.561 	 2.39229e-06 	 5.06656e-05 
2.563 	 2.48780e-06 	 5.26656e-05 
2.565 	 2.58390e-06 	 5.46693e-05 
2.567 	 2.67970e-06 	 5.66570e-05 
2.569 	 2.77410e-06 	 5.86058e-05 
2.571 	 2.86587e-06 	 6.04897e-05 
2.573 	 2.95361e-06 	 6.22804e-05 
2.575 	 3.03580e-06 	 6.39474e-05 
2.577 	 3.11085e-06 	 6.54592e-05 
2.579 	 3.17713e-06 	 6.67845e-05 
2.581 	 3.23304e-06 	 6.78929e-05 
2.583 	 3.27710e-06 	 6.87573e-05 
2.585 	 3.30803e-06 	 6.93544e-05 
2.587 	 3.32482e-06 	 6.96669e-05 
2.589 	 3.32678e-06 	 6.96842e-05 
2.591 	 3.31364e-06 	 6.94030e-05 
2.593 	 3.28554e-06 	 6.88281e-05 
2.595 	 3.24304e-06 	 6.79718e-05 
2.597 	 3.18705e-06 	 6.68533e-05 
2.599 	 3.11886e-06 	 6.54976e-05 
2.601 	 3.03997e-06 	 6.39343e-05 
2.603 	 2.95207e-06 	 6.21956e-05 
2.605 	 2.85693e-06 	 6.03152e-05 
2.607 	 2.75632e-06 	 5.83267e-05 
2.609 	 2.65195e-06 	 5.62624e-05 
2.611 	 2.54539e-06 	 5.41524e-05 
2.613 	 2.43806e-06 	 5.20239e-05 
2.615 	 2.33123e-06 	 4.99008e-05 
2.618 	 2.22593e-06 	 4.78036e-05 
2.620 	 2.12303e-06 	 4.57492e-05 
2.622 	 2.02324e-06 	 4.37515e-05 
2.624 	 1.92706e-06 	 4.18211e-05 
2.626 	 1.83489e-06 	 3.99662e-05 
2.628 	 1.74699e-06 	 3.81926e-05 
2.630 	 1.66351e-06 	 3.65038e-05 
2.632 	 1.58453e-06 	 3.49020e-05 
2.634 	 1.51004e-06 	 3.33877e-05 
2.636 	 1.43999e-06 	 3.19606e-05 
2.638 	 1.37426e-06 	 3.06191e-05 
2.640 	 1.31274e-06 	 2.93611e-05 
2.642 	 1.25524e-06 	 2.81837e-05 
2.644 	 1.20160e-06 	 2.70837e-05 
2.646 	 1.15159e-06 	 2.60573e-05 
2.648 	 1.10502e-06 	 2.51004e-05 
2.650 	 1.06165e-06 	 2.42085e-05 
2.652 	 1.02123e-06 	 2.33768e-05 
2.654 	 9.83525e-07 	 2.26000e-05 
2.656 	 9.48268e-07 	 2.18727e-05 
2.658 	 9.15192e-07 	 2.11892e-05 
2.660 	 8.84026e-07 	 2.05435e-05 
2.662 	 8.54499e-07 	 1.99297e-05 
2.664 	 8.26344e-07 	 1.93416e-05 
2.666 	 7.99309e-07 	 1.87737e-05 
2.668 	 7.73163e-07 	 1.82206e-05 
2.670 	 7.47702e-07 	 1.76778e-05 
2.672 	 7.22762e-07 	 1.71416e-05 
2.674 	 6.98218e-07 	 1.66092e-05 
2.676 	 6.73989e-07 	 1.60789e-05 
2.678 	 6.50035e-07 	 1.55501e-05 
2.680 	 6.26358e-07 	 1.50231e-05 
2.682 	 6.02986e-07 	 1.44989e-05 
2.684 	 5.79975e-07 	 1.39792e-05 
2.686 	 5.57389e-07 	 1.34659e-05 
2.688 	 5.35302e-07 	 1.29611e-05 
2.690 	 5.13782e-07 	 1.24667e-05 
2.692 	 4.92894e-07 	 1.19847e-05 
2.694 	 4.72690e-07 	 1.15166e-05 
2.696 	 4.53210e-07 	 1.10636e-05 
2.698 	 4.34482e-07 	 1.06267e-05 
2.700 	 4.16523e-07 	 1.02065e-05 
