Energy [eV] EELS_b EELS_a 
2.500 	 1.40518e-13 	 1.51499e-10 
2.502 	 1.41330e-13 	 1.53355e-10 
2.504 	 1.42240e-13 	 1.55329e-10 
2.506 	 1.43241e-13 	 1.57423e-10 
2.508 	 1.44320e-13 	 1.59629e-10 
2.510 	 1.45493e-13 	 1.61959e-10 
2.512 	 1.46764e-13 	 1.64425e-10 
2.514 	 1.48137e-13 	 1.67031e-10 
2.516 	 1.49607e-13 	 1.69778e-10 
2.519 	 1.51181e-13 	 1.72673e-10 
2.521 	 1.52868e-13 	 1.75732e-10 
2.523 	 1.54691e-13 	 1.78972e-10 
2.525 	 1.56613e-13 	 1.82375e-10 
2.527 	 1.58674e-13 	 1.85973e-10 
2.529 	 1.60876e-13 	 1.89775e-10 
2.531 	 1.63219e-13 	 1.93790e-10 
2.533 	 1.65708e-13 	 1.98023e-10 
2.535 	 1.68340e-13 	 2.02479e-10 
2.537 	 1.71145e-13 	 2.07192e-10 
2.539 	 1.74131e-13 	 2.12177e-10 
2.541 	 1.77282e-13 	 2.17423e-10 
2.543 	 1.80632e-13 	 2.22969e-10 
2.545 	 1.84169e-13 	 2.28814e-10 
2.547 	 1.87924e-13 	 2.34991e-10 
2.549 	 1.91897e-13 	 2.41510e-10 
2.551 	 1.96091e-13 	 2.48383e-10 
2.553 	 2.00522e-13 	 2.55630e-10 
2.555 	 2.05210e-13 	 2.63280e-10 
2.557 	 2.10148e-13 	 2.71333e-10 
2.559 	 2.15354e-13 	 2.79817e-10 
2.561 	 2.20833e-13 	 2.88743e-10 
2.563 	 2.26604e-13 	 2.98133e-10 
2.565 	 2.32658e-13 	 3.07987e-10 
2.567 	 2.39011e-13 	 3.18323e-10 
2.569 	 2.45665e-13 	 3.29144e-10 
2.571 	 2.52615e-13 	 3.40449e-10 
2.573 	 2.59859e-13 	 3.52230e-10 
2.575 	 2.67386e-13 	 3.64472e-10 
2.577 	 2.75179e-13 	 3.77143e-10 
2.579 	 2.83219e-13 	 3.90213e-10 
2.581 	 2.91479e-13 	 4.03629e-10 
2.583 	 2.99915e-13 	 4.17318e-10 
2.585 	 3.08464e-13 	 4.31183e-10 
2.587 	 3.17073e-13 	 4.45123e-10 
2.589 	 3.25663e-13 	 4.59006e-10 
2.591 	 3.34134e-13 	 4.72671e-10 
2.593 	 3.42382e-13 	 4.85939e-10 
2.595 	 3.50276e-13 	 4.98603e-10 
2.597 	 3.57684e-13 	 5.10446e-10 
2.599 	 3.64452e-13 	 5.21232e-10 
2.601 	 3.70420e-13 	 5.30708e-10 
2.603 	 3.75431e-13 	 5.38642e-10 
2.605 	 3.79324e-13 	 5.44797e-10 
2.607 	 3.81947e-13 	 5.48964e-10 
2.609 	 3.83175e-13 	 5.50975e-10 
2.611 	 3.82902e-13 	 5.50701e-10 
2.613 	 3.81052e-13 	 5.48066e-10 
2.615 	 3.77599e-13 	 5.43066e-10 
2.618 	 3.72540e-13 	 5.35744e-10 
2.620 	 3.65940e-13 	 5.26229e-10 
2.622 	 3.57888e-13 	 5.14681e-10 
2.624 	 3.48519e-13 	 5.01326e-10 
2.626 	 3.37994e-13 	 4.86419e-10 
2.628 	 3.26511e-13 	 4.70250e-10 
2.630 	 3.14256e-13 	 4.53096e-10 
2.632 	 3.01440e-13 	 4.35249e-10 
2.634 	 2.88266e-13 	 4.16987e-10 
2.636 	 2.74925e-13 	 3.98563e-10 
2.638 	 2.61577e-13 	 3.80195e-10 
2.640 	 2.48385e-13 	 3.62089e-10 
2.642 	 2.35484e-13 	 3.44412e-10 
2.644 	 2.22954e-13 	 3.27268e-10 
2.646 	 2.10896e-13 	 3.10781e-10 
2.648 	 1.99357e-13 	 2.95006e-10 
2.650 	 1.88384e-13 	 2.80000e-10 
2.652 	 1.77998e-13 	 2.65784e-10 
2.654 	 1.68204e-13 	 2.52361e-10 
2.656 	 1.59000e-13 	 2.39726e-10 
2.658 	 1.50379e-13 	 2.27864e-10 
2.660 	 1.42309e-13 	 2.16736e-10 
2.662 	 1.34773e-13 	 2.06310e-10 
2.664 	 1.27731e-13 	 1.96534e-10 
2.666 	 1.21152e-13 	 1.87369e-10 
2.668 	 1.14995e-13 	 1.78754e-10 
2.670 	 1.09224e-13 	 1.70640e-10 
2.672 	 1.03801e-13 	 1.62978e-10 
2.674 	 9.86951e-14 	 1.55720e-10 
2.676 	 9.38715e-14 	 1.48825e-10 
2.678 	 8.92988e-14 	 1.42247e-10 
2.680 	 8.49466e-14 	 1.35949e-10 
2.682 	 8.08034e-14 	 1.29917e-10 
2.684 	 7.68489e-14 	 1.24124e-10 
2.686 	 7.30618e-14 	 1.18549e-10 
2.688 	 6.94464e-14 	 1.13193e-10 
2.690 	 6.59803e-14 	 1.08037e-10 
2.692 	 6.26781e-14 	 1.03100e-10 
2.694 	 5.95166e-14 	 9.83554e-11 
2.696 	 5.65000e-14 	 9.38114e-11 
2.698 	 5.36238e-14 	 8.94612e-11 
2.700 	 5.08925e-14 	 8.53175e-11 
