Energy [eV] EELS_b EELS_a 
2.500 	 1.66863e-09 	 1.50042e-07 
2.502 	 1.71100e-09 	 1.54410e-07 
2.504 	 1.75528e-09 	 1.58984e-07 
2.506 	 1.80158e-09 	 1.63775e-07 
2.508 	 1.85001e-09 	 1.68795e-07 
2.510 	 1.90068e-09 	 1.74058e-07 
2.512 	 1.95370e-09 	 1.79576e-07 
2.514 	 2.00920e-09 	 1.85364e-07 
2.516 	 2.06731e-09 	 1.91438e-07 
2.519 	 2.12815e-09 	 1.97811e-07 
2.521 	 2.19186e-09 	 2.04501e-07 
2.523 	 2.25857e-09 	 2.11524e-07 
2.525 	 2.32843e-09 	 2.18897e-07 
2.527 	 2.40156e-09 	 2.26637e-07 
2.529 	 2.47811e-09 	 2.34761e-07 
2.531 	 2.55821e-09 	 2.43288e-07 
2.533 	 2.64197e-09 	 2.52233e-07 
2.535 	 2.72953e-09 	 2.61612e-07 
2.537 	 2.82097e-09 	 2.71442e-07 
2.539 	 2.91637e-09 	 2.81734e-07 
2.541 	 3.01579e-09 	 2.92500e-07 
2.543 	 3.11924e-09 	 3.03748e-07 
2.545 	 3.22670e-09 	 3.15480e-07 
2.547 	 3.33809e-09 	 3.27695e-07 
2.549 	 3.45326e-09 	 3.40384e-07 
2.551 	 3.57199e-09 	 3.53531e-07 
2.553 	 3.69398e-09 	 3.67108e-07 
2.555 	 3.81878e-09 	 3.81079e-07 
2.557 	 3.94587e-09 	 3.95391e-07 
2.559 	 4.07454e-09 	 4.09977e-07 
2.561 	 4.20396e-09 	 4.24754e-07 
2.563 	 4.33313e-09 	 4.39616e-07 
2.565 	 4.46084e-09 	 4.54441e-07 
2.567 	 4.58575e-09 	 4.69082e-07 
2.569 	 4.70630e-09 	 4.83372e-07 
2.571 	 4.82080e-09 	 4.97126e-07 
2.573 	 4.92741e-09 	 5.10137e-07 
2.575 	 5.02420e-09 	 5.22188e-07 
2.577 	 5.10920e-09 	 5.33053e-07 
2.579 	 5.18046e-09 	 5.42506e-07 
2.581 	 5.23614e-09 	 5.50328e-07 
2.583 	 5.27458e-09 	 5.56319e-07 
2.585 	 5.29440e-09 	 5.60309e-07 
2.587 	 5.29456e-09 	 5.62164e-07 
2.589 	 5.27448e-09 	 5.61796e-07 
2.591 	 5.23399e-09 	 5.59172e-07 
2.593 	 5.17346e-09 	 5.54312e-07 
2.595 	 5.09371e-09 	 5.47293e-07 
2.597 	 4.99603e-09 	 5.38241e-07 
2.599 	 4.88206e-09 	 5.27330e-07 
2.601 	 4.75378e-09 	 5.14768e-07 
2.603 	 4.61336e-09 	 5.00790e-07 
2.605 	 4.46308e-09 	 4.85646e-07 
2.607 	 4.30527e-09 	 4.69587e-07 
2.609 	 4.14215e-09 	 4.52864e-07 
2.611 	 3.97587e-09 	 4.35711e-07 
2.613 	 3.80838e-09 	 4.18344e-07 
2.615 	 3.64139e-09 	 4.00958e-07 
2.618 	 3.47644e-09 	 3.83723e-07 
2.620 	 3.31477e-09 	 3.66780e-07 
2.622 	 3.15744e-09 	 3.50249e-07 
2.624 	 3.00527e-09 	 3.34223e-07 
2.626 	 2.85888e-09 	 3.18777e-07 
2.628 	 2.71872e-09 	 3.03962e-07 
2.630 	 2.58510e-09 	 2.89817e-07 
2.632 	 2.45817e-09 	 2.76362e-07 
2.634 	 2.33799e-09 	 2.63608e-07 
2.636 	 2.22453e-09 	 2.51555e-07 
2.638 	 2.11768e-09 	 2.40195e-07 
2.640 	 2.01727e-09 	 2.29512e-07 
2.642 	 1.92308e-09 	 2.19486e-07 
2.644 	 1.83486e-09 	 2.10092e-07 
2.646 	 1.75232e-09 	 2.01301e-07 
2.648 	 1.67516e-09 	 1.93081e-07 
2.650 	 1.60303e-09 	 1.85398e-07 
2.652 	 1.53559e-09 	 1.78214e-07 
2.654 	 1.47248e-09 	 1.71490e-07 
2.656 	 1.41330e-09 	 1.65184e-07 
2.658 	 1.35768e-09 	 1.59254e-07 
2.660 	 1.30522e-09 	 1.53656e-07 
2.662 	 1.25553e-09 	 1.48344e-07 
2.664 	 1.20822e-09 	 1.43276e-07 
2.666 	 1.16294e-09 	 1.38411e-07 
2.668 	 1.11936e-09 	 1.33710e-07 
2.670 	 1.07720e-09 	 1.29140e-07 
2.672 	 1.03621e-09 	 1.24673e-07 
2.674 	 9.96217e-10 	 1.20289e-07 
2.676 	 9.57104e-10 	 1.15974e-07 
2.678 	 9.18804e-10 	 1.11721e-07 
2.680 	 8.81303e-10 	 1.07531e-07 
2.682 	 8.44626e-10 	 1.03407e-07 
2.684 	 8.08828e-10 	 9.93571e-08 
2.686 	 7.73980e-10 	 9.53926e-08 
2.688 	 7.40156e-10 	 9.15242e-08 
2.690 	 7.07430e-10 	 8.77628e-08 
2.692 	 6.75865e-10 	 8.41181e-08 
2.694 	 6.45509e-10 	 8.05980e-08 
2.696 	 6.16394e-10 	 7.72084e-08 
2.698 	 5.88539e-10 	 7.39533e-08 
2.700 	 5.61944e-10 	 7.08347e-08 
