Energy [eV] EELS_b EELS_a 
2.500 	 1.47274e-07 	 4.36588e-06 
2.502 	 1.51776e-07 	 4.50668e-06 
2.504 	 1.56497e-07 	 4.65436e-06 
2.506 	 1.61450e-07 	 4.80930e-06 
2.508 	 1.66648e-07 	 4.97195e-06 
2.510 	 1.72107e-07 	 5.14274e-06 
2.512 	 1.77840e-07 	 5.32215e-06 
2.514 	 1.83865e-07 	 5.51068e-06 
2.516 	 1.90197e-07 	 5.70885e-06 
2.519 	 1.96854e-07 	 5.91720e-06 
2.521 	 2.03855e-07 	 6.13631e-06 
2.523 	 2.11218e-07 	 6.36674e-06 
2.525 	 2.18962e-07 	 6.60911e-06 
2.527 	 2.27108e-07 	 6.86403e-06 
2.529 	 2.35674e-07 	 7.13212e-06 
2.531 	 2.44680e-07 	 7.41399e-06 
2.533 	 2.54147e-07 	 7.71025e-06 
2.535 	 2.64091e-07 	 8.02147e-06 
2.537 	 2.74531e-07 	 8.34821e-06 
2.539 	 2.85482e-07 	 8.69093e-06 
2.541 	 2.96955e-07 	 9.05003e-06 
2.543 	 3.08959e-07 	 9.42579e-06 
2.545 	 3.21496e-07 	 9.81834e-06 
2.547 	 3.34564e-07 	 1.02276e-05 
2.549 	 3.48150e-07 	 1.06533e-05 
2.551 	 3.62234e-07 	 1.10949e-05 
2.553 	 3.76782e-07 	 1.15513e-05 
2.555 	 3.91746e-07 	 1.20213e-05 
2.557 	 4.07061e-07 	 1.25030e-05 
2.559 	 4.22644e-07 	 1.29939e-05 
2.561 	 4.38391e-07 	 1.34912e-05 
2.563 	 4.54172e-07 	 1.39910e-05 
2.565 	 4.69837e-07 	 1.44890e-05 
2.567 	 4.85206e-07 	 1.49801e-05 
2.569 	 5.00079e-07 	 1.54583e-05 
2.571 	 5.14233e-07 	 1.59172e-05 
2.573 	 5.27425e-07 	 1.63497e-05 
2.575 	 5.39405e-07 	 1.67483e-05 
2.577 	 5.49916e-07 	 1.71054e-05 
2.579 	 5.58710e-07 	 1.74136e-05 
2.581 	 5.65558e-07 	 1.76658e-05 
2.583 	 5.70261e-07 	 1.78558e-05 
2.585 	 5.72663e-07 	 1.79783e-05 
2.587 	 5.72660e-07 	 1.80296e-05 
2.589 	 5.70209e-07 	 1.80078e-05 
2.591 	 5.65329e-07 	 1.79124e-05 
2.593 	 5.58104e-07 	 1.77451e-05 
2.595 	 5.48678e-07 	 1.75092e-05 
2.597 	 5.37244e-07 	 1.72096e-05 
2.599 	 5.24037e-07 	 1.68526e-05 
2.601 	 5.09321e-07 	 1.64454e-05 
2.603 	 4.93374e-07 	 1.59958e-05 
2.605 	 4.76476e-07 	 1.55120e-05 
2.607 	 4.58900e-07 	 1.50020e-05 
2.609 	 4.40904e-07 	 1.44737e-05 
2.611 	 4.22722e-07 	 1.39343e-05 
2.613 	 4.04560e-07 	 1.33904e-05 
2.615 	 3.86597e-07 	 1.28478e-05 
2.618 	 3.68983e-07 	 1.23114e-05 
2.620 	 3.51839e-07 	 1.17856e-05 
2.622 	 3.35260e-07 	 1.12737e-05 
2.624 	 3.19316e-07 	 1.07783e-05 
2.626 	 3.04060e-07 	 1.03016e-05 
2.628 	 2.89524e-07 	 9.84501e-06 
2.630 	 2.75726e-07 	 9.40952e-06 
2.632 	 2.62672e-07 	 8.99569e-06 
2.634 	 2.50358e-07 	 8.60376e-06 
2.636 	 2.38771e-07 	 8.23366e-06 
2.638 	 2.27894e-07 	 7.88507e-06 
2.640 	 2.17701e-07 	 7.55750e-06 
2.642 	 2.08166e-07 	 7.25029e-06 
2.644 	 1.99257e-07 	 6.96264e-06 
2.646 	 1.90943e-07 	 6.69366e-06 
2.648 	 1.83187e-07 	 6.44233e-06 
2.650 	 1.75951e-07 	 6.20756e-06 
2.652 	 1.69198e-07 	 5.98816e-06 
2.654 	 1.62886e-07 	 5.78285e-06 
2.656 	 1.56974e-07 	 5.59028e-06 
2.658 	 1.51418e-07 	 5.40905e-06 
2.660 	 1.46174e-07 	 5.23770e-06 
2.662 	 1.41199e-07 	 5.07473e-06 
2.664 	 1.36450e-07 	 4.91870e-06 
2.666 	 1.31887e-07 	 4.76819e-06 
2.668 	 1.27472e-07 	 4.62191e-06 
2.670 	 1.23173e-07 	 4.47875e-06 
2.672 	 1.18964e-07 	 4.33777e-06 
2.674 	 1.14826e-07 	 4.19831e-06 
2.676 	 1.10746e-07 	 4.05994e-06 
2.678 	 1.06718e-07 	 3.92248e-06 
2.680 	 1.02742e-07 	 3.78598e-06 
2.682 	 9.88245e-08 	 3.65069e-06 
2.684 	 9.49730e-08 	 3.51697e-06 
2.686 	 9.11987e-08 	 3.38526e-06 
2.688 	 8.75130e-08 	 3.25605e-06 
2.690 	 8.39270e-08 	 3.12980e-06 
2.692 	 8.04507e-08 	 3.00694e-06 
2.694 	 7.70921e-08 	 2.88781e-06 
2.696 	 7.38574e-08 	 2.77269e-06 
2.698 	 7.07506e-08 	 2.66180e-06 
2.700 	 6.77739e-08 	 2.55525e-06 
