Energy [eV] EELS_b EELS_a 
2.500 	 1.58015e-08 	 6.62055e-08 
2.502 	 1.62409e-08 	 6.81137e-08 
2.504 	 1.67005e-08 	 7.01106e-08 
2.506 	 1.71814e-08 	 7.22013e-08 
2.508 	 1.76849e-08 	 7.43908e-08 
2.510 	 1.82120e-08 	 7.66846e-08 
2.512 	 1.87642e-08 	 7.90882e-08 
2.514 	 1.93426e-08 	 8.16075e-08 
2.516 	 1.99486e-08 	 8.42487e-08 
2.519 	 2.05837e-08 	 8.70181e-08 
2.521 	 2.12492e-08 	 8.99220e-08 
2.523 	 2.19466e-08 	 9.29672e-08 
2.525 	 2.26774e-08 	 9.61603e-08 
2.527 	 2.34431e-08 	 9.95081e-08 
2.529 	 2.42450e-08 	 1.03017e-07 
2.531 	 2.50845e-08 	 1.06694e-07 
2.533 	 2.59629e-08 	 1.10544e-07 
2.535 	 2.68814e-08 	 1.14574e-07 
2.537 	 2.78409e-08 	 1.18788e-07 
2.539 	 2.88422e-08 	 1.23190e-07 
2.541 	 2.98856e-08 	 1.27782e-07 
2.543 	 3.09712e-08 	 1.32566e-07 
2.545 	 3.20984e-08 	 1.37540e-07 
2.547 	 3.32661e-08 	 1.42700e-07 
2.549 	 3.44725e-08 	 1.48039e-07 
2.551 	 3.57147e-08 	 1.53545e-07 
2.553 	 3.69890e-08 	 1.59205e-07 
2.555 	 3.82903e-08 	 1.64996e-07 
2.557 	 3.96122e-08 	 1.70893e-07 
2.559 	 4.09467e-08 	 1.76861e-07 
2.561 	 4.22844e-08 	 1.82860e-07 
2.563 	 4.36137e-08 	 1.88842e-07 
2.565 	 4.49216e-08 	 1.94749e-07 
2.567 	 4.61929e-08 	 2.00517e-07 
2.569 	 4.74111e-08 	 2.06072e-07 
2.571 	 4.85579e-08 	 2.11336e-07 
2.573 	 4.96143e-08 	 2.16224e-07 
2.575 	 5.05602e-08 	 2.20647e-07 
2.577 	 5.13760e-08 	 2.24517e-07 
2.579 	 5.20426e-08 	 2.27747e-07 
2.581 	 5.25425e-08 	 2.30259e-07 
2.583 	 5.28608e-08 	 2.31981e-07 
2.585 	 5.29859e-08 	 2.32860e-07 
2.587 	 5.29100e-08 	 2.32856e-07 
2.589 	 5.26299e-08 	 2.31950e-07 
2.591 	 5.21473e-08 	 2.30146e-07 
2.593 	 5.14686e-08 	 2.27465e-07 
2.595 	 5.06049e-08 	 2.23954e-07 
2.597 	 4.95711e-08 	 2.19673e-07 
2.599 	 4.83857e-08 	 2.14703e-07 
2.601 	 4.70693e-08 	 2.09131e-07 
2.603 	 4.56442e-08 	 2.03056e-07 
2.605 	 4.41331e-08 	 1.96575e-07 
2.607 	 4.25586e-08 	 1.89790e-07 
2.609 	 4.09421e-08 	 1.82796e-07 
2.611 	 3.93035e-08 	 1.75682e-07 
2.613 	 3.76609e-08 	 1.68529e-07 
2.615 	 3.60301e-08 	 1.61409e-07 
2.618 	 3.44247e-08 	 1.54384e-07 
2.620 	 3.28558e-08 	 1.47505e-07 
2.622 	 3.13325e-08 	 1.40814e-07 
2.624 	 2.98621e-08 	 1.34344e-07 
2.626 	 2.84497e-08 	 1.28121e-07 
2.628 	 2.70990e-08 	 1.22163e-07 
2.630 	 2.58125e-08 	 1.16481e-07 
2.632 	 2.45912e-08 	 1.11081e-07 
2.634 	 2.34353e-08 	 1.05967e-07 
2.636 	 2.23444e-08 	 1.01135e-07 
2.638 	 2.13171e-08 	 9.65828e-08 
2.640 	 2.03517e-08 	 9.23021e-08 
2.642 	 1.94460e-08 	 8.82842e-08 
2.644 	 1.85976e-08 	 8.45186e-08 
2.646 	 1.78036e-08 	 8.09934e-08 
2.648 	 1.70611e-08 	 7.76956e-08 
2.650 	 1.63667e-08 	 7.46111e-08 
2.652 	 1.57171e-08 	 7.17249e-08 
2.654 	 1.51087e-08 	 6.90212e-08 
2.656 	 1.45377e-08 	 6.64835e-08 
2.658 	 1.40003e-08 	 6.40945e-08 
2.660 	 1.34927e-08 	 6.18367e-08 
2.662 	 1.30108e-08 	 5.96926e-08 
2.664 	 1.25509e-08 	 5.76449e-08 
2.666 	 1.21094e-08 	 5.56772e-08 
2.668 	 1.16830e-08 	 5.37745e-08 
2.670 	 1.12688e-08 	 5.19236e-08 
2.672 	 1.08644e-08 	 5.01140e-08 
2.674 	 1.04682e-08 	 4.83374e-08 
2.676 	 1.00789e-08 	 4.65889e-08 
2.678 	 9.69597e-09 	 4.48658e-08 
2.680 	 9.31946e-09 	 4.31683e-08 
2.682 	 8.94973e-09 	 4.14983e-08 
2.684 	 8.58749e-09 	 3.98592e-08 
2.686 	 8.23360e-09 	 3.82552e-08 
2.688 	 7.88902e-09 	 3.66909e-08 
2.690 	 7.55463e-09 	 3.51706e-08 
2.692 	 7.23121e-09 	 3.36982e-08 
2.694 	 6.91940e-09 	 3.22768e-08 
2.696 	 6.61965e-09 	 3.09087e-08 
2.698 	 6.33223e-09 	 2.95954e-08 
2.700 	 6.05727e-09 	 2.83377e-08 
