Energy [eV] EELS_b EELS_a 
2.500 	 1.80428e-07 	 5.10799e-06 
2.502 	 1.85979e-07 	 5.27357e-06 
2.504 	 1.91801e-07 	 5.44725e-06 
2.506 	 1.97911e-07 	 5.62952e-06 
2.508 	 2.04325e-07 	 5.82087e-06 
2.510 	 2.11061e-07 	 6.02183e-06 
2.512 	 2.18138e-07 	 6.23298e-06 
2.514 	 2.25577e-07 	 6.45489e-06 
2.516 	 2.33398e-07 	 6.68819e-06 
2.519 	 2.41623e-07 	 6.93352e-06 
2.521 	 2.50274e-07 	 7.19156e-06 
2.523 	 2.59376e-07 	 7.46300e-06 
2.525 	 2.68953e-07 	 7.74856e-06 
2.527 	 2.79029e-07 	 8.04897e-06 
2.529 	 2.89631e-07 	 8.36497e-06 
2.531 	 3.00782e-07 	 8.69729e-06 
2.533 	 3.12507e-07 	 9.04666e-06 
2.535 	 3.24832e-07 	 9.41377e-06 
2.537 	 3.37776e-07 	 9.79929e-06 
2.539 	 3.51362e-07 	 1.02038e-05 
2.541 	 3.65603e-07 	 1.06277e-05 
2.543 	 3.80514e-07 	 1.10715e-05 
2.545 	 3.96098e-07 	 1.15352e-05 
2.547 	 4.12354e-07 	 1.20188e-05 
2.549 	 4.29269e-07 	 1.25221e-05 
2.551 	 4.46819e-07 	 1.30442e-05 
2.553 	 4.64964e-07 	 1.35842e-05 
2.555 	 4.83648e-07 	 1.41404e-05 
2.557 	 5.02793e-07 	 1.47108e-05 
2.559 	 5.22296e-07 	 1.52923e-05 
2.561 	 5.42031e-07 	 1.58817e-05 
2.563 	 5.61840e-07 	 1.64743e-05 
2.565 	 5.81535e-07 	 1.70651e-05 
2.567 	 6.00895e-07 	 1.76480e-05 
2.569 	 6.19669e-07 	 1.82160e-05 
2.571 	 6.37579e-07 	 1.87614e-05 
2.573 	 6.54320e-07 	 1.92757e-05 
2.575 	 6.69576e-07 	 1.97501e-05 
2.577 	 6.83021e-07 	 2.01756e-05 
2.579 	 6.94341e-07 	 2.05432e-05 
2.581 	 7.03241e-07 	 2.08445e-05 
2.583 	 7.09464e-07 	 2.10719e-05 
2.585 	 7.12808e-07 	 2.12194e-05 
2.587 	 7.13133e-07 	 2.12824e-05 
2.589 	 7.10378e-07 	 2.12585e-05 
2.591 	 7.04562e-07 	 2.11472e-05 
2.593 	 6.95785e-07 	 2.09506e-05 
2.595 	 6.84222e-07 	 2.06724e-05 
2.597 	 6.70115e-07 	 2.03187e-05 
2.599 	 6.53759e-07 	 1.98968e-05 
2.601 	 6.35484e-07 	 1.94153e-05 
2.603 	 6.15642e-07 	 1.88836e-05 
2.605 	 5.94588e-07 	 1.83114e-05 
2.607 	 5.72668e-07 	 1.77083e-05 
2.609 	 5.50207e-07 	 1.70836e-05 
2.611 	 5.27501e-07 	 1.64459e-05 
2.613 	 5.04814e-07 	 1.58030e-05 
2.615 	 4.82371e-07 	 1.51617e-05 
2.618 	 4.60362e-07 	 1.45281e-05 
2.620 	 4.38939e-07 	 1.39071e-05 
2.622 	 4.18223e-07 	 1.33026e-05 
2.624 	 3.98304e-07 	 1.27178e-05 
2.626 	 3.79246e-07 	 1.21552e-05 
2.628 	 3.61091e-07 	 1.16165e-05 
2.630 	 3.43861e-07 	 1.11028e-05 
2.632 	 3.27564e-07 	 1.06148e-05 
2.634 	 3.12195e-07 	 1.01527e-05 
2.636 	 2.97736e-07 	 9.71647e-06 
2.638 	 2.84166e-07 	 9.30570e-06 
2.640 	 2.71453e-07 	 8.91978e-06 
2.642 	 2.59564e-07 	 8.55793e-06 
2.644 	 2.48459e-07 	 8.21922e-06 
2.646 	 2.38097e-07 	 7.90255e-06 
2.648 	 2.28434e-07 	 7.60673e-06 
2.650 	 2.19422e-07 	 7.33047e-06 
2.652 	 2.11013e-07 	 7.07234e-06 
2.654 	 2.03155e-07 	 6.83084e-06 
2.656 	 1.95797e-07 	 6.60438e-06 
2.658 	 1.88884e-07 	 6.39126e-06 
2.660 	 1.82360e-07 	 6.18978e-06 
2.662 	 1.76172e-07 	 5.99815e-06 
2.664 	 1.70266e-07 	 5.81466e-06 
2.666 	 1.64591e-07 	 5.63763e-06 
2.668 	 1.59100e-07 	 5.46554e-06 
2.670 	 1.53753e-07 	 5.29706e-06 
2.672 	 1.48518e-07 	 5.13108e-06 
2.674 	 1.43370e-07 	 4.96682e-06 
2.676 	 1.38292e-07 	 4.80376e-06 
2.678 	 1.33278e-07 	 4.64171e-06 
2.680 	 1.28329e-07 	 4.48073e-06 
2.682 	 1.23450e-07 	 4.32110e-06 
2.684 	 1.18652e-07 	 4.16327e-06 
2.686 	 1.13950e-07 	 4.00776e-06 
2.688 	 1.09357e-07 	 3.85516e-06 
2.690 	 1.04887e-07 	 3.70602e-06 
2.692 	 1.00554e-07 	 3.56084e-06 
2.694 	 9.63659e-08 	 3.42005e-06 
2.696 	 9.23322e-08 	 3.28398e-06 
2.698 	 8.84576e-08 	 3.15288e-06 
2.700 	 8.47447e-08 	 3.02690e-06 
