Energy [eV] EELS_b EELS_a 
2.500 	 1.05081e-08 	 4.37773e-08 
2.502 	 1.07948e-08 	 4.50178e-08 
2.504 	 1.10947e-08 	 4.63156e-08 
2.506 	 1.14084e-08 	 4.76739e-08 
2.508 	 1.17366e-08 	 4.90960e-08 
2.510 	 1.20802e-08 	 5.05853e-08 
2.512 	 1.24399e-08 	 5.21455e-08 
2.514 	 1.28166e-08 	 5.37802e-08 
2.516 	 1.32111e-08 	 5.54933e-08 
2.519 	 1.36244e-08 	 5.72890e-08 
2.521 	 1.40574e-08 	 5.91713e-08 
2.523 	 1.45109e-08 	 6.11444e-08 
2.525 	 1.49859e-08 	 6.32126e-08 
2.527 	 1.54833e-08 	 6.53801e-08 
2.529 	 1.60041e-08 	 6.76513e-08 
2.531 	 1.65492e-08 	 7.00300e-08 
2.533 	 1.71192e-08 	 7.25203e-08 
2.535 	 1.77150e-08 	 7.51256e-08 
2.537 	 1.83371e-08 	 7.78489e-08 
2.539 	 1.89861e-08 	 8.06928e-08 
2.541 	 1.96621e-08 	 8.36587e-08 
2.543 	 2.03651e-08 	 8.67472e-08 
2.545 	 2.10949e-08 	 8.99574e-08 
2.547 	 2.18507e-08 	 9.32868e-08 
2.549 	 2.26312e-08 	 9.67308e-08 
2.551 	 2.34347e-08 	 1.00282e-07 
2.553 	 2.42588e-08 	 1.03932e-07 
2.555 	 2.51002e-08 	 1.07666e-07 
2.557 	 2.59549e-08 	 1.11467e-07 
2.559 	 2.68178e-08 	 1.15315e-07 
2.561 	 2.76827e-08 	 1.19183e-07 
2.563 	 2.85425e-08 	 1.23040e-07 
2.565 	 2.93887e-08 	 1.26851e-07 
2.567 	 3.02117e-08 	 1.30573e-07 
2.569 	 3.10009e-08 	 1.34160e-07 
2.571 	 3.17446e-08 	 1.37562e-07 
2.573 	 3.24306e-08 	 1.40725e-07 
2.575 	 3.30461e-08 	 1.43590e-07 
2.577 	 3.35782e-08 	 1.46103e-07 
2.579 	 3.40147e-08 	 1.48206e-07 
2.581 	 3.43442e-08 	 1.49848e-07 
2.583 	 3.45568e-08 	 1.50983e-07 
2.585 	 3.46448e-08 	 1.51576e-07 
2.587 	 3.46028e-08 	 1.51599e-07 
2.589 	 3.44286e-08 	 1.51039e-07 
2.591 	 3.41227e-08 	 1.49897e-07 
2.593 	 3.36890e-08 	 1.48186e-07 
2.595 	 3.31344e-08 	 1.45934e-07 
2.597 	 3.24681e-08 	 1.43180e-07 
2.599 	 3.17019e-08 	 1.39973e-07 
2.601 	 3.08490e-08 	 1.36371e-07 
2.603 	 2.99237e-08 	 1.32436e-07 
2.605 	 2.89408e-08 	 1.28233e-07 
2.607 	 2.79150e-08 	 1.23826e-07 
2.609 	 2.68602e-08 	 1.19277e-07 
2.611 	 2.57896e-08 	 1.14646e-07 
2.613 	 2.47151e-08 	 1.09984e-07 
2.615 	 2.36472e-08 	 1.05340e-07 
2.618 	 2.25947e-08 	 1.00754e-07 
2.620 	 2.15654e-08 	 9.62595e-08 
2.622 	 2.05652e-08 	 9.18858e-08 
2.624 	 1.95989e-08 	 8.76545e-08 
2.626 	 1.86702e-08 	 8.35824e-08 
2.628 	 1.77816e-08 	 7.96817e-08 
2.630 	 1.69348e-08 	 7.59604e-08 
2.632 	 1.61305e-08 	 7.24231e-08 
2.634 	 1.53690e-08 	 6.90713e-08 
2.636 	 1.46501e-08 	 6.59043e-08 
2.638 	 1.39728e-08 	 6.29192e-08 
2.640 	 1.33362e-08 	 6.01117e-08 
2.642 	 1.27388e-08 	 5.74761e-08 
2.644 	 1.21790e-08 	 5.50054e-08 
2.646 	 1.16550e-08 	 5.26921e-08 
2.648 	 1.11648e-08 	 5.05276e-08 
2.650 	 1.07064e-08 	 4.85028e-08 
2.652 	 1.02774e-08 	 4.66080e-08 
2.654 	 9.87565e-09 	 4.48329e-08 
2.656 	 9.49858e-09 	 4.31667e-08 
2.658 	 9.14371e-09 	 4.15983e-08 
2.660 	 8.80850e-09 	 4.01162e-08 
2.662 	 8.49038e-09 	 3.87090e-08 
2.664 	 8.18689e-09 	 3.73655e-08 
2.666 	 7.89565e-09 	 3.60752e-08 
2.668 	 7.61451e-09 	 3.48282e-08 
2.670 	 7.34160e-09 	 3.36160e-08 
2.672 	 7.07538e-09 	 3.24317e-08 
2.674 	 6.81470e-09 	 3.12701e-08 
2.676 	 6.55881e-09 	 3.01277e-08 
2.678 	 6.30734e-09 	 2.90030e-08 
2.680 	 6.06025e-09 	 2.78958e-08 
2.682 	 5.81779e-09 	 2.68074e-08 
2.684 	 5.58041e-09 	 2.57399e-08 
2.686 	 5.34867e-09 	 2.46959e-08 
2.688 	 5.12314e-09 	 2.36785e-08 
2.690 	 4.90440e-09 	 2.26901e-08 
2.692 	 4.69294e-09 	 2.17334e-08 
2.694 	 4.48916e-09 	 2.08102e-08 
2.696 	 4.29334e-09 	 1.99220e-08 
2.698 	 4.10565e-09 	 1.90697e-08 
2.700 	 3.92615e-09 	 1.82538e-08 
