Energy [eV] EELS_b EELS_a 
2.500 	 2.08852e-05 	 1.13690e-04 
2.502 	 2.15466e-05 	 1.17535e-04 
2.504 	 2.22400e-05 	 1.21574e-04 
2.506 	 2.29670e-05 	 1.25819e-04 
2.508 	 2.37297e-05 	 1.30282e-04 
2.510 	 2.45303e-05 	 1.34978e-04 
2.512 	 2.53710e-05 	 1.39920e-04 
2.514 	 2.62541e-05 	 1.45126e-04 
2.516 	 2.71823e-05 	 1.50610e-04 
2.519 	 2.81581e-05 	 1.56392e-04 
2.521 	 2.91843e-05 	 1.62490e-04 
2.523 	 3.02640e-05 	 1.68923e-04 
2.525 	 3.14001e-05 	 1.75714e-04 
2.527 	 3.25959e-05 	 1.82883e-04 
2.529 	 3.38547e-05 	 1.90454e-04 
2.531 	 3.51800e-05 	 1.98452e-04 
2.533 	 3.65751e-05 	 2.06901e-04 
2.535 	 3.80437e-05 	 2.15826e-04 
2.537 	 3.95894e-05 	 2.25255e-04 
2.539 	 4.12155e-05 	 2.35214e-04 
2.541 	 4.29255e-05 	 2.45728e-04 
2.543 	 4.47224e-05 	 2.56822e-04 
2.545 	 4.66091e-05 	 2.68521e-04 
2.547 	 4.85880e-05 	 2.80845e-04 
2.549 	 5.06605e-05 	 2.93812e-04 
2.551 	 5.28276e-05 	 3.07433e-04 
2.553 	 5.50889e-05 	 3.21715e-04 
2.555 	 5.74428e-05 	 3.36655e-04 
2.557 	 5.98859e-05 	 3.52237e-04 
2.559 	 6.24128e-05 	 3.68434e-04 
2.561 	 6.50156e-05 	 3.85202e-04 
2.563 	 6.76835e-05 	 4.02475e-04 
2.565 	 7.04027e-05 	 4.20166e-04 
2.567 	 7.31554e-05 	 4.38161e-04 
2.569 	 7.59201e-05 	 4.56315e-04 
2.571 	 7.86708e-05 	 4.74455e-04 
2.573 	 8.13775e-05 	 4.92373e-04 
2.575 	 8.40058e-05 	 5.09830e-04 
2.577 	 8.65179e-05 	 5.26559e-04 
2.579 	 8.88727e-05 	 5.42268e-04 
2.581 	 9.10274e-05 	 5.56653e-04 
2.583 	 9.29390e-05 	 5.69405e-04 
2.585 	 9.45655e-05 	 5.80225e-04 
2.587 	 9.58687e-05 	 5.88843e-04 
2.589 	 9.68155e-05 	 5.95029e-04 
2.591 	 9.73802e-05 	 5.98609e-04 
2.593 	 9.75460e-05 	 5.99481e-04 
2.595 	 9.73064e-05 	 5.97616e-04 
2.597 	 9.66651e-05 	 5.93064e-04 
2.599 	 9.56361e-05 	 5.85950e-04 
2.601 	 9.42431e-05 	 5.76465e-04 
2.603 	 9.25177e-05 	 5.64853e-04 
2.605 	 9.04977e-05 	 5.51399e-04 
2.607 	 8.82253e-05 	 5.36409e-04 
2.609 	 8.57448e-05 	 5.20197e-04 
2.611 	 8.31011e-05 	 5.03074e-04 
2.613 	 8.03377e-05 	 4.85333e-04 
2.615 	 7.74958e-05 	 4.67243e-04 
2.618 	 7.46129e-05 	 4.49045e-04 
2.620 	 7.17227e-05 	 4.30947e-04 
2.622 	 6.88542e-05 	 4.13126e-04 
2.624 	 6.60324e-05 	 3.95726e-04 
2.626 	 6.32776e-05 	 3.78862e-04 
2.628 	 6.06063e-05 	 3.62624e-04 
2.630 	 5.80312e-05 	 3.47077e-04 
2.632 	 5.55617e-05 	 3.32266e-04 
2.634 	 5.32046e-05 	 3.18220e-04 
2.636 	 5.09638e-05 	 3.04952e-04 
2.638 	 4.88414e-05 	 2.92464e-04 
2.640 	 4.68376e-05 	 2.80747e-04 
2.642 	 4.49511e-05 	 2.69784e-04 
2.644 	 4.31793e-05 	 2.59551e-04 
2.646 	 4.15185e-05 	 2.50019e-04 
2.648 	 3.99640e-05 	 2.41152e-04 
2.650 	 3.85101e-05 	 2.32911e-04 
2.652 	 3.71507e-05 	 2.25249e-04 
2.654 	 3.58786e-05 	 2.18119e-04 
2.656 	 3.46859e-05 	 2.11466e-04 
2.658 	 3.35644e-05 	 2.05233e-04 
2.660 	 3.25053e-05 	 1.99360e-04 
2.662 	 3.14996e-05 	 1.93786e-04 
2.664 	 3.05380e-05 	 1.88449e-04 
2.666 	 2.96120e-05 	 1.83289e-04 
2.668 	 2.87133e-05 	 1.78250e-04 
2.670 	 2.78346e-05 	 1.73284e-04 
2.672 	 2.69699e-05 	 1.68351e-04 
2.674 	 2.61148e-05 	 1.63421e-04 
2.676 	 2.52663e-05 	 1.58476e-04 
2.678 	 2.44229e-05 	 1.53509e-04 
2.680 	 2.35848e-05 	 1.48523e-04 
2.682 	 2.27532e-05 	 1.43529e-04 
2.684 	 2.19303e-05 	 1.38546e-04 
2.686 	 2.11187e-05 	 1.33595e-04 
2.688 	 2.03215e-05 	 1.28700e-04 
2.690 	 1.95416e-05 	 1.23884e-04 
2.692 	 1.87815e-05 	 1.19168e-04 
2.694 	 1.80437e-05 	 1.14571e-04 
2.696 	 1.73299e-05 	 1.10108e-04 
2.698 	 1.66415e-05 	 1.05791e-04 
2.700 	 1.59795e-05 	 1.01629e-04 
