Energy [eV] EELS_b EELS_a 
2.500 	 4.36608e-08 	 1.71695e-06 
2.502 	 4.49330e-08 	 1.77061e-06 
2.504 	 4.62652e-08 	 1.82685e-06 
2.506 	 4.76609e-08 	 1.88581e-06 
2.508 	 4.91236e-08 	 1.94764e-06 
2.510 	 5.06570e-08 	 2.01251e-06 
2.512 	 5.22650e-08 	 2.08060e-06 
2.514 	 5.39517e-08 	 2.15208e-06 
2.516 	 5.57213e-08 	 2.22714e-06 
2.519 	 5.75782e-08 	 2.30597e-06 
2.521 	 5.95270e-08 	 2.38879e-06 
2.523 	 6.15721e-08 	 2.47580e-06 
2.525 	 6.37184e-08 	 2.56722e-06 
2.527 	 6.59705e-08 	 2.66326e-06 
2.529 	 6.83331e-08 	 2.76414e-06 
2.531 	 7.08106e-08 	 2.87007e-06 
2.533 	 7.34074e-08 	 2.98128e-06 
2.535 	 7.61275e-08 	 3.09795e-06 
2.537 	 7.89741e-08 	 3.22026e-06 
2.539 	 8.19502e-08 	 3.34839e-06 
2.541 	 8.50574e-08 	 3.48244e-06 
2.543 	 8.82965e-08 	 3.62251e-06 
2.545 	 9.16663e-08 	 3.76861e-06 
2.547 	 9.51643e-08 	 3.92070e-06 
2.549 	 9.87852e-08 	 4.07864e-06 
2.551 	 1.02521e-07 	 4.24219e-06 
2.553 	 1.06362e-07 	 4.41097e-06 
2.555 	 1.10291e-07 	 4.58447e-06 
2.557 	 1.14290e-07 	 4.76199e-06 
2.559 	 1.18336e-07 	 4.94263e-06 
2.561 	 1.22397e-07 	 5.12526e-06 
2.563 	 1.26441e-07 	 5.30854e-06 
2.565 	 1.30425e-07 	 5.49085e-06 
2.567 	 1.34304e-07 	 5.67032e-06 
2.569 	 1.38025e-07 	 5.84484e-06 
2.571 	 1.41531e-07 	 6.01205e-06 
2.573 	 1.44763e-07 	 6.16943e-06 
2.575 	 1.47658e-07 	 6.31431e-06 
2.577 	 1.50155e-07 	 6.44396e-06 
2.579 	 1.52195e-07 	 6.55570e-06 
2.581 	 1.53723e-07 	 6.64702e-06 
2.583 	 1.54695e-07 	 6.71566e-06 
2.585 	 1.55076e-07 	 6.75975e-06 
2.587 	 1.54843e-07 	 6.77793e-06 
2.589 	 1.53989e-07 	 6.76940e-06 
2.591 	 1.52522e-07 	 6.73400e-06 
2.593 	 1.50464e-07 	 6.67223e-06 
2.595 	 1.47853e-07 	 6.58522e-06 
2.597 	 1.44738e-07 	 6.47466e-06 
2.599 	 1.41175e-07 	 6.34274e-06 
2.601 	 1.37232e-07 	 6.19203e-06 
2.603 	 1.32976e-07 	 6.02532e-06 
2.605 	 1.28477e-07 	 5.84557e-06 
2.607 	 1.23804e-07 	 5.65572e-06 
2.609 	 1.19020e-07 	 5.45862e-06 
2.611 	 1.14185e-07 	 5.25697e-06 
2.613 	 1.09351e-07 	 5.05322e-06 
2.615 	 1.04565e-07 	 4.84956e-06 
2.618 	 9.98644e-08 	 4.64788e-06 
2.620 	 9.52818e-08 	 4.44979e-06 
2.622 	 9.08424e-08 	 4.25660e-06 
2.624 	 8.65654e-08 	 4.06938e-06 
2.626 	 8.24651e-08 	 3.88893e-06 
2.628 	 7.85510e-08 	 3.71584e-06 
2.630 	 7.48287e-08 	 3.55053e-06 
2.632 	 7.13006e-08 	 3.39325e-06 
2.634 	 6.79664e-08 	 3.24410e-06 
2.636 	 6.48235e-08 	 3.10310e-06 
2.638 	 6.18678e-08 	 2.97014e-06 
2.640 	 5.90933e-08 	 2.84506e-06 
2.642 	 5.64935e-08 	 2.72763e-06 
2.644 	 5.40605e-08 	 2.61756e-06 
2.646 	 5.17859e-08 	 2.51452e-06 
2.648 	 4.96606e-08 	 2.41815e-06 
2.650 	 4.76750e-08 	 2.32804e-06 
2.652 	 4.58189e-08 	 2.24375e-06 
2.654 	 4.40816e-08 	 2.16482e-06 
2.656 	 4.24522e-08 	 2.09074e-06 
2.658 	 4.09192e-08 	 2.02099e-06 
2.660 	 3.94712e-08 	 1.95505e-06 
2.662 	 3.80966e-08 	 1.89235e-06 
2.664 	 3.67841e-08 	 1.83236e-06 
2.666 	 3.55231e-08 	 1.77456e-06 
2.668 	 3.43038e-08 	 1.71848e-06 
2.670 	 3.31178e-08 	 1.66371e-06 
2.672 	 3.19581e-08 	 1.60990e-06 
2.674 	 3.08196e-08 	 1.55679e-06 
2.676 	 2.96990e-08 	 1.50424e-06 
2.678 	 2.85948e-08 	 1.45217e-06 
2.680 	 2.75069e-08 	 1.40059e-06 
2.682 	 2.64367e-08 	 1.34958e-06 
2.684 	 2.53865e-08 	 1.29927e-06 
2.686 	 2.43589e-08 	 1.24981e-06 
2.688 	 2.33569e-08 	 1.20137e-06 
2.690 	 2.23833e-08 	 1.15411e-06 
2.692 	 2.14405e-08 	 1.10817e-06 
2.694 	 2.05307e-08 	 1.06368e-06 
2.696 	 1.96553e-08 	 1.02073e-06 
2.698 	 1.88152e-08 	 9.79392e-07 
2.700 	 1.80109e-08 	 9.39703e-07 
