Energy [eV] EELS_b EELS_a 
2.500 	 1.03732e-05 	 1.18011e-04 
2.502 	 1.07038e-05 	 1.22140e-04 
2.504 	 1.10505e-05 	 1.26481e-04 
2.506 	 1.14144e-05 	 1.31050e-04 
2.508 	 1.17965e-05 	 1.35860e-04 
2.510 	 1.21978e-05 	 1.40927e-04 
2.512 	 1.26195e-05 	 1.46268e-04 
2.514 	 1.30629e-05 	 1.51901e-04 
2.516 	 1.35292e-05 	 1.57845e-04 
2.519 	 1.40199e-05 	 1.64119e-04 
2.521 	 1.45365e-05 	 1.70745e-04 
2.523 	 1.50804e-05 	 1.77745e-04 
2.525 	 1.56532e-05 	 1.85144e-04 
2.527 	 1.62567e-05 	 1.92966e-04 
2.529 	 1.68926e-05 	 2.01238e-04 
2.531 	 1.75626e-05 	 2.09986e-04 
2.533 	 1.82687e-05 	 2.19239e-04 
2.535 	 1.90126e-05 	 2.29025e-04 
2.537 	 1.97962e-05 	 2.39373e-04 
2.539 	 2.06214e-05 	 2.50313e-04 
2.541 	 2.14899e-05 	 2.61872e-04 
2.543 	 2.24033e-05 	 2.74076e-04 
2.545 	 2.33630e-05 	 2.86950e-04 
2.547 	 2.43703e-05 	 3.00514e-04 
2.549 	 2.54258e-05 	 3.14783e-04 
2.551 	 2.65301e-05 	 3.29765e-04 
2.553 	 2.76827e-05 	 3.45460e-04 
2.555 	 2.88826e-05 	 3.61853e-04 
2.557 	 3.01279e-05 	 3.78919e-04 
2.559 	 3.14154e-05 	 3.96612e-04 
2.561 	 3.27407e-05 	 4.14866e-04 
2.563 	 3.40977e-05 	 4.33590e-04 
2.565 	 3.54787e-05 	 4.52664e-04 
2.567 	 3.68738e-05 	 4.71937e-04 
2.569 	 3.82712e-05 	 4.91226e-04 
2.571 	 3.96567e-05 	 5.10309e-04 
2.573 	 4.10141e-05 	 5.28935e-04 
2.575 	 4.23249e-05 	 5.46818e-04 
2.577 	 4.35690e-05 	 5.63647e-04 
2.579 	 4.47248e-05 	 5.79097e-04 
2.581 	 4.57703e-05 	 5.92836e-04 
2.583 	 4.66834e-05 	 6.04543e-04 
2.585 	 4.74431e-05 	 6.13924e-04 
2.587 	 4.80308e-05 	 6.20730e-04 
2.589 	 4.84309e-05 	 6.24770e-04 
2.591 	 4.86318e-05 	 6.25927e-04 
2.593 	 4.86269e-05 	 6.24162e-04 
2.595 	 4.84148e-05 	 6.19523e-04 
2.597 	 4.79995e-05 	 6.12137e-04 
2.599 	 4.73901e-05 	 6.02203e-04 
2.601 	 4.66006e-05 	 5.89980e-04 
2.603 	 4.56485e-05 	 5.75770e-04 
2.605 	 4.45544e-05 	 5.59902e-04 
2.607 	 4.33405e-05 	 5.42713e-04 
2.609 	 4.20301e-05 	 5.24538e-04 
2.611 	 4.06461e-05 	 5.05694e-04 
2.613 	 3.92107e-05 	 4.86473e-04 
2.615 	 3.77445e-05 	 4.67134e-04 
2.618 	 3.62661e-05 	 4.47904e-04 
2.620 	 3.47919e-05 	 4.28973e-04 
2.622 	 3.33360e-05 	 4.10496e-04 
2.624 	 3.19101e-05 	 3.92599e-04 
2.626 	 3.05239e-05 	 3.75374e-04 
2.628 	 2.91847e-05 	 3.58893e-04 
2.630 	 2.78982e-05 	 3.43202e-04 
2.632 	 2.66684e-05 	 3.28330e-04 
2.634 	 2.54980e-05 	 3.14291e-04 
2.636 	 2.43884e-05 	 3.01084e-04 
2.638 	 2.33400e-05 	 2.88700e-04 
2.640 	 2.23523e-05 	 2.77121e-04 
2.642 	 2.14244e-05 	 2.66322e-04 
2.644 	 2.05544e-05 	 2.56271e-04 
2.646 	 1.97403e-05 	 2.46933e-04 
2.648 	 1.89794e-05 	 2.38268e-04 
2.650 	 1.82687e-05 	 2.30231e-04 
2.652 	 1.76050e-05 	 2.22774e-04 
2.654 	 1.69846e-05 	 2.15844e-04 
2.656 	 1.64036e-05 	 2.09385e-04 
2.658 	 1.58578e-05 	 2.03337e-04 
2.660 	 1.53430e-05 	 1.97640e-04 
2.662 	 1.48548e-05 	 1.92230e-04 
2.664 	 1.43886e-05 	 1.87043e-04 
2.666 	 1.39404e-05 	 1.82020e-04 
2.668 	 1.35062e-05 	 1.77105e-04 
2.670 	 1.30825e-05 	 1.72248e-04 
2.672 	 1.26665e-05 	 1.67411e-04 
2.674 	 1.22559e-05 	 1.62565e-04 
2.676 	 1.18494e-05 	 1.57692e-04 
2.678 	 1.14462e-05 	 1.52786e-04 
2.680 	 1.10464e-05 	 1.47852e-04 
2.682 	 1.06505e-05 	 1.42902e-04 
2.684 	 1.02594e-05 	 1.37957e-04 
2.686 	 9.87442e-06 	 1.33039e-04 
2.688 	 9.49680e-06 	 1.28173e-04 
2.690 	 9.12786e-06 	 1.23383e-04 
2.692 	 8.76880e-06 	 1.18691e-04 
2.694 	 8.42063e-06 	 1.14115e-04 
2.696 	 8.08418e-06 	 1.09673e-04 
2.698 	 7.76001e-06 	 1.05376e-04 
2.700 	 7.44852e-06 	 1.01233e-04 
