Energy [eV] EELS_b EELS_a 
2.500 	 4.30234e-05 	 2.43351e-04 
2.502 	 4.43734e-05 	 2.51566e-04 
2.504 	 4.57871e-05 	 2.60190e-04 
2.506 	 4.72680e-05 	 2.69251e-04 
2.508 	 4.88202e-05 	 2.78776e-04 
2.510 	 5.04477e-05 	 2.88793e-04 
2.512 	 5.21548e-05 	 2.99334e-04 
2.514 	 5.39462e-05 	 3.10432e-04 
2.516 	 5.58268e-05 	 3.22124e-04 
2.519 	 5.78015e-05 	 3.34445e-04 
2.521 	 5.98758e-05 	 3.47438e-04 
2.523 	 6.20553e-05 	 3.61145e-04 
2.525 	 6.43458e-05 	 3.75610e-04 
2.527 	 6.67535e-05 	 3.90883e-04 
2.529 	 6.92845e-05 	 4.07013e-04 
2.531 	 7.19454e-05 	 4.24054e-04 
2.533 	 7.47427e-05 	 4.42060e-04 
2.535 	 7.76830e-05 	 4.61091e-04 
2.537 	 8.07731e-05 	 4.81204e-04 
2.539 	 8.40193e-05 	 5.02462e-04 
2.541 	 8.74280e-05 	 5.24925e-04 
2.543 	 9.10051e-05 	 5.48655e-04 
2.545 	 9.47556e-05 	 5.73712e-04 
2.547 	 9.86840e-05 	 6.00153e-04 
2.549 	 1.02793e-04 	 6.28029e-04 
2.551 	 1.07086e-04 	 6.57386e-04 
2.553 	 1.11560e-04 	 6.88257e-04 
2.555 	 1.16214e-04 	 7.20663e-04 
2.557 	 1.21043e-04 	 7.54604e-04 
2.559 	 1.26036e-04 	 7.90059e-04 
2.561 	 1.31180e-04 	 8.26975e-04 
2.563 	 1.36457e-04 	 8.65264e-04 
2.565 	 1.41843e-04 	 9.04793e-04 
2.567 	 1.47306e-04 	 9.45376e-04 
2.569 	 1.52808e-04 	 9.86768e-04 
2.571 	 1.58305e-04 	 1.02866e-03 
2.573 	 1.63742e-04 	 1.07066e-03 
2.575 	 1.69058e-04 	 1.11230e-03 
2.577 	 1.74184e-04 	 1.15305e-03 
2.579 	 1.79044e-04 	 1.19229e-03 
2.581 	 1.83557e-04 	 1.22933e-03 
2.583 	 1.87639e-04 	 1.26346e-03 
2.585 	 1.91208e-04 	 1.29394e-03 
2.587 	 1.94184e-04 	 1.32003e-03 
2.589 	 1.96495e-04 	 1.34107e-03 
2.591 	 1.98080e-04 	 1.35648e-03 
2.593 	 1.98896e-04 	 1.36580e-03 
2.595 	 1.98914e-04 	 1.36875e-03 
2.597 	 1.98128e-04 	 1.36524e-03 
2.599 	 1.96553e-04 	 1.35535e-03 
2.601 	 1.94224e-04 	 1.33939e-03 
2.603 	 1.91192e-04 	 1.31779e-03 
2.605 	 1.87525e-04 	 1.29117e-03 
2.607 	 1.83302e-04 	 1.26020e-03 
2.609 	 1.78610e-04 	 1.22564e-03 
2.611 	 1.73537e-04 	 1.18827e-03 
2.613 	 1.68172e-04 	 1.14883e-03 
2.615 	 1.62601e-04 	 1.10803e-03 
2.618 	 1.56902e-04 	 1.06653e-03 
2.620 	 1.51148e-04 	 1.02489e-03 
2.622 	 1.45401e-04 	 9.83610e-04 
2.624 	 1.39718e-04 	 9.43096e-04 
2.626 	 1.34142e-04 	 9.03680e-04 
2.628 	 1.28713e-04 	 8.65622e-04 
2.630 	 1.23460e-04 	 8.29118e-04 
2.632 	 1.18405e-04 	 7.94307e-04 
2.634 	 1.13566e-04 	 7.61282e-04 
2.636 	 1.08953e-04 	 7.30095e-04 
2.638 	 1.04574e-04 	 7.00765e-04 
2.640 	 1.00432e-04 	 6.73283e-04 
2.642 	 9.65244e-05 	 6.47617e-04 
2.644 	 9.28490e-05 	 6.23714e-04 
2.646 	 8.93991e-05 	 6.01506e-04 
2.648 	 8.61663e-05 	 5.80910e-04 
2.650 	 8.31399e-05 	 5.61829e-04 
2.652 	 8.03075e-05 	 5.44152e-04 
2.654 	 7.76548e-05 	 5.27756e-04 
2.656 	 7.51658e-05 	 5.12509e-04 
2.658 	 7.28233e-05 	 4.98264e-04 
2.660 	 7.06088e-05 	 4.84869e-04 
2.662 	 6.85031e-05 	 4.72167e-04 
2.664 	 6.64869e-05 	 4.59998e-04 
2.666 	 6.45412e-05 	 4.48208e-04 
2.668 	 6.26485e-05 	 4.36652e-04 
2.670 	 6.07931e-05 	 4.25204e-04 
2.672 	 5.89619e-05 	 4.13760e-04 
2.674 	 5.71453e-05 	 4.02242e-04 
2.676 	 5.53369e-05 	 3.90604e-04 
2.678 	 5.35339e-05 	 3.78827e-04 
2.680 	 5.17367e-05 	 3.66922e-04 
2.682 	 4.99484e-05 	 3.54921e-04 
2.684 	 4.81740e-05 	 3.42874e-04 
2.686 	 4.64200e-05 	 3.30841e-04 
2.688 	 4.46932e-05 	 3.18888e-04 
2.690 	 4.30004e-05 	 3.07080e-04 
2.692 	 4.13479e-05 	 2.95475e-04 
2.694 	 3.97411e-05 	 2.84126e-04 
2.696 	 3.81845e-05 	 2.73079e-04 
2.698 	 3.66814e-05 	 2.62366e-04 
2.700 	 3.52341e-05 	 2.52016e-04 
