Energy [eV] EELS_b EELS_a 
2.500 	 2.01753e-12 	 1.11258e-09 
2.502 	 2.06058e-12 	 1.14147e-09 
2.504 	 2.10561e-12 	 1.17170e-09 
2.506 	 2.15269e-12 	 1.20333e-09 
2.508 	 2.20194e-12 	 1.23643e-09 
2.510 	 2.25346e-12 	 1.27110e-09 
2.512 	 2.30737e-12 	 1.30741e-09 
2.514 	 2.36379e-12 	 1.34544e-09 
2.516 	 2.42282e-12 	 1.38530e-09 
2.519 	 2.48459e-12 	 1.42706e-09 
2.521 	 2.54923e-12 	 1.47084e-09 
2.523 	 2.61685e-12 	 1.51671e-09 
2.525 	 2.68759e-12 	 1.56479e-09 
2.527 	 2.76155e-12 	 1.61517e-09 
2.529 	 2.83885e-12 	 1.66795e-09 
2.531 	 2.91959e-12 	 1.72322e-09 
2.533 	 3.00388e-12 	 1.78108e-09 
2.535 	 3.09177e-12 	 1.84159e-09 
2.537 	 3.18334e-12 	 1.90484e-09 
2.539 	 3.27860e-12 	 1.97088e-09 
2.541 	 3.37755e-12 	 2.03974e-09 
2.543 	 3.48014e-12 	 2.11144e-09 
2.545 	 3.58625e-12 	 2.18595e-09 
2.547 	 3.69570e-12 	 2.26321e-09 
2.549 	 3.80826e-12 	 2.34310e-09 
2.551 	 3.92357e-12 	 2.42547e-09 
2.553 	 4.04117e-12 	 2.51006e-09 
2.555 	 4.16048e-12 	 2.59657e-09 
2.557 	 4.28080e-12 	 2.68457e-09 
2.559 	 4.40123e-12 	 2.77356e-09 
2.561 	 4.52074e-12 	 2.86290e-09 
2.563 	 4.63812e-12 	 2.95183e-09 
2.565 	 4.75197e-12 	 3.03949e-09 
2.567 	 4.86072e-12 	 3.12485e-09 
2.569 	 4.96265e-12 	 3.20677e-09 
2.571 	 5.05590e-12 	 3.28402e-09 
2.573 	 5.13855e-12 	 3.35526e-09 
2.575 	 5.20860e-12 	 3.41909e-09 
2.577 	 5.26414e-12 	 3.47413e-09 
2.579 	 5.30333e-12 	 3.51901e-09 
2.581 	 5.32458e-12 	 3.55246e-09 
2.583 	 5.32656e-12 	 3.57340e-09 
2.585 	 5.30833e-12 	 3.58095e-09 
2.587 	 5.26941e-12 	 3.57452e-09 
2.589 	 5.20980e-12 	 3.55384e-09 
2.591 	 5.13001e-12 	 3.51898e-09 
2.593 	 5.03107e-12 	 3.47037e-09 
2.595 	 4.91444e-12 	 3.40878e-09 
2.597 	 4.78200e-12 	 3.33526e-09 
2.599 	 4.63591e-12 	 3.25112e-09 
2.601 	 4.47853e-12 	 3.15785e-09 
2.603 	 4.31232e-12 	 3.05705e-09 
2.605 	 4.13972e-12 	 2.95035e-09 
2.607 	 3.96309e-12 	 2.83937e-09 
2.609 	 3.78463e-12 	 2.72565e-09 
2.611 	 3.60632e-12 	 2.61063e-09 
2.613 	 3.42989e-12 	 2.49558e-09 
2.615 	 3.25683e-12 	 2.38162e-09 
2.618 	 3.08835e-12 	 2.26970e-09 
2.620 	 2.92542e-12 	 2.16060e-09 
2.622 	 2.76877e-12 	 2.05494e-09 
2.624 	 2.61894e-12 	 1.95320e-09 
2.626 	 2.47626e-12 	 1.85573e-09 
2.628 	 2.34094e-12 	 1.76275e-09 
2.630 	 2.21303e-12 	 1.67441e-09 
2.632 	 2.09248e-12 	 1.59076e-09 
2.634 	 1.97918e-12 	 1.51177e-09 
2.636 	 1.87293e-12 	 1.43739e-09 
2.638 	 1.77347e-12 	 1.36751e-09 
2.640 	 1.68053e-12 	 1.30198e-09 
2.642 	 1.59380e-12 	 1.24062e-09 
2.644 	 1.51294e-12 	 1.18325e-09 
2.646 	 1.43761e-12 	 1.12966e-09 
2.648 	 1.36745e-12 	 1.07963e-09 
2.650 	 1.30211e-12 	 1.03292e-09 
2.652 	 1.24121e-12 	 9.89293e-10 
2.654 	 1.18438e-12 	 9.48499e-10 
2.656 	 1.13126e-12 	 9.10281e-10 
2.658 	 1.08147e-12 	 8.74379e-10 
2.660 	 1.03465e-12 	 8.40530e-10 
2.662 	 9.90442e-13 	 8.08476e-10 
2.664 	 9.48514e-13 	 7.77965e-10 
2.666 	 9.08550e-13 	 7.48761e-10 
2.668 	 8.70266e-13 	 7.20649e-10 
2.670 	 8.33420e-13 	 6.93444e-10 
2.672 	 7.97812e-13 	 6.66991e-10 
2.674 	 7.63290e-13 	 6.41176e-10 
2.676 	 7.29751e-13 	 6.15922e-10 
2.678 	 6.97134e-13 	 5.91188e-10 
2.680 	 6.65421e-13 	 5.66967e-10 
2.682 	 6.34619e-13 	 5.43277e-10 
2.684 	 6.04761e-13 	 5.20154e-10 
2.686 	 5.75886e-13 	 4.97646e-10 
2.688 	 5.48041e-13 	 4.75802e-10 
2.690 	 5.21265e-13 	 4.54671e-10 
2.692 	 4.95591e-13 	 4.34293e-10 
2.694 	 4.71041e-13 	 4.14700e-10 
2.696 	 4.47622e-13 	 3.95914e-10 
2.698 	 4.25332e-13 	 3.77944e-10 
2.700 	 4.04156e-13 	 3.60792e-10 
