Energy [eV] EELS_b EELS_a 
2.500 	 2.11971e-13 	 1.98943e-10 
2.502 	 2.13075e-13 	 2.01238e-10 
2.504 	 2.14296e-13 	 2.03667e-10 
2.506 	 2.15643e-13 	 2.06242e-10 
2.508 	 2.17122e-13 	 2.08970e-10 
2.510 	 2.18732e-13 	 2.11852e-10 
2.512 	 2.20482e-13 	 2.14900e-10 
2.514 	 2.22378e-13 	 2.18123e-10 
2.516 	 2.24423e-13 	 2.21529e-10 
2.519 	 2.26627e-13 	 2.25126e-10 
2.521 	 2.28996e-13 	 2.28929e-10 
2.523 	 2.31535e-13 	 2.32943e-10 
2.525 	 2.34255e-13 	 2.37183e-10 
2.527 	 2.37160e-13 	 2.41659e-10 
2.529 	 2.40264e-13 	 2.46386e-10 
2.531 	 2.43572e-13 	 2.51377e-10 
2.533 	 2.47096e-13 	 2.56647e-10 
2.535 	 2.50845e-13 	 2.62211e-10 
2.537 	 2.54833e-13 	 2.68087e-10 
2.539 	 2.59070e-13 	 2.74291e-10 
2.541 	 2.63564e-13 	 2.80839e-10 
2.543 	 2.68333e-13 	 2.87755e-10 
2.545 	 2.73388e-13 	 2.95055e-10 
2.547 	 2.78744e-13 	 3.02762e-10 
2.549 	 2.84414e-13 	 3.10898e-10 
2.551 	 2.90412e-13 	 3.19484e-10 
2.553 	 2.96754e-13 	 3.28543e-10 
2.555 	 3.03452e-13 	 3.38096e-10 
2.557 	 3.10523e-13 	 3.48169e-10 
2.559 	 3.17981e-13 	 3.58784e-10 
2.561 	 3.25835e-13 	 3.69957e-10 
2.563 	 3.34102e-13 	 3.81716e-10 
2.565 	 3.42790e-13 	 3.94074e-10 
2.567 	 3.51905e-13 	 4.07043e-10 
2.569 	 3.61450e-13 	 4.20633e-10 
2.571 	 3.71427e-13 	 4.34850e-10 
2.573 	 3.81832e-13 	 4.49689e-10 
2.575 	 3.92651e-13 	 4.65138e-10 
2.577 	 4.03864e-13 	 4.81170e-10 
2.579 	 4.15443e-13 	 4.97749e-10 
2.581 	 4.27348e-13 	 5.14821e-10 
2.583 	 4.39521e-13 	 5.32309e-10 
2.585 	 4.51897e-13 	 5.50122e-10 
2.587 	 4.64390e-13 	 5.68139e-10 
2.589 	 4.76894e-13 	 5.86216e-10 
2.591 	 4.89291e-13 	 6.04185e-10 
2.593 	 5.01436e-13 	 6.21844e-10 
2.595 	 5.13172e-13 	 6.38970e-10 
2.597 	 5.24319e-13 	 6.55316e-10 
2.599 	 5.34688e-13 	 6.70611e-10 
2.601 	 5.44078e-13 	 6.84578e-10 
2.603 	 5.52284e-13 	 6.96931e-10 
2.605 	 5.59105e-13 	 7.07390e-10 
2.607 	 5.64350e-13 	 7.15691e-10 
2.609 	 5.67845e-13 	 7.21597e-10 
2.611 	 5.69445e-13 	 7.24910e-10 
2.613 	 5.69036e-13 	 7.25480e-10 
2.615 	 5.66544e-13 	 7.23213e-10 
2.618 	 5.61940e-13 	 7.18083e-10 
2.620 	 5.55238e-13 	 7.10126e-10 
2.622 	 5.46497e-13 	 6.99446e-10 
2.624 	 5.35823e-13 	 6.86208e-10 
2.626 	 5.23358e-13 	 6.70633e-10 
2.628 	 5.09282e-13 	 6.52987e-10 
2.630 	 4.93802e-13 	 6.33570e-10 
2.632 	 4.77145e-13 	 6.12705e-10 
2.634 	 4.59555e-13 	 5.90724e-10 
2.636 	 4.41277e-13 	 5.67955e-10 
2.638 	 4.22559e-13 	 5.44716e-10 
2.640 	 4.03632e-13 	 5.21299e-10 
2.642 	 3.84717e-13 	 4.97972e-10 
2.644 	 3.66009e-13 	 4.74967e-10 
2.646 	 3.47678e-13 	 4.52482e-10 
2.648 	 3.29866e-13 	 4.30674e-10 
2.650 	 3.12688e-13 	 4.09672e-10 
2.652 	 2.96230e-13 	 3.89565e-10 
2.654 	 2.80552e-13 	 3.70414e-10 
2.656 	 2.65689e-13 	 3.52252e-10 
2.658 	 2.51657e-13 	 3.35087e-10 
2.660 	 2.38452e-13 	 3.18906e-10 
2.662 	 2.26056e-13 	 3.03684e-10 
2.664 	 2.14437e-13 	 2.89375e-10 
2.666 	 2.03555e-13 	 2.75928e-10 
2.668 	 1.93360e-13 	 2.63280e-10 
2.670 	 1.83801e-13 	 2.51367e-10 
2.672 	 1.74824e-13 	 2.40122e-10 
2.674 	 1.66372e-13 	 2.29479e-10 
2.676 	 1.58392e-13 	 2.19373e-10 
2.678 	 1.50835e-13 	 2.09749e-10 
2.680 	 1.43655e-13 	 2.00555e-10 
2.682 	 1.36814e-13 	 1.91749e-10 
2.684 	 1.30279e-13 	 1.83298e-10 
2.686 	 1.24026e-13 	 1.75177e-10 
2.688 	 1.18034e-13 	 1.67366e-10 
2.690 	 1.12288e-13 	 1.59852e-10 
2.692 	 1.06780e-13 	 1.52629e-10 
2.694 	 1.01502e-13 	 1.45691e-10 
2.696 	 9.64486e-14 	 1.39034e-10 
2.698 	 9.16164e-14 	 1.32656e-10 
2.700 	 8.70014e-14 	 1.26554e-10 
