Energy [eV] EELS_b EELS_a 
2.500 	 3.90269e-13 	 2.85793e-10 
2.502 	 3.94985e-13 	 2.90922e-10 
2.504 	 3.99979e-13 	 2.96312e-10 
2.506 	 4.05276e-13 	 3.01984e-10 
2.508 	 4.10874e-13 	 3.07941e-10 
2.510 	 4.16812e-13 	 3.14215e-10 
2.512 	 4.23074e-13 	 3.20805e-10 
2.514 	 4.29702e-13 	 3.27743e-10 
2.516 	 4.36714e-13 	 3.35045e-10 
2.519 	 4.44109e-13 	 3.42723e-10 
2.521 	 4.51912e-13 	 3.50801e-10 
2.523 	 4.60157e-13 	 3.59310e-10 
2.525 	 4.68851e-13 	 3.68263e-10 
2.527 	 4.78008e-13 	 3.77680e-10 
2.529 	 4.87686e-13 	 3.87608e-10 
2.531 	 4.97875e-13 	 3.98055e-10 
2.533 	 5.08614e-13 	 4.09059e-10 
2.535 	 5.19916e-13 	 4.20637e-10 
2.537 	 5.31823e-13 	 4.32831e-10 
2.539 	 5.44361e-13 	 4.45673e-10 
2.541 	 5.57560e-13 	 4.59198e-10 
2.543 	 5.71434e-13 	 4.73427e-10 
2.545 	 5.86008e-13 	 4.88393e-10 
2.547 	 6.01318e-13 	 5.04135e-10 
2.549 	 6.17384e-13 	 5.20681e-10 
2.551 	 6.34221e-13 	 5.38055e-10 
2.553 	 6.51849e-13 	 5.56286e-10 
2.555 	 6.70276e-13 	 5.75391e-10 
2.557 	 6.89509e-13 	 5.95386e-10 
2.559 	 7.09542e-13 	 6.16276e-10 
2.561 	 7.30359e-13 	 6.38055e-10 
2.563 	 7.51931e-13 	 6.60709e-10 
2.565 	 7.74216e-13 	 6.84204e-10 
2.567 	 7.97147e-13 	 7.08488e-10 
2.569 	 8.20640e-13 	 7.33487e-10 
2.571 	 8.44586e-13 	 7.59103e-10 
2.573 	 8.68845e-13 	 7.85207e-10 
2.575 	 8.93243e-13 	 8.11634e-10 
2.577 	 9.17576e-13 	 8.38187e-10 
2.579 	 9.41600e-13 	 8.64628e-10 
2.581 	 9.65032e-13 	 8.90675e-10 
2.583 	 9.87559e-13 	 9.16016e-10 
2.585 	 1.00883e-12 	 9.40293e-10 
2.587 	 1.02847e-12 	 9.63124e-10 
2.589 	 1.04607e-12 	 9.84098e-10 
2.591 	 1.06123e-12 	 1.00280e-09 
2.593 	 1.07357e-12 	 1.01881e-09 
2.595 	 1.08269e-12 	 1.03174e-09 
2.597 	 1.08826e-12 	 1.04122e-09 
2.599 	 1.09000e-12 	 1.04696e-09 
2.601 	 1.08769e-12 	 1.04872e-09 
2.603 	 1.08121e-12 	 1.04635e-09 
2.605 	 1.07053e-12 	 1.03980e-09 
2.607 	 1.05570e-12 	 1.02911e-09 
2.609 	 1.03690e-12 	 1.01441e-09 
2.611 	 1.01437e-12 	 9.95947e-10 
2.613 	 9.88441e-13 	 9.74014e-10 
2.615 	 9.59530e-13 	 9.49003e-10 
2.618 	 9.28081e-13 	 9.21331e-10 
2.620 	 8.94578e-13 	 8.91457e-10 
2.622 	 8.59520e-13 	 8.59855e-10 
2.624 	 8.23392e-13 	 8.26991e-10 
2.626 	 7.86670e-13 	 7.93320e-10 
2.628 	 7.49792e-13 	 7.59264e-10 
2.630 	 7.13144e-13 	 7.25202e-10 
2.632 	 6.77072e-13 	 6.91473e-10 
2.634 	 6.41866e-13 	 6.58365e-10 
2.636 	 6.07754e-13 	 6.26113e-10 
2.638 	 5.74923e-13 	 5.94909e-10 
2.640 	 5.43511e-13 	 5.64901e-10 
2.642 	 5.13602e-13 	 5.36188e-10 
2.644 	 4.85252e-13 	 5.08837e-10 
2.646 	 4.58476e-13 	 4.82879e-10 
2.648 	 4.33274e-13 	 4.58331e-10 
2.650 	 4.09614e-13 	 4.35175e-10 
2.652 	 3.87444e-13 	 4.13376e-10 
2.654 	 3.66710e-13 	 3.92894e-10 
2.656 	 3.47333e-13 	 3.73664e-10 
2.658 	 3.29232e-13 	 3.55618e-10 
2.660 	 3.12329e-13 	 3.38691e-10 
2.662 	 2.96521e-13 	 3.22791e-10 
2.664 	 2.81728e-13 	 3.07849e-10 
2.666 	 2.67852e-13 	 2.93776e-10 
2.668 	 2.54803e-13 	 2.80488e-10 
2.670 	 2.42499e-13 	 2.67916e-10 
2.672 	 2.30862e-13 	 2.55984e-10 
2.674 	 2.19821e-13 	 2.44629e-10 
2.676 	 2.09314e-13 	 2.33795e-10 
2.678 	 1.99290e-13 	 2.23432e-10 
2.680 	 1.89705e-13 	 2.13502e-10 
2.682 	 1.80525e-13 	 2.03974e-10 
2.684 	 1.71732e-13 	 1.94831e-10 
2.686 	 1.63305e-13 	 1.86055e-10 
2.688 	 1.55238e-13 	 1.77638e-10 
2.690 	 1.47517e-13 	 1.69570e-10 
2.692 	 1.40142e-13 	 1.61849e-10 
2.694 	 1.33107e-13 	 1.54470e-10 
2.696 	 1.26407e-13 	 1.47428e-10 
2.698 	 1.20031e-13 	 1.40712e-10 
2.700 	 1.13980e-13 	 1.34322e-10 
