Energy [eV] EELS_b EELS_a 
2.500 	 2.71118e-07 	 7.00312e-06 
2.502 	 2.79555e-07 	 7.23243e-06 
2.504 	 2.88408e-07 	 7.47302e-06 
2.506 	 2.97700e-07 	 7.72558e-06 
2.508 	 3.07459e-07 	 7.99080e-06 
2.510 	 3.17713e-07 	 8.26945e-06 
2.512 	 3.28491e-07 	 8.56231e-06 
2.514 	 3.39823e-07 	 8.87020e-06 
2.516 	 3.51744e-07 	 9.19402e-06 
2.519 	 3.64287e-07 	 9.53466e-06 
2.521 	 3.77488e-07 	 9.89309e-06 
2.523 	 3.91384e-07 	 1.02703e-05 
2.525 	 4.06015e-07 	 1.06673e-05 
2.527 	 4.21419e-07 	 1.10851e-05 
2.529 	 4.37637e-07 	 1.15248e-05 
2.531 	 4.54710e-07 	 1.19874e-05 
2.533 	 4.72678e-07 	 1.24740e-05 
2.535 	 4.91579e-07 	 1.29856e-05 
2.537 	 5.11452e-07 	 1.35232e-05 
2.539 	 5.32330e-07 	 1.40875e-05 
2.541 	 5.54243e-07 	 1.46793e-05 
2.543 	 5.77212e-07 	 1.52992e-05 
2.545 	 6.01252e-07 	 1.59474e-05 
2.547 	 6.26365e-07 	 1.66240e-05 
2.549 	 6.52538e-07 	 1.73285e-05 
2.551 	 6.79741e-07 	 1.80601e-05 
2.553 	 7.07921e-07 	 1.88173e-05 
2.555 	 7.36999e-07 	 1.95980e-05 
2.557 	 7.66862e-07 	 2.03992e-05 
2.559 	 7.97365e-07 	 2.12170e-05 
2.561 	 8.28316e-07 	 2.20466e-05 
2.563 	 8.59481e-07 	 2.28820e-05 
2.565 	 8.90576e-07 	 2.37157e-05 
2.567 	 9.21264e-07 	 2.45393e-05 
2.569 	 9.51159e-07 	 2.53430e-05 
2.571 	 9.79828e-07 	 2.61159e-05 
2.573 	 1.00680e-06 	 2.68461e-05 
2.575 	 1.03156e-06 	 2.75211e-05 
2.577 	 1.05360e-06 	 2.81279e-05 
2.579 	 1.07241e-06 	 2.86537e-05 
2.581 	 1.08750e-06 	 2.90866e-05 
2.583 	 1.09845e-06 	 2.94156e-05 
2.585 	 1.10491e-06 	 2.96320e-05 
2.587 	 1.10663e-06 	 2.97292e-05 
2.589 	 1.10349e-06 	 2.97035e-05 
2.591 	 1.09549e-06 	 2.95542e-05 
2.593 	 1.08276e-06 	 2.92840e-05 
2.595 	 1.06556e-06 	 2.88983e-05 
2.597 	 1.04427e-06 	 2.84056e-05 
2.599 	 1.01934e-06 	 2.78163e-05 
2.601 	 9.91294e-07 	 2.71426e-05 
2.603 	 9.60683e-07 	 2.63980e-05 
2.605 	 9.28076e-07 	 2.55962e-05 
2.607 	 8.94030e-07 	 2.47509e-05 
2.609 	 8.59066e-07 	 2.38753e-05 
2.611 	 8.23663e-07 	 2.29815e-05 
2.613 	 7.88246e-07 	 2.20806e-05 
2.615 	 7.53179e-07 	 2.11824e-05 
2.618 	 7.18769e-07 	 2.02952e-05 
2.620 	 6.85263e-07 	 1.94259e-05 
2.622 	 6.52855e-07 	 1.85802e-05 
2.624 	 6.21693e-07 	 1.77625e-05 
2.626 	 5.91880e-07 	 1.69762e-05 
2.628 	 5.63484e-07 	 1.62237e-05 
2.630 	 5.36541e-07 	 1.55064e-05 
2.632 	 5.11063e-07 	 1.48254e-05 
2.634 	 4.87043e-07 	 1.41809e-05 
2.636 	 4.64455e-07 	 1.35727e-05 
2.638 	 4.43263e-07 	 1.30003e-05 
2.640 	 4.23420e-07 	 1.24628e-05 
2.642 	 4.04869e-07 	 1.19591e-05 
2.644 	 3.87551e-07 	 1.14878e-05 
2.646 	 3.71399e-07 	 1.10475e-05 
2.648 	 3.56343e-07 	 1.06363e-05 
2.650 	 3.42310e-07 	 1.02525e-05 
2.652 	 3.29222e-07 	 9.89412e-06 
2.654 	 3.16999e-07 	 9.55894e-06 
2.656 	 3.05558e-07 	 9.24475e-06 
2.658 	 2.94815e-07 	 8.94916e-06 
2.660 	 2.84681e-07 	 8.66975e-06 
2.662 	 2.75072e-07 	 8.40402e-06 
2.664 	 2.65903e-07 	 8.14953e-06 
2.666 	 2.57094e-07 	 7.90393e-06 
2.668 	 2.48571e-07 	 7.66506e-06 
2.670 	 2.40272e-07 	 7.43103e-06 
2.672 	 2.32144e-07 	 7.20031e-06 
2.674 	 2.24148e-07 	 6.97177e-06 
2.676 	 2.16259e-07 	 6.74469e-06 
2.678 	 2.08467e-07 	 6.51881e-06 
2.680 	 2.00770e-07 	 6.29423e-06 
2.682 	 1.93180e-07 	 6.07134e-06 
2.684 	 1.85714e-07 	 5.85080e-06 
2.686 	 1.78392e-07 	 5.63337e-06 
2.688 	 1.71238e-07 	 5.41987e-06 
2.690 	 1.64274e-07 	 5.21110e-06 
2.692 	 1.57519e-07 	 5.00779e-06 
2.694 	 1.50990e-07 	 4.81054e-06 
2.696 	 1.44699e-07 	 4.61984e-06 
2.698 	 1.38654e-07 	 4.43606e-06 
2.700 	 1.32861e-07 	 4.25941e-06 
