Energy [eV] EELS_b EELS_a 
1.745 	 4.61655e-06 	 3.32179e-04 
1.749 	 4.78239e-06 	 3.45721e-04 
1.753 	 4.95874e-06 	 3.60110e-04 
1.757 	 5.14647e-06 	 3.75417e-04 
1.761 	 5.34655e-06 	 3.91720e-04 
1.765 	 5.56006e-06 	 4.09107e-04 
1.769 	 5.78816e-06 	 4.27675e-04 
1.774 	 6.03220e-06 	 4.47531e-04 
1.778 	 6.29364e-06 	 4.68796e-04 
1.782 	 6.57412e-06 	 4.91603e-04 
1.786 	 6.87549e-06 	 5.16104e-04 
1.790 	 7.19982e-06 	 5.42467e-04 
1.794 	 7.54941e-06 	 5.70882e-04 
1.798 	 7.92689e-06 	 6.01563e-04 
1.802 	 8.33521e-06 	 6.34751e-04 
1.806 	 8.77772e-06 	 6.70720e-04 
1.810 	 9.25821e-06 	 7.09781e-04 
1.814 	 9.78101e-06 	 7.52288e-04 
1.818 	 1.03510e-05 	 7.98647e-04 
1.822 	 1.09740e-05 	 8.49320e-04 
1.826 	 1.16563e-05 	 9.04838e-04 
1.830 	 1.24054e-05 	 9.65816e-04 
1.834 	 1.32300e-05 	 1.03296e-03 
1.838 	 1.41400e-05 	 1.10709e-03 
1.842 	 1.51469e-05 	 1.18916e-03 
1.846 	 1.62644e-05 	 1.28027e-03 
1.850 	 1.75079e-05 	 1.38172e-03 
1.854 	 1.88960e-05 	 1.49502e-03 
1.858 	 2.04499e-05 	 1.62194e-03 
1.862 	 2.21948e-05 	 1.76454e-03 
1.866 	 2.41600e-05 	 1.92525e-03 
1.870 	 2.63797e-05 	 2.10690e-03 
1.875 	 2.88935e-05 	 2.31277e-03 
1.879 	 3.17475e-05 	 2.54669e-03 
1.883 	 3.49939e-05 	 2.81298e-03 
1.887 	 3.86911e-05 	 3.11652e-03 
1.891 	 4.29025e-05 	 3.46260e-03 
1.895 	 4.76935e-05 	 3.85671e-03 
1.899 	 5.31253e-05 	 4.30403e-03 
1.903 	 5.92445e-05 	 4.80857e-03 
1.907 	 6.60656e-05 	 5.37175e-03 
1.911 	 7.35459e-05 	 5.99033e-03 
1.915 	 8.15501e-05 	 6.65348e-03 
1.919 	 8.98114e-05 	 7.33954e-03 
1.923 	 9.78988e-05 	 8.01325e-03 
1.927 	 1.05214e-04 	 8.62543e-03 
1.931 	 1.11046e-04 	 9.11737e-03 
1.935 	 1.14700e-04 	 9.43125e-03 
1.939 	 1.15672e-04 	 9.52489e-03 
1.943 	 1.13809e-04 	 9.38469e-03 
1.947 	 1.09362e-04 	 9.03034e-03 
1.951 	 1.02900e-04 	 8.50817e-03 
1.955 	 9.51460e-05 	 7.87733e-03 
1.959 	 8.67987e-05 	 7.19545e-03 
1.963 	 7.84240e-05 	 6.50938e-03 
1.967 	 7.04137e-05 	 5.85171e-03 
1.972 	 6.29989e-05 	 5.24185e-03 
1.976 	 5.62862e-05 	 4.68891e-03 
1.980 	 5.02983e-05 	 4.19502e-03 
1.984 	 4.50069e-05 	 3.75807e-03 
1.988 	 4.03569e-05 	 3.37368e-03 
1.992 	 3.62821e-05 	 3.03651e-03 
1.996 	 3.27143e-05 	 2.74104e-03 
2.000 	 2.95889e-05 	 2.48200e-03 
2.004 	 2.68470e-05 	 2.25458e-03 
2.008 	 2.44366e-05 	 2.05452e-03 
2.012 	 2.23122e-05 	 1.87809e-03 
2.016 	 2.04345e-05 	 1.72207e-03 
2.020 	 1.87701e-05 	 1.58370e-03 
2.024 	 1.72901e-05 	 1.46062e-03 
2.028 	 1.59702e-05 	 1.35082e-03 
2.032 	 1.47895e-05 	 1.25258e-03 
2.036 	 1.37301e-05 	 1.16442e-03 
2.040 	 1.27769e-05 	 1.08509e-03 
2.044 	 1.19167e-05 	 1.01352e-03 
2.048 	 1.11384e-05 	 9.48783e-04 
2.052 	 1.04324e-05 	 8.90078e-04 
2.056 	 9.79030e-06 	 8.36720e-04 
2.060 	 9.20495e-06 	 7.88116e-04 
2.064 	 8.67009e-06 	 7.43749e-04 
2.068 	 8.18028e-06 	 7.03170e-04 
2.073 	 7.73079e-06 	 6.65989e-04 
2.077 	 7.31744e-06 	 6.31863e-04 
2.081 	 6.93661e-06 	 6.00491e-04 
2.085 	 6.58508e-06 	 5.71612e-04 
2.089 	 6.26003e-06 	 5.44992e-04 
2.093 	 5.95895e-06 	 5.20428e-04 
2.097 	 5.67962e-06 	 4.97738e-04 
2.101 	 5.42008e-06 	 4.76763e-04 
2.105 	 5.17857e-06 	 4.57363e-04 
2.109 	 4.95352e-06 	 4.39411e-04 
2.113 	 4.74354e-06 	 4.22797e-04 
2.117 	 4.54737e-06 	 4.07423e-04 
2.121 	 4.36388e-06 	 3.93201e-04 
2.125 	 4.19205e-06 	 3.80056e-04 
2.129 	 4.03098e-06 	 3.67920e-04 
2.133 	 3.87984e-06 	 3.56734e-04 
2.137 	 3.73788e-06 	 3.46447e-04 
2.141 	 3.60444e-06 	 3.37015e-04 
2.145 	 3.47888e-06 	 3.28399e-04 
