Energy [eV] Ext Cross [um^2] Abs Cross [um^2] Sca Cross [um^2] 
2.480 	 1.07766e-01 	 8.22336e-03 	 9.95424e-02 
2.443 	 1.14092e-01 	 8.03981e-03 	 1.06052e-01 
2.407 	 1.19707e-01 	 7.86280e-03 	 1.11844e-01 
2.373 	 1.24623e-01 	 7.69160e-03 	 1.16932e-01 
2.339 	 1.28849e-01 	 7.52478e-03 	 1.21324e-01 
2.306 	 1.32391e-01 	 7.36084e-03 	 1.25030e-01 
2.274 	 1.35256e-01 	 7.19830e-03 	 1.28057e-01 
2.243 	 1.37452e-01 	 7.03565e-03 	 1.30416e-01 
2.213 	 1.38990e-01 	 6.87195e-03 	 1.32118e-01 
2.184 	 1.39884e-01 	 6.70613e-03 	 1.33178e-01 
2.155 	 1.40157e-01 	 6.53768e-03 	 1.33619e-01 
2.127 	 1.39834e-01 	 6.36630e-03 	 1.33468e-01 
2.100 	 1.38948e-01 	 6.19198e-03 	 1.32756e-01 
2.074 	 1.37539e-01 	 6.01495e-03 	 1.31524e-01 
2.048 	 1.35650e-01 	 5.83560e-03 	 1.29814e-01 
2.023 	 1.33329e-01 	 5.65457e-03 	 1.27675e-01 
1.998 	 1.30627e-01 	 5.47253e-03 	 1.25155e-01 
1.974 	 1.27597e-01 	 5.29025e-03 	 1.22306e-01 
1.951 	 1.24290e-01 	 5.10869e-03 	 1.19182e-01 
1.928 	 1.20760e-01 	 4.92856e-03 	 1.15832e-01 
1.905 	 1.17055e-01 	 4.75062e-03 	 1.12304e-01 
1.884 	 1.13222e-01 	 4.57570e-03 	 1.08646e-01 
1.862 	 1.09304e-01 	 4.40446e-03 	 1.04900e-01 
1.841 	 1.05341e-01 	 4.23744e-03 	 1.01103e-01 
1.821 	 1.01365e-01 	 4.07511e-03 	 9.72903e-02 
1.801 	 9.74089e-02 	 3.91785e-03 	 9.34911e-02 
1.782 	 9.34971e-02 	 3.76601e-03 	 8.97311e-02 
1.763 	 8.96517e-02 	 3.61978e-03 	 8.60319e-02 
1.744 	 8.58902e-02 	 3.47929e-03 	 8.24109e-02 
1.726 	 8.22270e-02 	 3.34460e-03 	 7.88824e-02 
1.708 	 7.86731e-02 	 3.21571e-03 	 7.54574e-02 
1.690 	 7.52367e-02 	 3.09259e-03 	 7.21441e-02 
1.673 	 7.19235e-02 	 2.97515e-03 	 6.89483e-02 
1.656 	 6.87371e-02 	 2.86326e-03 	 6.58738e-02 
1.640 	 6.56793e-02 	 2.75677e-03 	 6.29225e-02 
1.623 	 6.27504e-02 	 2.65550e-03 	 6.00949e-02 
1.608 	 5.99494e-02 	 2.55926e-03 	 5.73902e-02 
1.592 	 5.72746e-02 	 2.46785e-03 	 5.48067e-02 
1.577 	 5.47230e-02 	 2.38107e-03 	 5.23420e-02 
1.562 	 5.22915e-02 	 2.29870e-03 	 4.99928e-02 
1.547 	 4.99762e-02 	 2.22054e-03 	 4.77556e-02 
1.533 	 4.77731e-02 	 2.14637e-03 	 4.56267e-02 
1.519 	 4.56778e-02 	 2.07601e-03 	 4.36018e-02 
1.505 	 4.36859e-02 	 2.00924e-03 	 4.16767e-02 
1.491 	 4.17929e-02 	 1.94588e-03 	 3.98470e-02 
1.478 	 3.99943e-02 	 1.88574e-03 	 3.81086e-02 
1.464 	 3.82857e-02 	 1.82865e-03 	 3.64570e-02 
1.452 	 3.66626e-02 	 1.77443e-03 	 3.48882e-02 
1.439 	 3.51208e-02 	 1.72292e-03 	 3.33979e-02 
1.426 	 3.36562e-02 	 1.67398e-03 	 3.19822e-02 
1.414 	 3.22648e-02 	 1.62745e-03 	 3.06373e-02 
1.402 	 3.09427e-02 	 1.58321e-03 	 2.93595e-02 
1.390 	 2.96863e-02 	 1.54111e-03 	 2.81452e-02 
1.379 	 2.84920e-02 	 1.50104e-03 	 2.69910e-02 
1.367 	 2.73566e-02 	 1.46288e-03 	 2.58937e-02 
1.356 	 2.62769e-02 	 1.42653e-03 	 2.48504e-02 
1.345 	 2.52498e-02 	 1.39189e-03 	 2.38579e-02 
1.334 	 2.42725e-02 	 1.35885e-03 	 2.29137e-02 
1.323 	 2.33423e-02 	 1.32733e-03 	 2.20150e-02 
1.313 	 2.24566e-02 	 1.29724e-03 	 2.11594e-02 
1.302 	 2.16131e-02 	 1.26850e-03 	 2.03446e-02 
1.292 	 2.08094e-02 	 1.24105e-03 	 1.95683e-02 
1.282 	 2.00434e-02 	 1.21480e-03 	 1.88286e-02 
1.272 	 1.93130e-02 	 1.18970e-03 	 1.81233e-02 
1.262 	 1.86164e-02 	 1.16569e-03 	 1.74507e-02 
1.253 	 1.79517e-02 	 1.14269e-03 	 1.68090e-02 
1.243 	 1.73173e-02 	 1.12067e-03 	 1.61966e-02 
1.234 	 1.67115e-02 	 1.09956e-03 	 1.56120e-02 
1.225 	 1.61329e-02 	 1.07932e-03 	 1.50535e-02 
1.216 	 1.55799e-02 	 1.05991e-03 	 1.45200e-02 
1.207 	 1.50513e-02 	 1.04129e-03 	 1.40100e-02 
1.198 	 1.45458e-02 	 1.02341e-03 	 1.35224e-02 
1.189 	 1.40623e-02 	 1.00623e-03 	 1.30561e-02 
1.181 	 1.35995e-02 	 9.89721e-04 	 1.26098e-02 
1.172 	 1.31565e-02 	 9.73851e-04 	 1.21826e-02 
1.164 	 1.27322e-02 	 9.58586e-04 	 1.17736e-02 
1.156 	 1.23257e-02 	 9.43898e-04 	 1.13818e-02 
1.148 	 1.19361e-02 	 9.29759e-04 	 1.10063e-02 
1.140 	 1.15626e-02 	 9.16141e-04 	 1.06464e-02 
1.132 	 1.12044e-02 	 9.03021e-04 	 1.03013e-02 
1.124 	 1.08607e-02 	 8.90374e-04 	 9.97029e-03 
1.117 	 1.05308e-02 	 8.78179e-04 	 9.65263e-03 
1.109 	 1.02141e-02 	 8.66415e-04 	 9.34770e-03 
1.102 	 9.90996e-03 	 8.55063e-04 	 9.05490e-03 
1.094 	 9.61775e-03 	 8.44103e-04 	 8.77365e-03 
1.087 	 9.33692e-03 	 8.33519e-04 	 8.50340e-03 
1.080 	 9.06695e-03 	 8.23293e-04 	 8.24365e-03 
1.073 	 8.80731e-03 	 8.13410e-04 	 7.99390e-03 
1.066 	 8.55755e-03 	 8.03854e-04 	 7.75370e-03 
1.059 	 8.31721e-03 	 7.94612e-04 	 7.52260e-03 
1.052 	 8.08585e-03 	 7.85669e-04 	 7.30018e-03 
1.046 	 7.86309e-03 	 7.77014e-04 	 7.08607e-03 
1.039 	 7.64852e-03 	 7.68633e-04 	 6.87989e-03 
1.032 	 7.44179e-03 	 7.60517e-04 	 6.68128e-03 
1.026 	 7.24256e-03 	 7.52654e-04 	 6.48991e-03 
1.020 	 7.05049e-03 	 7.45034e-04 	 6.30546e-03 
1.013 	 6.86528e-03 	 7.37647e-04 	 6.12763e-03 
1.007 	 6.68662e-03 	 7.30483e-04 	 5.95614e-03 
1.001 	 6.51425e-03 	 7.23534e-04 	 5.79071e-03 
0.995 	 6.34788e-03 	 7.16791e-04 	 5.63109e-03 
0.989 	 6.18727e-03 	 7.10245e-04 	 5.47703e-03 
0.983 	 6.03218e-03 	 7.03890e-04 	 5.32829e-03 
0.977 	 5.88238e-03 	 6.97718e-04 	 5.18466e-03 
0.971 	 5.73765e-03 	 6.91721e-04 	 5.04593e-03 
0.966 	 5.59778e-03 	 6.85894e-04 	 4.91188e-03 
0.960 	 5.46257e-03 	 6.80230e-04 	 4.78234e-03 
0.955 	 5.33184e-03 	 6.74723e-04 	 4.65711e-03 
0.949 	 5.20540e-03 	 6.69367e-04 	 4.53603e-03 
0.944 	 5.08309e-03 	 6.64158e-04 	 4.41893e-03 
0.938 	 4.96474e-03 	 6.59089e-04 	 4.30565e-03 
0.933 	 4.85020e-03 	 6.54155e-04 	 4.19605e-03 
0.928 	 4.73932e-03 	 6.49352e-04 	 4.08996e-03 
0.922 	 4.63195e-03 	 6.44675e-04 	 3.98727e-03 
0.917 	 4.52796e-03 	 6.40119e-04 	 3.88784e-03 
0.912 	 4.42723e-03 	 6.35681e-04 	 3.79155e-03 
0.907 	 4.32962e-03 	 6.31356e-04 	 3.69826e-03 
0.902 	 4.23502e-03 	 6.27141e-04 	 3.60788e-03 
0.897 	 4.14332e-03 	 6.23032e-04 	 3.52029e-03 
0.892 	 4.05442e-03 	 6.19024e-04 	 3.43539e-03 
0.888 	 3.96819e-03 	 6.15116e-04 	 3.35308e-03 
0.883 	 3.88456e-03 	 6.11303e-04 	 3.27326e-03 
0.878 	 3.80342e-03 	 6.07583e-04 	 3.19584e-03 
0.873 	 3.72469e-03 	 6.03952e-04 	 3.12073e-03 
0.869 	 3.64827e-03 	 6.00408e-04 	 3.04786e-03 
0.864 	 3.57408e-03 	 5.96947e-04 	 2.97714e-03 
0.860 	 3.50205e-03 	 5.93568e-04 	 2.90849e-03 
0.855 	 3.43210e-03 	 5.90267e-04 	 2.84184e-03 
0.851 	 3.36416e-03 	 5.87042e-04 	 2.77711e-03 
0.847 	 3.29815e-03 	 5.83891e-04 	 2.71426e-03 
0.842 	 3.23401e-03 	 5.80811e-04 	 2.65320e-03 
0.838 	 3.17167e-03 	 5.77801e-04 	 2.59387e-03 
0.834 	 3.11108e-03 	 5.74857e-04 	 2.53622e-03 
0.829 	 3.05217e-03 	 5.71979e-04 	 2.48019e-03 
0.825 	 2.99488e-03 	 5.69165e-04 	 2.42572e-03 
0.821 	 2.93917e-03 	 5.66412e-04 	 2.37276e-03 
0.817 	 2.88498e-03 	 5.63718e-04 	 2.32127e-03 
0.813 	 2.83226e-03 	 5.61083e-04 	 2.27118e-03 
0.809 	 2.78096e-03 	 5.58504e-04 	 2.22246e-03 
0.805 	 2.73104e-03 	 5.55980e-04 	 2.17506e-03 
0.801 	 2.68244e-03 	 5.53508e-04 	 2.12893e-03 
0.797 	 2.63513e-03 	 5.51089e-04 	 2.08404e-03 
0.793 	 2.58907e-03 	 5.48719e-04 	 2.04035e-03 
0.790 	 2.54421e-03 	 5.46398e-04 	 1.99781e-03 
0.786 	 2.50051e-03 	 5.44125e-04 	 1.95639e-03 
0.782 	 2.45795e-03 	 5.41897e-04 	 1.91605e-03 
0.778 	 2.41648e-03 	 5.39713e-04 	 1.87677e-03 
0.775 	 2.37607e-03 	 5.37573e-04 	 1.83850e-03 
0.771 	 2.33669e-03 	 5.35476e-04 	 1.80121e-03 
0.768 	 2.29830e-03 	 5.33419e-04 	 1.76488e-03 
0.764 	 2.26088e-03 	 5.31403e-04 	 1.72948e-03 
0.760 	 2.22439e-03 	 5.29425e-04 	 1.69497e-03 
0.757 	 2.18881e-03 	 5.27486e-04 	 1.66132e-03 
0.753 	 2.15411e-03 	 5.25583e-04 	 1.62853e-03 
0.750 	 2.12026e-03 	 5.23717e-04 	 1.59654e-03 
0.747 	 2.08724e-03 	 5.21886e-04 	 1.56535e-03 
0.743 	 2.05502e-03 	 5.20089e-04 	 1.53493e-03 
0.740 	 2.02358e-03 	 5.18326e-04 	 1.50525e-03 
0.737 	 1.99290e-03 	 5.16596e-04 	 1.47630e-03 
0.733 	 1.96295e-03 	 5.14897e-04 	 1.44805e-03 
0.730 	 1.93371e-03 	 5.13229e-04 	 1.42048e-03 
0.727 	 1.90517e-03 	 5.11592e-04 	 1.39358e-03 
0.724 	 1.87730e-03 	 5.09984e-04 	 1.36731e-03 
0.720 	 1.85008e-03 	 5.08404e-04 	 1.34167e-03 
0.717 	 1.82349e-03 	 5.06853e-04 	 1.31664e-03 
0.714 	 1.79752e-03 	 5.05328e-04 	 1.29219e-03 
0.711 	 1.77215e-03 	 5.03831e-04 	 1.26832e-03 
0.708 	 1.74736e-03 	 5.02359e-04 	 1.24500e-03 
0.705 	 1.72313e-03 	 5.00913e-04 	 1.22222e-03 
0.702 	 1.69946e-03 	 4.99492e-04 	 1.19997e-03 
0.699 	 1.67632e-03 	 4.98094e-04 	 1.17823e-03 
0.696 	 1.65370e-03 	 4.96721e-04 	 1.15698e-03 
0.693 	 1.63159e-03 	 4.95370e-04 	 1.13622e-03 
0.690 	 1.60997e-03 	 4.94042e-04 	 1.11592e-03 
0.687 	 1.58882e-03 	 4.92736e-04 	 1.09609e-03 
0.684 	 1.56815e-03 	 4.91452e-04 	 1.07669e-03 
0.682 	 1.54792e-03 	 4.90188e-04 	 1.05773e-03 
0.679 	 1.52814e-03 	 4.88946e-04 	 1.03919e-03 
0.676 	 1.50879e-03 	 4.87723e-04 	 1.02106e-03 
0.673 	 1.48985e-03 	 4.86520e-04 	 1.00333e-03 
0.671 	 1.47132e-03 	 4.85337e-04 	 9.85986e-04 
0.668 	 1.45319e-03 	 4.84172e-04 	 9.69018e-04 
0.665 	 1.43544e-03 	 4.83026e-04 	 9.52419e-04 
0.662 	 1.41807e-03 	 4.81898e-04 	 9.36177e-04 
0.660 	 1.40107e-03 	 4.80788e-04 	 9.20284e-04 
0.657 	 1.38443e-03 	 4.79694e-04 	 9.04731e-04 
0.655 	 1.36813e-03 	 4.78618e-04 	 8.89508e-04 
0.652 	 1.35217e-03 	 4.77559e-04 	 8.74608e-04 
0.649 	 1.33654e-03 	 4.76515e-04 	 8.60022e-04 
0.647 	 1.32123e-03 	 4.75488e-04 	 8.45742e-04 
0.644 	 1.30624e-03 	 4.74476e-04 	 8.31761e-04 
0.642 	 1.29155e-03 	 4.73479e-04 	 8.18070e-04 
0.639 	 1.27716e-03 	 4.72497e-04 	 8.04663e-04 
0.637 	 1.26306e-03 	 4.71530e-04 	 7.91533e-04 
0.634 	 1.24925e-03 	 4.70577e-04 	 7.78672e-04 
0.632 	 1.23571e-03 	 4.69638e-04 	 7.66074e-04 
0.629 	 1.22244e-03 	 4.68713e-04 	 7.53732e-04 
0.627 	 1.20944e-03 	 4.67801e-04 	 7.41641e-04 
0.625 	 1.19670e-03 	 4.66903e-04 	 7.29793e-04 
0.622 	 1.18420e-03 	 4.66017e-04 	 7.18184e-04 
0.620 	 1.17195e-03 	 4.65144e-04 	 7.06806e-04 
