Energy [eV] EELS_b EELS_a 
2.500 	 1.14855e-11 	 4.55818e-11 
2.502 	 1.17486e-11 	 4.66727e-11 
2.504 	 1.20239e-11 	 4.78142e-11 
2.506 	 1.23121e-11 	 4.90091e-11 
2.508 	 1.26138e-11 	 5.02602e-11 
2.510 	 1.29298e-11 	 5.15707e-11 
2.512 	 1.32608e-11 	 5.29436e-11 
2.514 	 1.36077e-11 	 5.43822e-11 
2.516 	 1.39711e-11 	 5.58899e-11 
2.519 	 1.43519e-11 	 5.74703e-11 
2.521 	 1.47511e-11 	 5.91269e-11 
2.523 	 1.51694e-11 	 6.08635e-11 
2.525 	 1.56077e-11 	 6.26838e-11 
2.527 	 1.60670e-11 	 6.45916e-11 
2.529 	 1.65480e-11 	 6.65904e-11 
2.531 	 1.70516e-11 	 6.86839e-11 
2.533 	 1.75785e-11 	 7.08754e-11 
2.535 	 1.81295e-11 	 7.31680e-11 
2.537 	 1.87051e-11 	 7.55643e-11 
2.539 	 1.93058e-11 	 7.80663e-11 
2.541 	 1.99318e-11 	 8.06752e-11 
2.543 	 2.05830e-11 	 8.33913e-11 
2.545 	 2.12592e-11 	 8.62136e-11 
2.547 	 2.19596e-11 	 8.91394e-11 
2.549 	 2.26830e-11 	 9.21640e-11 
2.551 	 2.34278e-11 	 9.52808e-11 
2.553 	 2.41913e-11 	 9.84798e-11 
2.555 	 2.49704e-11 	 1.01748e-10 
2.557 	 2.57610e-11 	 1.05070e-10 
2.559 	 2.65579e-11 	 1.08423e-10 
2.561 	 2.73549e-11 	 1.11783e-10 
2.563 	 2.81444e-11 	 1.15120e-10 
2.565 	 2.89179e-11 	 1.18397e-10 
2.567 	 2.96654e-11 	 1.21574e-10 
2.569 	 3.03756e-11 	 1.24605e-10 
2.571 	 3.10366e-11 	 1.27440e-10 
2.573 	 3.16352e-11 	 1.30025e-10 
2.575 	 3.21582e-11 	 1.32306e-10 
2.577 	 3.25922e-11 	 1.34225e-10 
2.579 	 3.29242e-11 	 1.35730e-10 
2.581 	 3.31427e-11 	 1.36770e-10 
2.583 	 3.32378e-11 	 1.37304e-10 
2.585 	 3.32019e-11 	 1.37300e-10 
2.587 	 3.30307e-11 	 1.36737e-10 
2.589 	 3.27229e-11 	 1.35609e-10 
2.591 	 3.22807e-11 	 1.33923e-10 
2.593 	 3.17101e-11 	 1.31701e-10 
2.595 	 3.10201e-11 	 1.28979e-10 
2.597 	 3.02224e-11 	 1.25804e-10 
2.599 	 2.93313e-11 	 1.22233e-10 
2.601 	 2.83621e-11 	 1.18329e-10 
2.603 	 2.73311e-11 	 1.14158e-10 
2.605 	 2.62547e-11 	 1.09789e-10 
2.607 	 2.51485e-11 	 1.05285e-10 
2.609 	 2.40274e-11 	 1.00707e-10 
2.611 	 2.29047e-11 	 9.61123e-11 
2.613 	 2.17919e-11 	 9.15484e-11 
2.615 	 2.06990e-11 	 8.70574e-11 
2.618 	 1.96342e-11 	 8.26739e-11 
2.620 	 1.86040e-11 	 7.84256e-11 
2.622 	 1.76133e-11 	 7.43339e-11 
2.624 	 1.66656e-11 	 7.04143e-11 
2.626 	 1.57633e-11 	 6.66773e-11 
2.628 	 1.49076e-11 	 6.31291e-11 
2.630 	 1.40991e-11 	 5.97722e-11 
2.632 	 1.33374e-11 	 5.66063e-11 
2.634 	 1.26217e-11 	 5.36287e-11 
2.636 	 1.19508e-11 	 5.08347e-11 
2.638 	 1.13232e-11 	 4.82184e-11 
2.640 	 1.07370e-11 	 4.57727e-11 
2.642 	 1.01902e-11 	 4.34896e-11 
2.644 	 9.68069e-12 	 4.13606e-11 
2.646 	 9.20628e-12 	 3.93770e-11 
2.648 	 8.76469e-12 	 3.75293e-11 
2.650 	 8.35359e-12 	 3.58082e-11 
2.652 	 7.97065e-12 	 3.42041e-11 
2.654 	 7.61348e-12 	 3.27071e-11 
2.656 	 7.27971e-12 	 3.13073e-11 
2.658 	 6.96697e-12 	 2.99950e-11 
2.660 	 6.67292e-12 	 2.87602e-11 
2.662 	 6.39526e-12 	 2.75933e-11 
2.664 	 6.13183e-12 	 2.64853e-11 
2.666 	 5.88060e-12 	 2.54275e-11 
2.668 	 5.63972e-12 	 2.44122e-11 
2.670 	 5.40764e-12 	 2.34327e-11 
2.672 	 5.18304e-12 	 2.24835e-11 
2.674 	 4.96496e-12 	 2.15604e-11 
2.676 	 4.75272e-12 	 2.06606e-11 
2.678 	 4.54596e-12 	 1.97827e-11 
2.680 	 4.34454e-12 	 1.89261e-11 
2.682 	 4.14856e-12 	 1.80913e-11 
2.684 	 3.95823e-12 	 1.72794e-11 
2.686 	 3.77386e-12 	 1.64917e-11 
2.688 	 3.59576e-12 	 1.57298e-11 
2.690 	 3.42424e-12 	 1.49950e-11 
2.692 	 3.25953e-12 	 1.42885e-11 
2.694 	 3.10181e-12 	 1.36111e-11 
2.696 	 2.95116e-12 	 1.29634e-11 
2.698 	 2.80759e-12 	 1.23455e-11 
2.700 	 2.67104e-12 	 1.17572e-11 
