Energy [eV] EELS_b EELS_a 
2.500 	 4.92291e-10 	 6.14491e-08 
2.502 	 5.04400e-10 	 6.32080e-08 
2.504 	 5.17063e-10 	 6.50498e-08 
2.506 	 5.30308e-10 	 6.69792e-08 
2.508 	 5.44168e-10 	 6.90011e-08 
2.510 	 5.58675e-10 	 7.11209e-08 
2.512 	 5.73863e-10 	 7.33440e-08 
2.514 	 5.89769e-10 	 7.56762e-08 
2.516 	 6.06429e-10 	 7.81234e-08 
2.519 	 6.23883e-10 	 8.06921e-08 
2.521 	 6.42170e-10 	 8.33888e-08 
2.523 	 6.61331e-10 	 8.62202e-08 
2.525 	 6.81407e-10 	 8.91932e-08 
2.527 	 7.02440e-10 	 9.23149e-08 
2.529 	 7.24471e-10 	 9.55925e-08 
2.531 	 7.47541e-10 	 9.90329e-08 
2.533 	 7.71688e-10 	 1.02643e-07 
2.535 	 7.96950e-10 	 1.06430e-07 
2.537 	 8.23357e-10 	 1.10399e-07 
2.539 	 8.50939e-10 	 1.14557e-07 
2.541 	 8.79713e-10 	 1.18907e-07 
2.543 	 9.09690e-10 	 1.23453e-07 
2.545 	 9.40869e-10 	 1.28197e-07 
2.547 	 9.73233e-10 	 1.33138e-07 
2.549 	 1.00675e-09 	 1.38272e-07 
2.551 	 1.04135e-09 	 1.43593e-07 
2.553 	 1.07697e-09 	 1.49090e-07 
2.555 	 1.11347e-09 	 1.54749e-07 
2.557 	 1.15071e-09 	 1.60548e-07 
2.559 	 1.18850e-09 	 1.66459e-07 
2.561 	 1.22660e-09 	 1.72449e-07 
2.563 	 1.26470e-09 	 1.78474e-07 
2.565 	 1.30248e-09 	 1.84484e-07 
2.567 	 1.33953e-09 	 1.90420e-07 
2.569 	 1.37539e-09 	 1.96211e-07 
2.571 	 1.40955e-09 	 2.01782e-07 
2.573 	 1.44146e-09 	 2.07047e-07 
2.575 	 1.47055e-09 	 2.11917e-07 
2.577 	 1.49620e-09 	 2.16298e-07 
2.579 	 1.51781e-09 	 2.20095e-07 
2.581 	 1.53481e-09 	 2.23220e-07 
2.583 	 1.54668e-09 	 2.25590e-07 
2.585 	 1.55297e-09 	 2.27133e-07 
2.587 	 1.55336e-09 	 2.27795e-07 
2.589 	 1.54763e-09 	 2.27541e-07 
2.591 	 1.53573e-09 	 2.26358e-07 
2.593 	 1.51774e-09 	 2.24255e-07 
2.595 	 1.49390e-09 	 2.21266e-07 
2.597 	 1.46460e-09 	 2.17445e-07 
2.599 	 1.43034e-09 	 2.12866e-07 
2.601 	 1.39173e-09 	 2.07615e-07 
2.603 	 1.34942e-09 	 2.01792e-07 
2.605 	 1.30414e-09 	 1.95501e-07 
2.607 	 1.25659e-09 	 1.88846e-07 
2.609 	 1.20746e-09 	 1.81931e-07 
2.611 	 1.15742e-09 	 1.74854e-07 
2.613 	 1.10707e-09 	 1.67702e-07 
2.615 	 1.05693e-09 	 1.60557e-07 
2.618 	 1.00747e-09 	 1.53485e-07 
2.620 	 9.59064e-10 	 1.46546e-07 
2.622 	 9.12037e-10 	 1.39786e-07 
2.624 	 8.66629e-10 	 1.33244e-07 
2.626 	 8.23023e-10 	 1.26947e-07 
2.628 	 7.81350e-10 	 1.20917e-07 
2.630 	 7.41690e-10 	 1.15167e-07 
2.632 	 7.04085e-10 	 1.09705e-07 
2.634 	 6.68545e-10 	 1.04535e-07 
2.636 	 6.35050e-10 	 9.96536e-08 
2.638 	 6.03560e-10 	 9.50582e-08 
2.640 	 5.74018e-10 	 9.07413e-08 
2.642 	 5.46352e-10 	 8.66938e-08 
2.644 	 5.20480e-10 	 8.29047e-08 
2.646 	 4.96312e-10 	 7.93619e-08 
2.648 	 4.73750e-10 	 7.60518e-08 
2.650 	 4.52692e-10 	 7.29599e-08 
2.652 	 4.33030e-10 	 7.00710e-08 
2.654 	 4.14654e-10 	 6.73687e-08 
2.656 	 3.97450e-10 	 6.48363e-08 
2.658 	 3.81302e-10 	 6.24563e-08 
2.660 	 3.66094e-10 	 6.02109e-08 
2.662 	 3.51710e-10 	 5.80824e-08 
2.664 	 3.38040e-10 	 5.60534e-08 
2.666 	 3.24978e-10 	 5.41073e-08 
2.668 	 3.12429e-10 	 5.22289e-08 
2.670 	 3.00310e-10 	 5.04050e-08 
2.672 	 2.88553e-10 	 4.86248e-08 
2.674 	 2.77104e-10 	 4.68799e-08 
2.676 	 2.65929e-10 	 4.51650e-08 
2.678 	 2.55007e-10 	 4.34772e-08 
2.680 	 2.44333e-10 	 4.18162e-08 
2.682 	 2.33912e-10 	 4.01838e-08 
2.684 	 2.23758e-10 	 3.85829e-08 
2.686 	 2.13890e-10 	 3.70175e-08 
2.688 	 2.04327e-10 	 3.54918e-08 
2.690 	 1.95087e-10 	 3.40098e-08 
2.692 	 1.86187e-10 	 3.25752e-08 
2.694 	 1.77640e-10 	 3.11909e-08 
2.696 	 1.69452e-10 	 2.98591e-08 
2.698 	 1.61628e-10 	 2.85812e-08 
2.700 	 1.54166e-10 	 2.73578e-08 
