Energy [eV] EELS_b EELS_a 
2.500 	 1.84454e-13 	 1.67345e-10 
2.502 	 1.85240e-13 	 1.68917e-10 
2.504 	 1.86132e-13 	 1.70596e-10 
2.506 	 1.87122e-13 	 1.72377e-10 
2.508 	 1.88224e-13 	 1.74272e-10 
2.510 	 1.89436e-13 	 1.76285e-10 
2.512 	 1.90771e-13 	 1.78426e-10 
2.514 	 1.92222e-13 	 1.80691e-10 
2.516 	 1.93798e-13 	 1.83091e-10 
2.519 	 1.95512e-13 	 1.85640e-10 
2.521 	 1.97361e-13 	 1.88338e-10 
2.523 	 1.99355e-13 	 1.91195e-10 
2.525 	 2.01497e-13 	 1.94217e-10 
2.527 	 2.03796e-13 	 1.97416e-10 
2.529 	 2.06258e-13 	 2.00799e-10 
2.531 	 2.08893e-13 	 2.04379e-10 
2.533 	 2.11710e-13 	 2.08165e-10 
2.535 	 2.14713e-13 	 2.12169e-10 
2.537 	 2.17916e-13 	 2.16403e-10 
2.539 	 2.21321e-13 	 2.20876e-10 
2.541 	 2.24948e-13 	 2.25610e-10 
2.543 	 2.28801e-13 	 2.30613e-10 
2.545 	 2.32892e-13 	 2.35901e-10 
2.547 	 2.37234e-13 	 2.41491e-10 
2.549 	 2.41838e-13 	 2.47400e-10 
2.551 	 2.46713e-13 	 2.53643e-10 
2.553 	 2.51876e-13 	 2.60240e-10 
2.555 	 2.57340e-13 	 2.67214e-10 
2.557 	 2.63111e-13 	 2.74574e-10 
2.559 	 2.69205e-13 	 2.82347e-10 
2.561 	 2.75631e-13 	 2.90549e-10 
2.563 	 2.82404e-13 	 2.99200e-10 
2.565 	 2.89527e-13 	 3.08319e-10 
2.567 	 2.97011e-13 	 3.17921e-10 
2.569 	 3.04859e-13 	 3.28023e-10 
2.571 	 3.13070e-13 	 3.38635e-10 
2.573 	 3.21644e-13 	 3.49767e-10 
2.575 	 3.30571e-13 	 3.61427e-10 
2.577 	 3.39836e-13 	 3.73610e-10 
2.579 	 3.49419e-13 	 3.86309e-10 
2.581 	 3.59280e-13 	 3.99498e-10 
2.583 	 3.69384e-13 	 4.13157e-10 
2.585 	 3.79664e-13 	 4.27230e-10 
2.587 	 3.90071e-13 	 4.41681e-10 
2.589 	 4.00505e-13 	 4.56418e-10 
2.591 	 4.10866e-13 	 4.71345e-10 
2.593 	 4.21034e-13 	 4.86347e-10 
2.595 	 4.30874e-13 	 5.01284e-10 
2.597 	 4.40234e-13 	 5.15995e-10 
2.599 	 4.48943e-13 	 5.30285e-10 
2.601 	 4.56826e-13 	 5.43953e-10 
2.603 	 4.63700e-13 	 5.56775e-10 
2.605 	 4.69377e-13 	 5.68510e-10 
2.607 	 4.73677e-13 	 5.78908e-10 
2.609 	 4.76451e-13 	 5.87745e-10 
2.611 	 4.77530e-13 	 5.94758e-10 
2.613 	 4.76826e-13 	 5.99765e-10 
2.615 	 4.74251e-13 	 6.02564e-10 
2.618 	 4.69768e-13 	 6.03013e-10 
2.620 	 4.63401e-13 	 6.01034e-10 
2.622 	 4.55206e-13 	 5.96583e-10 
2.624 	 4.45291e-13 	 5.89689e-10 
2.626 	 4.33806e-13 	 5.80438e-10 
2.628 	 4.20936e-13 	 5.68977e-10 
2.630 	 4.06894e-13 	 5.55504e-10 
2.632 	 3.91914e-13 	 5.40267e-10 
2.634 	 3.76235e-13 	 5.23542e-10 
2.636 	 3.60095e-13 	 5.05625e-10 
2.638 	 3.43721e-13 	 4.86823e-10 
2.640 	 3.27323e-13 	 4.67434e-10 
2.642 	 3.11087e-13 	 4.47739e-10 
2.644 	 2.95171e-13 	 4.27997e-10 
2.646 	 2.79710e-13 	 4.08436e-10 
2.648 	 2.64804e-13 	 3.89250e-10 
2.650 	 2.50534e-13 	 3.70596e-10 
2.652 	 2.36950e-13 	 3.52597e-10 
2.654 	 2.24085e-13 	 3.35345e-10 
2.656 	 2.11950e-13 	 3.18899e-10 
2.658 	 2.00544e-13 	 3.03294e-10 
2.660 	 1.89849e-13 	 2.88539e-10 
2.662 	 1.79837e-13 	 2.74625e-10 
2.664 	 1.70475e-13 	 2.61528e-10 
2.666 	 1.61721e-13 	 2.49209e-10 
2.668 	 1.53529e-13 	 2.37619e-10 
2.670 	 1.45851e-13 	 2.26705e-10 
2.672 	 1.38641e-13 	 2.16410e-10 
2.674 	 1.31850e-13 	 2.06674e-10 
2.676 	 1.25436e-13 	 1.97441e-10 
2.678 	 1.19358e-13 	 1.88657e-10 
2.680 	 1.13581e-13 	 1.80274e-10 
2.682 	 1.08074e-13 	 1.72255e-10 
2.684 	 1.02816e-13 	 1.64566e-10 
2.686 	 9.77860e-14 	 1.57182e-10 
2.688 	 9.29720e-14 	 1.50087e-10 
2.690 	 8.83631e-14 	 1.43267e-10 
2.692 	 8.39541e-14 	 1.36715e-10 
2.694 	 7.97395e-14 	 1.30428e-10 
2.696 	 7.57161e-14 	 1.24401e-10 
2.698 	 7.18798e-14 	 1.18631e-10 
2.700 	 6.82277e-14 	 1.13116e-10 
