Energy [eV] EELS_b EELS_a 
2.500 	 9.59505e-13 	 3.68119e-12 
2.502 	 9.76164e-13 	 3.74884e-12 
2.504 	 9.93655e-13 	 3.81982e-12 
2.506 	 1.01202e-12 	 3.89431e-12 
2.508 	 1.03131e-12 	 3.97248e-12 
2.510 	 1.05156e-12 	 4.05452e-12 
2.512 	 1.07282e-12 	 4.14062e-12 
2.514 	 1.09514e-12 	 4.23099e-12 
2.516 	 1.11858e-12 	 4.32585e-12 
2.519 	 1.14318e-12 	 4.42541e-12 
2.521 	 1.16900e-12 	 4.52990e-12 
2.523 	 1.19610e-12 	 4.63956e-12 
2.525 	 1.22454e-12 	 4.75465e-12 
2.527 	 1.25438e-12 	 4.87541e-12 
2.529 	 1.28567e-12 	 5.00208e-12 
2.531 	 1.31848e-12 	 5.13491e-12 
2.533 	 1.35286e-12 	 5.27416e-12 
2.535 	 1.38887e-12 	 5.42006e-12 
2.537 	 1.42656e-12 	 5.57286e-12 
2.539 	 1.46597e-12 	 5.73274e-12 
2.541 	 1.50715e-12 	 5.89989e-12 
2.543 	 1.55011e-12 	 6.07445e-12 
2.545 	 1.59488e-12 	 6.25650e-12 
2.547 	 1.64146e-12 	 6.44607e-12 
2.549 	 1.68981e-12 	 6.64311e-12 
2.551 	 1.73988e-12 	 6.84745e-12 
2.553 	 1.79159e-12 	 7.05881e-12 
2.555 	 1.84483e-12 	 7.27677e-12 
2.557 	 1.89942e-12 	 7.50072e-12 
2.559 	 1.95515e-12 	 7.72985e-12 
2.561 	 2.01173e-12 	 7.96313e-12 
2.563 	 2.06884e-12 	 8.19924e-12 
2.565 	 2.12604e-12 	 8.43660e-12 
2.567 	 2.18285e-12 	 8.67329e-12 
2.569 	 2.23868e-12 	 8.90708e-12 
2.571 	 2.29288e-12 	 9.13537e-12 
2.573 	 2.34472e-12 	 9.35528e-12 
2.575 	 2.39337e-12 	 9.56360e-12 
2.577 	 2.43798e-12 	 9.75686e-12 
2.579 	 2.47764e-12 	 9.93144e-12 
2.581 	 2.51143e-12 	 1.00836e-11 
2.583 	 2.53847e-12 	 1.02097e-11 
2.585 	 2.55790e-12 	 1.03063e-11 
2.587 	 2.56900e-12 	 1.03701e-11 
2.589 	 2.57115e-12 	 1.03986e-11 
2.591 	 2.56391e-12 	 1.03898e-11 
2.593 	 2.54705e-12 	 1.03423e-11 
2.595 	 2.52054e-12 	 1.02557e-11 
2.597 	 2.48458e-12 	 1.01306e-11 
2.599 	 2.43959e-12 	 9.96819e-12 
2.601 	 2.38619e-12 	 9.77074e-12 
2.603 	 2.32518e-12 	 9.54114e-12 
2.605 	 2.25750e-12 	 9.28290e-12 
2.607 	 2.18418e-12 	 9.00001e-12 
2.609 	 2.10630e-12 	 8.69672e-12 
2.611 	 2.02499e-12 	 8.37745e-12 
2.613 	 1.94131e-12 	 8.04658e-12 
2.615 	 1.85632e-12 	 7.70835e-12 
2.618 	 1.77095e-12 	 7.36671e-12 
2.620 	 1.68607e-12 	 7.02530e-12 
2.622 	 1.60242e-12 	 6.68732e-12 
2.624 	 1.52064e-12 	 6.35553e-12 
2.626 	 1.44126e-12 	 6.03226e-12 
2.628 	 1.36468e-12 	 5.71935e-12 
2.630 	 1.29121e-12 	 5.41825e-12 
2.632 	 1.22107e-12 	 5.13004e-12 
2.634 	 1.15440e-12 	 4.85541e-12 
2.636 	 1.09126e-12 	 4.59476e-12 
2.638 	 1.03166e-12 	 4.34827e-12 
2.640 	 9.75573e-13 	 4.11586e-12 
2.642 	 9.22904e-13 	 3.89729e-12 
2.644 	 8.73549e-13 	 3.69218e-12 
2.646 	 8.27374e-13 	 3.50005e-12 
2.648 	 7.84225e-13 	 3.32031e-12 
2.650 	 7.43938e-13 	 3.15232e-12 
2.652 	 7.06335e-13 	 2.99540e-12 
2.654 	 6.71235e-13 	 2.84880e-12 
2.656 	 6.38448e-13 	 2.71177e-12 
2.658 	 6.07785e-13 	 2.58354e-12 
2.660 	 5.79056e-13 	 2.46333e-12 
2.662 	 5.52072e-13 	 2.35038e-12 
2.664 	 5.26654e-13 	 2.24394e-12 
2.666 	 5.02627e-13 	 2.14329e-12 
2.668 	 4.79832e-13 	 2.04776e-12 
2.670 	 4.58124e-13 	 1.95674e-12 
2.672 	 4.37378e-13 	 1.86972e-12 
2.674 	 4.17490e-13 	 1.78625e-12 
2.676 	 3.98376e-13 	 1.70598e-12 
2.678 	 3.79974e-13 	 1.62865e-12 
2.680 	 3.62244e-13 	 1.55408e-12 
2.682 	 3.45160e-13 	 1.48216e-12 
2.684 	 3.28710e-13 	 1.41285e-12 
2.686 	 3.12890e-13 	 1.34613e-12 
2.688 	 2.97702e-13 	 1.28200e-12 
2.690 	 2.83148e-13 	 1.22050e-12 
2.692 	 2.69231e-13 	 1.16162e-12 
2.694 	 2.55950e-13 	 1.10537e-12 
2.696 	 2.43298e-13 	 1.05174e-12 
2.698 	 2.31268e-13 	 1.00070e-12 
2.700 	 2.19847e-13 	 9.52192e-13 
