Energy [eV] EELS_b EELS_a 
2.500 	 4.04006e-14 	 6.11441e-11 
2.502 	 4.05907e-14 	 6.17527e-11 
2.504 	 4.08036e-14 	 6.24007e-11 
2.506 	 4.10406e-14 	 6.30903e-11 
2.508 	 4.13025e-14 	 6.38234e-11 
2.510 	 4.15906e-14 	 6.46025e-11 
2.512 	 4.19054e-14 	 6.54293e-11 
2.514 	 4.22473e-14 	 6.63047e-11 
2.516 	 4.26194e-14 	 6.72342e-11 
2.519 	 4.30216e-14 	 6.82195e-11 
2.521 	 4.34549e-14 	 6.92617e-11 
2.523 	 4.39222e-14 	 7.03671e-11 
2.525 	 4.44228e-14 	 7.15353e-11 
2.527 	 4.49605e-14 	 7.27730e-11 
2.529 	 4.55356e-14 	 7.40820e-11 
2.531 	 4.61496e-14 	 7.54659e-11 
2.533 	 4.68049e-14 	 7.69299e-11 
2.535 	 4.75037e-14 	 7.84782e-11 
2.537 	 4.82463e-14 	 8.01135e-11 
2.539 	 4.90372e-14 	 8.18438e-11 
2.541 	 4.98765e-14 	 8.36709e-11 
2.543 	 5.07671e-14 	 8.56023e-11 
2.545 	 5.17116e-14 	 8.76426e-11 
2.547 	 5.27112e-14 	 8.97962e-11 
2.549 	 5.37698e-14 	 9.20715e-11 
2.551 	 5.48877e-14 	 9.44721e-11 
2.553 	 5.60675e-14 	 9.70037e-11 
2.555 	 5.73117e-14 	 9.96735e-11 
2.557 	 5.86211e-14 	 1.02486e-10 
2.559 	 5.99983e-14 	 1.05447e-10 
2.561 	 6.14433e-14 	 1.08561e-10 
2.563 	 6.29569e-14 	 1.11832e-10 
2.565 	 6.45389e-14 	 1.15265e-10 
2.567 	 6.61886e-14 	 1.18860e-10 
2.569 	 6.79037e-14 	 1.22619e-10 
2.571 	 6.96814e-14 	 1.26541e-10 
2.573 	 7.15160e-14 	 1.30619e-10 
2.575 	 7.34031e-14 	 1.34852e-10 
2.577 	 7.53334e-14 	 1.39227e-10 
2.579 	 7.72967e-14 	 1.43732e-10 
2.581 	 7.92813e-14 	 1.48348e-10 
2.583 	 8.12715e-14 	 1.53054e-10 
2.585 	 8.32493e-14 	 1.57821e-10 
2.587 	 8.51957e-14 	 1.62617e-10 
2.589 	 8.70871e-14 	 1.67401e-10 
2.591 	 8.88984e-14 	 1.72128e-10 
2.593 	 9.06022e-14 	 1.76746e-10 
2.595 	 9.21699e-14 	 1.81200e-10 
2.597 	 9.35713e-14 	 1.85427e-10 
2.599 	 9.47764e-14 	 1.89363e-10 
2.601 	 9.57555e-14 	 1.92938e-10 
2.603 	 9.64788e-14 	 1.96082e-10 
2.605 	 9.69214e-14 	 1.98725e-10 
2.607 	 9.70596e-14 	 2.00801e-10 
2.609 	 9.68737e-14 	 2.02244e-10 
2.611 	 9.63506e-14 	 2.02999e-10 
2.613 	 9.54815e-14 	 2.03021e-10 
2.615 	 9.42651e-14 	 2.02275e-10 
2.618 	 9.27078e-14 	 2.00744e-10 
2.620 	 9.08228e-14 	 1.98427e-10 
2.622 	 8.86317e-14 	 1.95345e-10 
2.624 	 8.61618e-14 	 1.91533e-10 
2.626 	 8.34475e-14 	 1.87049e-10 
2.628 	 8.05280e-14 	 1.81964e-10 
2.630 	 7.74450e-14 	 1.76364e-10 
2.632 	 7.42427e-14 	 1.70343e-10 
2.634 	 7.09645e-14 	 1.64000e-10 
2.636 	 6.76524e-14 	 1.57435e-10 
2.638 	 6.43448e-14 	 1.50742e-10 
2.640 	 6.10766e-14 	 1.44011e-10 
2.642 	 5.78778e-14 	 1.37321e-10 
2.644 	 5.47726e-14 	 1.30742e-10 
2.646 	 5.17813e-14 	 1.24330e-10 
2.648 	 4.89185e-14 	 1.18132e-10 
2.650 	 4.61937e-14 	 1.12181e-10 
2.652 	 4.36136e-14 	 1.06503e-10 
2.654 	 4.11799e-14 	 1.01111e-10 
2.656 	 3.88920e-14 	 9.60121e-11 
2.658 	 3.67471e-14 	 9.12067e-11 
2.660 	 3.47395e-14 	 8.66885e-11 
2.662 	 3.28627e-14 	 8.24466e-11 
2.664 	 3.11082e-14 	 7.84662e-11 
2.666 	 2.94677e-14 	 7.47307e-11 
2.668 	 2.79317e-14 	 7.12207e-11 
2.670 	 2.64913e-14 	 6.79166e-11 
2.672 	 2.51368e-14 	 6.47974e-11 
2.674 	 2.38602e-14 	 6.18442e-11 
2.676 	 2.26534e-14 	 5.90389e-11 
2.678 	 2.15092e-14 	 5.63644e-11 
2.680 	 2.04219e-14 	 5.38077e-11 
2.682 	 1.93869e-14 	 5.13581e-11 
2.684 	 1.83994e-14 	 4.90051e-11 
2.686 	 1.74576e-14 	 4.67449e-11 
2.688 	 1.65586e-14 	 4.45721e-11 
2.690 	 1.57008e-14 	 4.24842e-11 
2.692 	 1.48834e-14 	 4.04806e-11 
2.694 	 1.41051e-14 	 3.85604e-11 
2.696 	 1.33650e-14 	 3.67225e-11 
2.698 	 1.26624e-14 	 3.49674e-11 
2.700 	 1.19963e-14 	 3.32935e-11 
