Energy [eV] EELS_b EELS_a 
2.500 	 1.66863e-09 	 6.82671e-09 
2.502 	 1.71100e-09 	 7.00780e-09 
2.504 	 1.75528e-09 	 7.19716e-09 
2.506 	 1.80158e-09 	 7.39525e-09 
2.508 	 1.85001e-09 	 7.60253e-09 
2.510 	 1.90068e-09 	 7.81950e-09 
2.512 	 1.95370e-09 	 8.04668e-09 
2.514 	 2.00920e-09 	 8.28460e-09 
2.516 	 2.06731e-09 	 8.53383e-09 
2.519 	 2.12815e-09 	 8.79493e-09 
2.521 	 2.19186e-09 	 9.06852e-09 
2.523 	 2.25857e-09 	 9.35520e-09 
2.525 	 2.32843e-09 	 9.65559e-09 
2.527 	 2.40156e-09 	 9.97030e-09 
2.529 	 2.47811e-09 	 1.03000e-08 
2.531 	 2.55821e-09 	 1.06452e-08 
2.533 	 2.64197e-09 	 1.10065e-08 
2.535 	 2.72953e-09 	 1.13846e-08 
2.537 	 2.82097e-09 	 1.17797e-08 
2.539 	 2.91637e-09 	 1.21924e-08 
2.541 	 3.01579e-09 	 1.26229e-08 
2.543 	 3.11924e-09 	 1.30714e-08 
2.545 	 3.22670e-09 	 1.35378e-08 
2.547 	 3.33809e-09 	 1.40219e-08 
2.549 	 3.45326e-09 	 1.45231e-08 
2.551 	 3.57199e-09 	 1.50405e-08 
2.553 	 3.69398e-09 	 1.55729e-08 
2.555 	 3.81878e-09 	 1.61185e-08 
2.557 	 3.94587e-09 	 1.66751e-08 
2.559 	 4.07454e-09 	 1.72397e-08 
2.561 	 4.20396e-09 	 1.78089e-08 
2.563 	 4.33313e-09 	 1.83783e-08 
2.565 	 4.46084e-09 	 1.89429e-08 
2.567 	 4.58575e-09 	 1.94967e-08 
2.569 	 4.70630e-09 	 2.00332e-08 
2.571 	 4.82080e-09 	 2.05450e-08 
2.573 	 4.92741e-09 	 2.10241e-08 
2.575 	 5.02420e-09 	 2.14621e-08 
2.577 	 5.10920e-09 	 2.18502e-08 
2.579 	 5.18046e-09 	 2.21801e-08 
2.581 	 5.23614e-09 	 2.24433e-08 
2.583 	 5.27458e-09 	 2.26327e-08 
2.585 	 5.29440e-09 	 2.27419e-08 
2.587 	 5.29456e-09 	 2.27663e-08 
2.589 	 5.27448e-09 	 2.27029e-08 
2.591 	 5.23399e-09 	 2.25509e-08 
2.593 	 5.17346e-09 	 2.23117e-08 
2.595 	 5.09371e-09 	 2.19884e-08 
2.597 	 4.99603e-09 	 2.15866e-08 
2.599 	 4.88206e-09 	 2.11133e-08 
2.601 	 4.75378e-09 	 2.05768e-08 
2.603 	 4.61336e-09 	 1.99864e-08 
2.605 	 4.46308e-09 	 1.93521e-08 
2.607 	 4.30527e-09 	 1.86839e-08 
2.609 	 4.14215e-09 	 1.79914e-08 
2.611 	 3.97587e-09 	 1.72840e-08 
2.613 	 3.80838e-09 	 1.65700e-08 
2.615 	 3.64139e-09 	 1.58572e-08 
2.618 	 3.47644e-09 	 1.51520e-08 
2.620 	 3.31477e-09 	 1.44601e-08 
2.622 	 3.15744e-09 	 1.37860e-08 
2.624 	 3.00527e-09 	 1.31333e-08 
2.626 	 2.85888e-09 	 1.25050e-08 
2.628 	 2.71872e-09 	 1.19029e-08 
2.630 	 2.58510e-09 	 1.13284e-08 
2.632 	 2.45817e-09 	 1.07824e-08 
2.634 	 2.33799e-09 	 1.02652e-08 
2.636 	 2.22453e-09 	 9.77653e-09 
2.638 	 2.11768e-09 	 9.31615e-09 
2.640 	 2.01727e-09 	 8.88332e-09 
2.642 	 1.92308e-09 	 8.47717e-09 
2.644 	 1.83486e-09 	 8.09662e-09 
2.646 	 1.75232e-09 	 7.74049e-09 
2.648 	 1.67516e-09 	 7.40745e-09 
2.650 	 1.60303e-09 	 7.09610e-09 
2.652 	 1.53559e-09 	 6.80492e-09 
2.654 	 1.47248e-09 	 6.53235e-09 
2.656 	 1.41330e-09 	 6.27674e-09 
2.658 	 1.35768e-09 	 6.03641e-09 
2.660 	 1.30522e-09 	 5.80963e-09 
2.662 	 1.25553e-09 	 5.59470e-09 
2.664 	 1.20822e-09 	 5.38994e-09 
2.666 	 1.16294e-09 	 5.19377e-09 
2.668 	 1.11936e-09 	 5.00474e-09 
2.670 	 1.07720e-09 	 4.82159e-09 
2.672 	 1.03621e-09 	 4.64328e-09 
2.674 	 9.96217e-10 	 4.46901e-09 
2.676 	 9.57104e-10 	 4.29826e-09 
2.678 	 9.18804e-10 	 4.13075e-09 
2.680 	 8.81303e-10 	 3.96643e-09 
2.682 	 8.44626e-10 	 3.80543e-09 
2.684 	 8.08828e-10 	 3.64801e-09 
2.686 	 7.73980e-10 	 3.49452e-09 
2.688 	 7.40156e-10 	 3.34530e-09 
2.690 	 7.07430e-10 	 3.20071e-09 
2.692 	 6.75865e-10 	 3.06106e-09 
2.694 	 6.45509e-10 	 2.92658e-09 
2.696 	 6.16394e-10 	 2.79745e-09 
2.698 	 5.88539e-10 	 2.67375e-09 
2.700 	 5.61944e-10 	 2.55553e-09 
