Energy [eV] EELS_b EELS_a 
2.500 	 7.05084e-05 	 4.07911e-04 
2.502 	 7.27017e-05 	 4.21578e-04 
2.504 	 7.49967e-05 	 4.35922e-04 
2.506 	 7.73990e-05 	 4.50984e-04 
2.508 	 7.99147e-05 	 4.66809e-04 
2.510 	 8.25503e-05 	 4.83444e-04 
2.512 	 8.53123e-05 	 5.00942e-04 
2.514 	 8.82080e-05 	 5.19357e-04 
2.516 	 9.12449e-05 	 5.38747e-04 
2.519 	 9.44306e-05 	 5.59175e-04 
2.521 	 9.77736e-05 	 5.80707e-04 
2.523 	 1.01282e-04 	 6.03413e-04 
2.525 	 1.04966e-04 	 6.27370e-04 
2.527 	 1.08833e-04 	 6.52656e-04 
2.529 	 1.12893e-04 	 6.79356e-04 
2.531 	 1.17157e-04 	 7.07559e-04 
2.533 	 1.21633e-04 	 7.37359e-04 
2.535 	 1.26333e-04 	 7.68854e-04 
2.537 	 1.31265e-04 	 8.02147e-04 
2.539 	 1.36439e-04 	 8.37344e-04 
2.541 	 1.41866e-04 	 8.74553e-04 
2.543 	 1.47552e-04 	 9.13886e-04 
2.545 	 1.53507e-04 	 9.55454e-04 
2.547 	 1.59735e-04 	 9.99366e-04 
2.549 	 1.66242e-04 	 1.04573e-03 
2.551 	 1.73031e-04 	 1.09464e-03 
2.553 	 1.80100e-04 	 1.14619e-03 
2.555 	 1.87446e-04 	 1.20044e-03 
2.557 	 1.95060e-04 	 1.25746e-03 
2.559 	 2.02930e-04 	 1.31725e-03 
2.561 	 2.11036e-04 	 1.37981e-03 
2.563 	 2.19351e-04 	 1.44505e-03 
2.565 	 2.27843e-04 	 1.51287e-03 
2.567 	 2.36467e-04 	 1.58306e-03 
2.569 	 2.45170e-04 	 1.65534e-03 
2.571 	 2.53888e-04 	 1.72932e-03 
2.573 	 2.62546e-04 	 1.80449e-03 
2.575 	 2.71057e-04 	 1.88022e-03 
2.577 	 2.79323e-04 	 1.95574e-03 
2.579 	 2.87235e-04 	 2.03013e-03 
2.581 	 2.94675e-04 	 2.10233e-03 
2.583 	 3.01518e-04 	 2.17113e-03 
2.585 	 3.07640e-04 	 2.23526e-03 
2.587 	 3.12914e-04 	 2.29336e-03 
2.589 	 3.17221e-04 	 2.34405e-03 
2.591 	 3.20457e-04 	 2.38605e-03 
2.593 	 3.22533e-04 	 2.41817e-03 
2.595 	 3.23387e-04 	 2.43949e-03 
2.597 	 3.22983e-04 	 2.44931e-03 
2.599 	 3.21316e-04 	 2.44732e-03 
2.601 	 3.18416e-04 	 2.43356e-03 
2.603 	 3.14341e-04 	 2.40842e-03 
2.605 	 3.09180e-04 	 2.37266e-03 
2.607 	 3.03042e-04 	 2.32731e-03 
2.609 	 2.96056e-04 	 2.27364e-03 
2.611 	 2.88359e-04 	 2.21302e-03 
2.613 	 2.80095e-04 	 2.14692e-03 
2.615 	 2.71404e-04 	 2.07677e-03 
2.618 	 2.62421e-04 	 2.00395e-03 
2.620 	 2.53270e-04 	 1.92970e-03 
2.622 	 2.44064e-04 	 1.85514e-03 
2.624 	 2.34900e-04 	 1.78122e-03 
2.626 	 2.25863e-04 	 1.70874e-03 
2.628 	 2.17023e-04 	 1.63833e-03 
2.630 	 2.08435e-04 	 1.57049e-03 
2.632 	 2.00146e-04 	 1.50560e-03 
2.634 	 1.92188e-04 	 1.44392e-03 
2.636 	 1.84585e-04 	 1.38562e-03 
2.638 	 1.77353e-04 	 1.33079e-03 
2.640 	 1.70500e-04 	 1.27946e-03 
2.642 	 1.64029e-04 	 1.23160e-03 
2.644 	 1.57935e-04 	 1.18712e-03 
2.646 	 1.52210e-04 	 1.14592e-03 
2.648 	 1.46843e-04 	 1.10784e-03 
2.650 	 1.41816e-04 	 1.07270e-03 
2.652 	 1.37111e-04 	 1.04029e-03 
2.654 	 1.32703e-04 	 1.01037e-03 
2.656 	 1.28567e-04 	 9.82670e-04 
2.658 	 1.24673e-04 	 9.56905e-04 
2.660 	 1.20991e-04 	 9.32764e-04 
2.662 	 1.17488e-04 	 9.09926e-04 
2.664 	 1.14131e-04 	 8.88063e-04 
2.666 	 1.10887e-04 	 8.66857e-04 
2.668 	 1.07726e-04 	 8.46009e-04 
2.670 	 1.04622e-04 	 8.25252e-04 
2.672 	 1.01550e-04 	 8.04368e-04 
2.674 	 9.84951e-05 	 7.83192e-04 
2.676 	 9.54454e-05 	 7.61622e-04 
2.678 	 9.23963e-05 	 7.39619e-04 
2.680 	 8.93487e-05 	 7.17202e-04 
2.682 	 8.63083e-05 	 6.94438e-04 
2.684 	 8.32842e-05 	 6.71434e-04 
2.686 	 8.02880e-05 	 6.48318e-04 
2.688 	 7.73323e-05 	 6.25231e-04 
2.690 	 7.44295e-05 	 6.02313e-04 
2.692 	 7.15911e-05 	 5.79695e-04 
2.694 	 6.88273e-05 	 5.57494e-04 
2.696 	 6.61464e-05 	 5.35809e-04 
2.698 	 6.35547e-05 	 5.14721e-04 
2.700 	 6.10567e-05 	 4.94291e-04 
