Energy [eV] EELS_b EELS_a 
2.500 	 7.38569e-10 	 8.26194e-08 
2.502 	 7.56902e-10 	 8.49967e-08 
2.504 	 7.76070e-10 	 8.74859e-08 
2.506 	 7.96116e-10 	 9.00935e-08 
2.508 	 8.17089e-10 	 9.28260e-08 
2.510 	 8.39037e-10 	 9.56906e-08 
2.512 	 8.62012e-10 	 9.86947e-08 
2.514 	 8.86067e-10 	 1.01846e-07 
2.516 	 9.11259e-10 	 1.05153e-07 
2.519 	 9.37645e-10 	 1.08623e-07 
2.521 	 9.65284e-10 	 1.12267e-07 
2.523 	 9.94237e-10 	 1.16092e-07 
2.525 	 1.02457e-09 	 1.20108e-07 
2.527 	 1.05633e-09 	 1.24325e-07 
2.529 	 1.08960e-09 	 1.28752e-07 
2.531 	 1.12442e-09 	 1.33399e-07 
2.533 	 1.16086e-09 	 1.38274e-07 
2.535 	 1.19897e-09 	 1.43388e-07 
2.537 	 1.23879e-09 	 1.48748e-07 
2.539 	 1.28037e-09 	 1.54362e-07 
2.541 	 1.32373e-09 	 1.60236e-07 
2.543 	 1.36889e-09 	 1.66373e-07 
2.545 	 1.41584e-09 	 1.72777e-07 
2.547 	 1.46455e-09 	 1.79446e-07 
2.549 	 1.51497e-09 	 1.86376e-07 
2.551 	 1.56700e-09 	 1.93558e-07 
2.553 	 1.62052e-09 	 2.00977e-07 
2.555 	 1.67535e-09 	 2.08614e-07 
2.557 	 1.73126e-09 	 2.16439e-07 
2.559 	 1.78796e-09 	 2.24417e-07 
2.561 	 1.84508e-09 	 2.32500e-07 
2.563 	 1.90219e-09 	 2.40633e-07 
2.565 	 1.95877e-09 	 2.48746e-07 
2.567 	 2.01421e-09 	 2.56760e-07 
2.569 	 2.06785e-09 	 2.64581e-07 
2.571 	 2.11891e-09 	 2.72108e-07 
2.573 	 2.16660e-09 	 2.79226e-07 
2.575 	 2.21003e-09 	 2.85814e-07 
2.577 	 2.24831e-09 	 2.91748e-07 
2.579 	 2.28056e-09 	 2.96902e-07 
2.581 	 2.30593e-09 	 3.01154e-07 
2.583 	 2.32365e-09 	 3.04393e-07 
2.585 	 2.33308e-09 	 3.06525e-07 
2.587 	 2.33372e-09 	 3.07476e-07 
2.589 	 2.32529e-09 	 3.07197e-07 
2.591 	 2.30767e-09 	 3.05671e-07 
2.593 	 2.28102e-09 	 3.02909e-07 
2.595 	 2.24569e-09 	 2.98954e-07 
2.597 	 2.20225e-09 	 2.93879e-07 
2.599 	 2.15143e-09 	 2.87781e-07 
2.601 	 2.09412e-09 	 2.80777e-07 
2.603 	 2.03131e-09 	 2.72997e-07 
2.605 	 1.96404e-09 	 2.64581e-07 
2.607 	 1.89336e-09 	 2.55670e-07 
2.609 	 1.82029e-09 	 2.46402e-07 
2.611 	 1.74582e-09 	 2.36907e-07 
2.613 	 1.67082e-09 	 2.27305e-07 
2.615 	 1.59608e-09 	 2.17704e-07 
2.618 	 1.52230e-09 	 2.08196e-07 
2.620 	 1.45004e-09 	 1.98859e-07 
2.622 	 1.37978e-09 	 1.89758e-07 
2.624 	 1.31188e-09 	 1.80944e-07 
2.626 	 1.24663e-09 	 1.72457e-07 
2.628 	 1.18422e-09 	 1.64324e-07 
2.630 	 1.12478e-09 	 1.56565e-07 
2.632 	 1.06837e-09 	 1.49192e-07 
2.634 	 1.01503e-09 	 1.42208e-07 
2.636 	 9.64713e-10 	 1.35613e-07 
2.638 	 9.17381e-10 	 1.29401e-07 
2.640 	 8.72946e-10 	 1.23563e-07 
2.642 	 8.31306e-10 	 1.18088e-07 
2.644 	 7.92343e-10 	 1.12961e-07 
2.646 	 7.55925e-10 	 1.08166e-07 
2.648 	 7.21909e-10 	 1.03684e-07 
2.650 	 6.90142e-10 	 9.94970e-08 
2.652 	 6.60468e-10 	 9.55838e-08 
2.654 	 6.32720e-10 	 9.19228e-08 
2.656 	 6.06729e-10 	 8.84911e-08 
2.658 	 5.82322e-10 	 8.52652e-08 
2.660 	 5.59323e-10 	 8.22211e-08 
2.662 	 5.37561e-10 	 7.93348e-08 
2.664 	 5.16868e-10 	 7.65827e-08 
2.666 	 4.97085e-10 	 7.39422e-08 
2.668 	 4.78068e-10 	 7.13929e-08 
2.670 	 4.59693e-10 	 6.89166e-08 
2.672 	 4.41855e-10 	 6.64986e-08 
2.674 	 4.24475e-10 	 6.41277e-08 
2.676 	 4.07500e-10 	 6.17964e-08 
2.678 	 3.90901e-10 	 5.95011e-08 
2.680 	 3.74669e-10 	 5.72413e-08 
2.682 	 3.58813e-10 	 5.50194e-08 
2.684 	 3.43356e-10 	 5.28396e-08 
2.686 	 3.28326e-10 	 5.07073e-08 
2.688 	 3.13753e-10 	 4.86283e-08 
2.690 	 2.99668e-10 	 4.66082e-08 
2.692 	 2.86094e-10 	 4.46521e-08 
2.694 	 2.73053e-10 	 4.27641e-08 
2.696 	 2.60555e-10 	 4.09471e-08 
2.698 	 2.48607e-10 	 3.92032e-08 
2.700 	 2.37208e-10 	 3.75333e-08 
