Energy [eV] EELS_b EELS_a 
2.500 	 5.29995e-12 	 2.09385e-11 
2.502 	 5.41812e-12 	 2.14267e-11 
2.504 	 5.54175e-12 	 2.19375e-11 
2.506 	 5.67111e-12 	 2.24720e-11 
2.508 	 5.80650e-12 	 2.30314e-11 
2.510 	 5.94822e-12 	 2.36171e-11 
2.512 	 6.09662e-12 	 2.42303e-11 
2.514 	 6.25201e-12 	 2.48726e-11 
2.516 	 6.41475e-12 	 2.55454e-11 
2.519 	 6.58520e-12 	 2.62502e-11 
2.521 	 6.76371e-12 	 2.69885e-11 
2.523 	 6.95066e-12 	 2.77620e-11 
2.525 	 7.14641e-12 	 2.85720e-11 
2.527 	 7.35132e-12 	 2.94204e-11 
2.529 	 7.56575e-12 	 3.03084e-11 
2.531 	 7.79003e-12 	 3.12376e-11 
2.533 	 8.02445e-12 	 3.22094e-11 
2.535 	 8.26929e-12 	 3.32249e-11 
2.537 	 8.52475e-12 	 3.42850e-11 
2.539 	 8.79098e-12 	 3.53905e-11 
2.541 	 9.06800e-12 	 3.65417e-11 
2.543 	 9.35575e-12 	 3.77383e-11 
2.545 	 9.65401e-12 	 3.89797e-11 
2.547 	 9.96236e-12 	 4.02644e-11 
2.549 	 1.02802e-11 	 4.15899e-11 
2.551 	 1.06066e-11 	 4.29529e-11 
2.553 	 1.09405e-11 	 4.43486e-11 
2.555 	 1.12802e-11 	 4.57710e-11 
2.557 	 1.16238e-11 	 4.72124e-11 
2.559 	 1.19691e-11 	 4.86631e-11 
2.561 	 1.23130e-11 	 5.01116e-11 
2.563 	 1.26522e-11 	 5.15441e-11 
2.565 	 1.29829e-11 	 5.29449e-11 
2.567 	 1.33006e-11 	 5.42956e-11 
2.569 	 1.36003e-11 	 5.55763e-11 
2.571 	 1.38768e-11 	 5.67651e-11 
2.573 	 1.41245e-11 	 5.78388e-11 
2.575 	 1.43376e-11 	 5.87736e-11 
2.577 	 1.45105e-11 	 5.95457e-11 
2.579 	 1.46378e-11 	 6.01326e-11 
2.581 	 1.47146e-11 	 6.05140e-11 
2.583 	 1.47369e-11 	 6.06727e-11 
2.585 	 1.47019e-11 	 6.05961e-11 
2.587 	 1.46080e-11 	 6.02766e-11 
2.589 	 1.44550e-11 	 5.97126e-11 
2.591 	 1.42441e-11 	 5.89087e-11 
2.593 	 1.39782e-11 	 5.78755e-11 
2.595 	 1.36615e-11 	 5.66293e-11 
2.597 	 1.32992e-11 	 5.51912e-11 
2.599 	 1.28975e-11 	 5.35861e-11 
2.601 	 1.24631e-11 	 5.18415e-11 
2.603 	 1.20032e-11 	 4.99862e-11 
2.605 	 1.15247e-11 	 4.80490e-11 
2.607 	 1.10344e-11 	 4.60577e-11 
2.609 	 1.05386e-11 	 4.40386e-11 
2.611 	 1.00429e-11 	 4.20151e-11 
2.613 	 9.55226e-12 	 4.00080e-11 
2.615 	 9.07097e-12 	 3.80352e-11 
2.618 	 8.60244e-12 	 3.61111e-11 
2.620 	 8.14941e-12 	 3.42477e-11 
2.622 	 7.71396e-12 	 3.24538e-11 
2.624 	 7.29757e-12 	 3.07359e-11 
2.626 	 6.90121e-12 	 2.90985e-11 
2.628 	 6.52540e-12 	 2.75441e-11 
2.630 	 6.17030e-12 	 2.60736e-11 
2.632 	 5.83578e-12 	 2.46869e-11 
2.634 	 5.52147e-12 	 2.33825e-11 
2.636 	 5.22681e-12 	 2.21586e-11 
2.638 	 4.95111e-12 	 2.10124e-11 
2.640 	 4.69357e-12 	 1.99408e-11 
2.642 	 4.45330e-12 	 1.89404e-11 
2.644 	 4.22939e-12 	 1.80073e-11 
2.646 	 4.02085e-12 	 1.71377e-11 
2.648 	 3.82669e-12 	 1.63276e-11 
2.650 	 3.64590e-12 	 1.55728e-11 
2.652 	 3.47746e-12 	 1.48692e-11 
2.654 	 3.32032e-12 	 1.42124e-11 
2.656 	 3.17344e-12 	 1.35982e-11 
2.658 	 3.03579e-12 	 1.30222e-11 
2.660 	 2.90636e-12 	 1.24803e-11 
2.662 	 2.78413e-12 	 1.19681e-11 
2.664 	 2.66817e-12 	 1.14819e-11 
2.666 	 2.55760e-12 	 1.10177e-11 
2.668 	 2.45161e-12 	 1.05723e-11 
2.670 	 2.34953e-12 	 1.01428e-11 
2.672 	 2.25080e-12 	 9.72681e-12 
2.674 	 2.15498e-12 	 9.32253e-12 
2.676 	 2.06179e-12 	 8.92874e-12 
2.678 	 1.97107e-12 	 8.54479e-12 
2.680 	 1.88276e-12 	 8.17046e-12 
2.682 	 1.79689e-12 	 7.80596e-12 
2.684 	 1.71357e-12 	 7.45170e-12 
2.686 	 1.63291e-12 	 7.10829e-12 
2.688 	 1.55504e-12 	 6.77634e-12 
2.690 	 1.48010e-12 	 6.45642e-12 
2.692 	 1.40819e-12 	 6.14903e-12 
2.694 	 1.33936e-12 	 5.85450e-12 
2.696 	 1.27365e-12 	 5.57301e-12 
2.698 	 1.21107e-12 	 5.30461e-12 
2.700 	 1.15158e-12 	 5.04919e-12 
