Energy [eV] EELS_b EELS_a 
2.500 	 1.79931e-10 	 2.95180e-08 
2.502 	 1.84278e-10 	 3.03527e-08 
2.504 	 1.88825e-10 	 3.12267e-08 
2.506 	 1.93584e-10 	 3.21423e-08 
2.508 	 1.98566e-10 	 3.31020e-08 
2.510 	 2.03783e-10 	 3.41081e-08 
2.512 	 2.09247e-10 	 3.51634e-08 
2.514 	 2.14973e-10 	 3.62705e-08 
2.516 	 2.20973e-10 	 3.74323e-08 
2.519 	 2.27262e-10 	 3.86518e-08 
2.521 	 2.33855e-10 	 3.99322e-08 
2.523 	 2.40767e-10 	 4.12766e-08 
2.525 	 2.48013e-10 	 4.26884e-08 
2.527 	 2.55608e-10 	 4.41708e-08 
2.529 	 2.63569e-10 	 4.57273e-08 
2.531 	 2.71911e-10 	 4.73613e-08 
2.533 	 2.80647e-10 	 4.90760e-08 
2.535 	 2.89793e-10 	 5.08746e-08 
2.537 	 2.99360e-10 	 5.27600e-08 
2.539 	 3.09359e-10 	 5.47348e-08 
2.541 	 3.19797e-10 	 5.68012e-08 
2.543 	 3.30681e-10 	 5.89606e-08 
2.545 	 3.42008e-10 	 6.12137e-08 
2.547 	 3.53775e-10 	 6.35602e-08 
2.549 	 3.65969e-10 	 6.59983e-08 
2.551 	 3.78569e-10 	 6.85248e-08 
2.553 	 3.91546e-10 	 7.11344e-08 
2.555 	 4.04856e-10 	 7.38198e-08 
2.557 	 4.18444e-10 	 7.65706e-08 
2.559 	 4.32240e-10 	 7.93736e-08 
2.561 	 4.46153e-10 	 8.22120e-08 
2.563 	 4.60076e-10 	 8.50651e-08 
2.565 	 4.73880e-10 	 8.79083e-08 
2.567 	 4.87415e-10 	 9.07125e-08 
2.569 	 5.00510e-10 	 9.34444e-08 
2.571 	 5.12975e-10 	 9.60668e-08 
2.573 	 5.24600e-10 	 9.85388e-08 
2.575 	 5.35166e-10 	 1.00817e-07 
2.577 	 5.44444e-10 	 1.02857e-07 
2.579 	 5.52208e-10 	 1.04612e-07 
2.581 	 5.58240e-10 	 1.06041e-07 
2.583 	 5.62345e-10 	 1.07104e-07 
2.585 	 5.64357e-10 	 1.07768e-07 
2.587 	 5.64154e-10 	 1.08007e-07 
2.589 	 5.61661e-10 	 1.07806e-07 
2.591 	 5.56860e-10 	 1.07160e-07 
2.593 	 5.49792e-10 	 1.06075e-07 
2.595 	 5.40556e-10 	 1.04567e-07 
2.597 	 5.29304e-10 	 1.02666e-07 
2.599 	 5.16234e-10 	 1.00407e-07 
2.601 	 5.01581e-10 	 9.78330e-08 
2.603 	 4.85603e-10 	 9.49931e-08 
2.605 	 4.68569e-10 	 9.19376e-08 
2.607 	 4.50752e-10 	 8.87172e-08 
2.609 	 4.32414e-10 	 8.53814e-08 
2.611 	 4.13799e-10 	 8.19766e-08 
2.613 	 3.95130e-10 	 7.85451e-08 
2.615 	 3.76600e-10 	 7.51242e-08 
2.618 	 3.58377e-10 	 7.17461e-08 
2.620 	 3.40599e-10 	 6.84378e-08 
2.622 	 3.23375e-10 	 6.52211e-08 
2.624 	 3.06790e-10 	 6.21131e-08 
2.626 	 2.90906e-10 	 5.91266e-08 
2.628 	 2.75763e-10 	 5.62707e-08 
2.630 	 2.61387e-10 	 5.35513e-08 
2.632 	 2.47786e-10 	 5.09713e-08 
2.634 	 2.34960e-10 	 4.85317e-08 
2.636 	 2.22896e-10 	 4.62313e-08 
2.638 	 2.11577e-10 	 4.40677e-08 
2.640 	 2.00977e-10 	 4.20370e-08 
2.642 	 1.91066e-10 	 4.01346e-08 
2.644 	 1.81813e-10 	 3.83551e-08 
2.646 	 1.73183e-10 	 3.66923e-08 
2.648 	 1.65137e-10 	 3.51396e-08 
2.650 	 1.57637e-10 	 3.36902e-08 
2.652 	 1.50644e-10 	 3.23365e-08 
2.654 	 1.44115e-10 	 3.10709e-08 
2.656 	 1.38009e-10 	 2.98853e-08 
2.658 	 1.32284e-10 	 2.87715e-08 
2.660 	 1.26898e-10 	 2.77212e-08 
2.662 	 1.21809e-10 	 2.67259e-08 
2.664 	 1.16978e-10 	 2.57777e-08 
2.666 	 1.12366e-10 	 2.48687e-08 
2.668 	 1.07940e-10 	 2.39919e-08 
2.670 	 1.03671e-10 	 2.31412e-08 
2.672 	 9.95330e-11 	 2.23114e-08 
2.674 	 9.55086e-11 	 2.14989e-08 
2.676 	 9.15846e-11 	 2.07010e-08 
2.678 	 8.77541e-11 	 1.99164e-08 
2.680 	 8.40148e-11 	 1.91451e-08 
2.682 	 8.03683e-11 	 1.83877e-08 
2.684 	 7.68192e-11 	 1.76455e-08 
2.686 	 7.33734e-11 	 1.69205e-08 
2.688 	 7.00376e-11 	 1.62144e-08 
2.690 	 6.68179e-11 	 1.55291e-08 
2.692 	 6.37196e-11 	 1.48661e-08 
2.694 	 6.07467e-11 	 1.42269e-08 
2.696 	 5.79014e-11 	 1.36123e-08 
2.698 	 5.51848e-11 	 1.30230e-08 
2.700 	 5.25962e-11 	 1.24592e-08 
