Energy [eV] EELS_b EELS_a 
2.500 	 8.25871e-14 	 9.43523e-11 
2.502 	 8.29238e-14 	 9.51799e-11 
2.504 	 8.33057e-14 	 9.60629e-11 
2.506 	 8.37385e-14 	 9.70092e-11 
2.508 	 8.42175e-14 	 9.80160e-11 
2.510 	 8.47466e-14 	 9.90851e-11 
2.512 	 8.53332e-14 	 1.00227e-10 
2.514 	 8.59684e-14 	 1.01435e-10 
2.516 	 8.66640e-14 	 1.02719e-10 
2.519 	 8.74185e-14 	 1.04083e-10 
2.521 	 8.82348e-14 	 1.05528e-10 
2.523 	 8.91169e-14 	 1.07062e-10 
2.525 	 9.00659e-14 	 1.08686e-10 
2.527 	 9.10857e-14 	 1.10407e-10 
2.529 	 9.21781e-14 	 1.12227e-10 
2.531 	 9.33488e-14 	 1.14156e-10 
2.533 	 9.46000e-14 	 1.16198e-10 
2.535 	 9.59363e-14 	 1.18358e-10 
2.537 	 9.73613e-14 	 1.20645e-10 
2.539 	 9.88780e-14 	 1.23063e-10 
2.541 	 1.00493e-13 	 1.25621e-10 
2.543 	 1.02210e-13 	 1.28328e-10 
2.545 	 1.04033e-13 	 1.31188e-10 
2.547 	 1.05968e-13 	 1.34215e-10 
2.549 	 1.08022e-13 	 1.37419e-10 
2.551 	 1.10192e-13 	 1.40798e-10 
2.553 	 1.12493e-13 	 1.44374e-10 
2.555 	 1.14926e-13 	 1.48155e-10 
2.557 	 1.17494e-13 	 1.52146e-10 
2.559 	 1.20205e-13 	 1.56362e-10 
2.561 	 1.23062e-13 	 1.60812e-10 
2.563 	 1.26067e-13 	 1.65506e-10 
2.565 	 1.29226e-13 	 1.70455e-10 
2.567 	 1.32538e-13 	 1.75666e-10 
2.569 	 1.36005e-13 	 1.81150e-10 
2.571 	 1.39628e-13 	 1.86917e-10 
2.573 	 1.43395e-13 	 1.92957e-10 
2.575 	 1.47309e-13 	 1.99290e-10 
2.577 	 1.51356e-13 	 2.05907e-10 
2.579 	 1.55525e-13 	 2.12807e-10 
2.581 	 1.59796e-13 	 2.19975e-10 
2.583 	 1.64148e-13 	 2.27402e-10 
2.585 	 1.68549e-13 	 2.35058e-10 
2.587 	 1.72968e-13 	 2.42918e-10 
2.589 	 1.77360e-13 	 2.50939e-10 
2.591 	 1.81679e-13 	 2.59074e-10 
2.593 	 1.85867e-13 	 2.67260e-10 
2.595 	 1.89865e-13 	 2.75424e-10 
2.597 	 1.93602e-13 	 2.83480e-10 
2.599 	 1.97010e-13 	 2.91337e-10 
2.601 	 2.00013e-13 	 2.98882e-10 
2.603 	 2.02537e-13 	 3.05998e-10 
2.605 	 2.04514e-13 	 3.12568e-10 
2.607 	 2.05872e-13 	 3.18455e-10 
2.609 	 2.06559e-13 	 3.23537e-10 
2.611 	 2.06528e-13 	 3.27691e-10 
2.613 	 2.05744e-13 	 3.30797e-10 
2.615 	 2.04191e-13 	 3.32758e-10 
2.618 	 2.01868e-13 	 3.33486e-10 
2.620 	 1.98790e-13 	 3.32927e-10 
2.622 	 1.94990e-13 	 3.31043e-10 
2.624 	 1.90516e-13 	 3.27832e-10 
2.626 	 1.85431e-13 	 3.23324e-10 
2.628 	 1.79810e-13 	 3.17580e-10 
2.630 	 1.73736e-13 	 3.10684e-10 
2.632 	 1.67298e-13 	 3.02755e-10 
2.634 	 1.60590e-13 	 2.93931e-10 
2.636 	 1.53704e-13 	 2.84361e-10 
2.638 	 1.46728e-13 	 2.74208e-10 
2.640 	 1.39745e-13 	 2.63635e-10 
2.642 	 1.32829e-13 	 2.52798e-10 
2.644 	 1.26045e-13 	 2.41847e-10 
2.646 	 1.19448e-13 	 2.30918e-10 
2.648 	 1.13080e-13 	 2.20126e-10 
2.650 	 1.06975e-13 	 2.09573e-10 
2.652 	 1.01156e-13 	 1.99338e-10 
2.654 	 9.56383e-14 	 1.89482e-10 
2.656 	 9.04269e-14 	 1.80050e-10 
2.658 	 8.55233e-14 	 1.71070e-10 
2.660 	 8.09202e-14 	 1.62556e-10 
2.662 	 7.66078e-14 	 1.54509e-10 
2.664 	 7.25714e-14 	 1.46921e-10 
2.666 	 6.87957e-14 	 1.39778e-10 
2.668 	 6.52615e-14 	 1.33057e-10 
2.670 	 6.19487e-14 	 1.26729e-10 
2.672 	 5.88377e-14 	 1.20767e-10 
2.674 	 5.59094e-14 	 1.15139e-10 
2.676 	 5.31454e-14 	 1.09815e-10 
2.678 	 5.05282e-14 	 1.04765e-10 
2.680 	 4.80435e-14 	 9.99639e-11 
2.682 	 4.56787e-14 	 9.53884e-11 
2.684 	 4.34235e-14 	 9.10187e-11 
2.686 	 4.12696e-14 	 8.68383e-11 
2.688 	 3.92103e-14 	 8.28351e-11 
2.690 	 3.72424e-14 	 7.90019e-11 
2.692 	 3.53614e-14 	 7.53297e-11 
2.694 	 3.35648e-14 	 7.18130e-11 
2.696 	 3.18504e-14 	 6.84484e-11 
2.698 	 3.02168e-14 	 6.52330e-11 
2.700 	 2.86623e-14 	 6.21635e-11 
