Energy [eV] EELS_b EELS_a 
2.500 	 2.90936e-08 	 1.26120e-06 
2.502 	 2.99258e-08 	 1.30021e-06 
2.504 	 3.07970e-08 	 1.34108e-06 
2.506 	 3.17091e-08 	 1.38392e-06 
2.508 	 3.26646e-08 	 1.42884e-06 
2.510 	 3.36658e-08 	 1.47595e-06 
2.512 	 3.47151e-08 	 1.52538e-06 
2.514 	 3.58152e-08 	 1.57726e-06 
2.516 	 3.69686e-08 	 1.63173e-06 
2.519 	 3.81782e-08 	 1.68893e-06 
2.521 	 3.94469e-08 	 1.74899e-06 
2.523 	 4.07774e-08 	 1.81208e-06 
2.525 	 4.21728e-08 	 1.87834e-06 
2.527 	 4.36359e-08 	 1.94794e-06 
2.529 	 4.51697e-08 	 2.02102e-06 
2.531 	 4.67769e-08 	 2.09774e-06 
2.533 	 4.84601e-08 	 2.17825e-06 
2.535 	 5.02218e-08 	 2.26269e-06 
2.537 	 5.20639e-08 	 2.35119e-06 
2.539 	 5.39881e-08 	 2.44387e-06 
2.541 	 5.59952e-08 	 2.54080e-06 
2.543 	 5.80855e-08 	 2.64205e-06 
2.545 	 6.02581e-08 	 2.74763e-06 
2.547 	 6.25111e-08 	 2.85751e-06 
2.549 	 6.48409e-08 	 2.97159e-06 
2.551 	 6.72423e-08 	 3.08968e-06 
2.553 	 6.97079e-08 	 3.21152e-06 
2.555 	 7.22281e-08 	 3.33675e-06 
2.557 	 7.47903e-08 	 3.46484e-06 
2.559 	 7.73792e-08 	 3.59516e-06 
2.561 	 7.99758e-08 	 3.72692e-06 
2.563 	 8.25577e-08 	 3.85913e-06 
2.565 	 8.50991e-08 	 3.99065e-06 
2.567 	 8.75702e-08 	 4.12013e-06 
2.569 	 8.99382e-08 	 4.24606e-06 
2.571 	 9.21673e-08 	 4.36676e-06 
2.573 	 9.42195e-08 	 4.48042e-06 
2.575 	 9.60558e-08 	 4.58511e-06 
2.577 	 9.76372e-08 	 4.67888e-06 
2.579 	 9.89266e-08 	 4.75981e-06 
2.581 	 9.98899e-08 	 4.82607e-06 
2.583 	 1.00499e-07 	 4.87602e-06 
2.585 	 1.00730e-07 	 4.90831e-06 
2.587 	 1.00571e-07 	 4.92192e-06 
2.589 	 1.00015e-07 	 4.91626e-06 
2.591 	 9.90681e-08 	 4.89119e-06 
2.593 	 9.77432e-08 	 4.84701e-06 
2.595 	 9.60634e-08 	 4.78453e-06 
2.597 	 9.40591e-08 	 4.70493e-06 
2.599 	 9.17669e-08 	 4.60977e-06 
2.601 	 8.92279e-08 	 4.50089e-06 
2.603 	 8.64857e-08 	 4.38030e-06 
2.605 	 8.35845e-08 	 4.25011e-06 
2.607 	 8.05678e-08 	 4.11248e-06 
2.609 	 7.74769e-08 	 3.96946e-06 
2.611 	 7.43497e-08 	 3.82302e-06 
2.613 	 7.12203e-08 	 3.67495e-06 
2.615 	 6.81185e-08 	 3.52684e-06 
2.618 	 6.50696e-08 	 3.38008e-06 
2.620 	 6.20943e-08 	 3.23587e-06 
2.622 	 5.92094e-08 	 3.09516e-06 
2.624 	 5.64279e-08 	 2.95873e-06 
2.626 	 5.37591e-08 	 2.82718e-06 
2.628 	 5.12097e-08 	 2.70097e-06 
2.630 	 4.87835e-08 	 2.58039e-06 
2.632 	 4.64824e-08 	 2.46563e-06 
2.634 	 4.43063e-08 	 2.35678e-06 
2.636 	 4.22540e-08 	 2.25385e-06 
2.638 	 4.03227e-08 	 2.15677e-06 
2.640 	 3.85090e-08 	 2.06542e-06 
2.642 	 3.68086e-08 	 1.97964e-06 
2.644 	 3.52165e-08 	 1.89923e-06 
2.646 	 3.37274e-08 	 1.82393e-06 
2.648 	 3.23354e-08 	 1.75350e-06 
2.650 	 3.10344e-08 	 1.68763e-06 
2.652 	 2.98177e-08 	 1.62600e-06 
2.654 	 2.86785e-08 	 1.56829e-06 
2.656 	 2.76098e-08 	 1.51412e-06 
2.658 	 2.66041e-08 	 1.46312e-06 
2.660 	 2.56539e-08 	 1.41490e-06 
2.662 	 2.47520e-08 	 1.36906e-06 
2.664 	 2.38909e-08 	 1.32522e-06 
2.666 	 2.30638e-08 	 1.28300e-06 
2.668 	 2.22644e-08 	 1.24206e-06 
2.670 	 2.14871e-08 	 1.20210e-06 
2.672 	 2.07276e-08 	 1.16287e-06 
2.674 	 1.99825e-08 	 1.12418e-06 
2.676 	 1.92496e-08 	 1.08593e-06 
2.678 	 1.85279e-08 	 1.04806e-06 
2.680 	 1.78174e-08 	 1.01058e-06 
2.682 	 1.71189e-08 	 9.73533e-07 
2.684 	 1.64339e-08 	 9.37019e-07 
2.686 	 1.57641e-08 	 9.01144e-07 
2.688 	 1.51114e-08 	 8.66026e-07 
2.690 	 1.44774e-08 	 8.31779e-07 
2.692 	 1.38638e-08 	 7.98506e-07 
2.694 	 1.32719e-08 	 7.66293e-07 
2.696 	 1.27025e-08 	 7.35206e-07 
2.698 	 1.21563e-08 	 7.05293e-07 
2.700 	 1.16335e-08 	 6.76580e-07 
