Energy [eV] EELS_b EELS_a 
2.500 	 2.94936e-04 	 1.44324e-03 
2.502 	 3.03474e-04 	 1.48356e-03 
2.504 	 3.12378e-04 	 1.52557e-03 
2.506 	 3.21667e-04 	 1.56937e-03 
2.508 	 3.31360e-04 	 1.61507e-03 
2.510 	 3.41478e-04 	 1.66276e-03 
2.512 	 3.52044e-04 	 1.71257e-03 
2.514 	 3.63080e-04 	 1.76460e-03 
2.516 	 3.74612e-04 	 1.81898e-03 
2.519 	 3.86664e-04 	 1.87586e-03 
2.521 	 3.99263e-04 	 1.93537e-03 
2.523 	 4.12436e-04 	 1.99767e-03 
2.525 	 4.26213e-04 	 2.06293e-03 
2.527 	 4.40623e-04 	 2.13131e-03 
2.529 	 4.55696e-04 	 2.20300e-03 
2.531 	 4.71464e-04 	 2.27821e-03 
2.533 	 4.87959e-04 	 2.35713e-03 
2.535 	 5.05212e-04 	 2.44001e-03 
2.537 	 5.23258e-04 	 2.52706e-03 
2.539 	 5.42127e-04 	 2.61855e-03 
2.541 	 5.61851e-04 	 2.71475e-03 
2.543 	 5.82461e-04 	 2.81594e-03 
2.545 	 6.03985e-04 	 2.92241e-03 
2.547 	 6.26448e-04 	 3.03450e-03 
2.549 	 6.49872e-04 	 3.15253e-03 
2.551 	 6.74275e-04 	 3.27685e-03 
2.553 	 6.99668e-04 	 3.40783e-03 
2.555 	 7.26054e-04 	 3.54586e-03 
2.557 	 7.53428e-04 	 3.69134e-03 
2.559 	 7.81774e-04 	 3.84469e-03 
2.561 	 8.11063e-04 	 4.00634e-03 
2.563 	 8.41251e-04 	 4.17672e-03 
2.565 	 8.72276e-04 	 4.35628e-03 
2.567 	 9.04058e-04 	 4.54550e-03 
2.569 	 9.36493e-04 	 4.74482e-03 
2.571 	 9.69457e-04 	 4.95470e-03 
2.573 	 1.00280e-03 	 5.17559e-03 
2.575 	 1.03634e-03 	 5.40794e-03 
2.577 	 1.06987e-03 	 5.65214e-03 
2.579 	 1.10317e-03 	 5.90858e-03 
2.581 	 1.13597e-03 	 6.17758e-03 
2.583 	 1.16801e-03 	 6.45940e-03 
2.585 	 1.19897e-03 	 6.75422e-03 
2.587 	 1.22856e-03 	 7.06209e-03 
2.589 	 1.25645e-03 	 7.38292e-03 
2.591 	 1.28235e-03 	 7.71644e-03 
2.593 	 1.30595e-03 	 8.06211e-03 
2.595 	 1.32698e-03 	 8.41910e-03 
2.597 	 1.34518e-03 	 8.78618e-03 
2.599 	 1.36034e-03 	 9.16166e-03 
2.601 	 1.37230e-03 	 9.54329e-03 
2.603 	 1.38093e-03 	 9.92817e-03 
2.605 	 1.38613e-03 	 1.03127e-02 
2.607 	 1.38787e-03 	 1.06925e-02 
2.609 	 1.38615e-03 	 1.10624e-02 
2.611 	 1.38100e-03 	 1.14165e-02 
2.613 	 1.37248e-03 	 1.17485e-02 
2.615 	 1.36069e-03 	 1.20515e-02 
2.618 	 1.34574e-03 	 1.23191e-02 
2.620 	 1.32778e-03 	 1.25448e-02 
2.622 	 1.30699e-03 	 1.27235e-02 
2.624 	 1.28359e-03 	 1.28511e-02 
2.626 	 1.25784e-03 	 1.29255e-02 
2.628 	 1.23002e-03 	 1.29465e-02 
2.630 	 1.20047e-03 	 1.29159e-02 
2.632 	 1.16955e-03 	 1.28377e-02 
2.634 	 1.13764e-03 	 1.27174e-02 
2.636 	 1.10514e-03 	 1.25619e-02 
2.638 	 1.07242e-03 	 1.23791e-02 
2.640 	 1.03987e-03 	 1.21770e-02 
2.642 	 1.00780e-03 	 1.19637e-02 
2.644 	 9.76518e-04 	 1.17467e-02 
2.646 	 9.46266e-04 	 1.15330e-02 
2.648 	 9.17241e-04 	 1.13285e-02 
2.650 	 8.89586e-04 	 1.11382e-02 
2.652 	 8.63393e-04 	 1.09659e-02 
2.654 	 8.38702e-04 	 1.08145e-02 
2.656 	 8.15504e-04 	 1.06860e-02 
2.658 	 7.93745e-04 	 1.05813e-02 
2.660 	 7.73330e-04 	 1.05005e-02 
2.662 	 7.54127e-04 	 1.04428e-02 
2.664 	 7.35974e-04 	 1.04068e-02 
2.666 	 7.18684e-04 	 1.03902e-02 
2.668 	 7.02056e-04 	 1.03901e-02 
2.670 	 6.85884e-04 	 1.04033e-02 
2.672 	 6.69966e-04 	 1.04260e-02 
2.674 	 6.54118e-04 	 1.04541e-02 
2.676 	 6.38183e-04 	 1.04835e-02 
2.678 	 6.22039e-04 	 1.05101e-02 
2.680 	 6.05602e-04 	 1.05300e-02 
2.682 	 5.88834e-04 	 1.05397e-02 
2.684 	 5.71735e-04 	 1.05365e-02 
2.686 	 5.54342e-04 	 1.05178e-02 
2.688 	 5.36721e-04 	 1.04820e-02 
2.690 	 5.18955e-04 	 1.04278e-02 
2.692 	 5.01144e-04 	 1.03546e-02 
2.694 	 4.83386e-04 	 1.02620e-02 
2.696 	 4.65780e-04 	 1.01498e-02 
2.698 	 4.48417e-04 	 1.00182e-02 
2.700 	 4.31376e-04 	 9.86742e-03 
