Energy [eV] EELS_b EELS_a 
2.500 	 5.34728e-08 	 2.29118e-07 
2.502 	 5.50448e-08 	 2.36063e-07 
2.504 	 5.66914e-08 	 2.43339e-07 
2.506 	 5.84168e-08 	 2.50967e-07 
2.508 	 6.02256e-08 	 2.58965e-07 
2.510 	 6.21222e-08 	 2.67355e-07 
2.512 	 6.41118e-08 	 2.76159e-07 
2.514 	 6.61993e-08 	 2.85400e-07 
2.516 	 6.83901e-08 	 2.95102e-07 
2.519 	 7.06897e-08 	 3.05289e-07 
2.521 	 7.31038e-08 	 3.15989e-07 
2.523 	 7.56383e-08 	 3.27227e-07 
2.525 	 7.82990e-08 	 3.39030e-07 
2.527 	 8.10920e-08 	 3.51426e-07 
2.529 	 8.40232e-08 	 3.64442e-07 
2.531 	 8.70983e-08 	 3.78104e-07 
2.533 	 9.03228e-08 	 3.92439e-07 
2.535 	 9.37019e-08 	 4.07470e-07 
2.537 	 9.72400e-08 	 4.23219e-07 
2.539 	 1.00941e-07 	 4.39704e-07 
2.541 	 1.04807e-07 	 4.56938e-07 
2.543 	 1.08839e-07 	 4.74928e-07 
2.545 	 1.13036e-07 	 4.93673e-07 
2.547 	 1.17395e-07 	 5.13162e-07 
2.549 	 1.21911e-07 	 5.33372e-07 
2.551 	 1.26573e-07 	 5.54264e-07 
2.553 	 1.31368e-07 	 5.75782e-07 
2.555 	 1.36277e-07 	 5.97850e-07 
2.557 	 1.41278e-07 	 6.20368e-07 
2.559 	 1.46340e-07 	 6.43209e-07 
2.561 	 1.51427e-07 	 6.66215e-07 
2.563 	 1.56494e-07 	 6.89198e-07 
2.565 	 1.61491e-07 	 7.11937e-07 
2.567 	 1.66360e-07 	 7.34177e-07 
2.569 	 1.71035e-07 	 7.55632e-07 
2.571 	 1.75445e-07 	 7.75988e-07 
2.573 	 1.79514e-07 	 7.94909e-07 
2.575 	 1.83163e-07 	 8.12048e-07 
2.577 	 1.86316e-07 	 8.27053e-07 
2.579 	 1.88896e-07 	 8.39588e-07 
2.581 	 1.90836e-07 	 8.49341e-07 
2.583 	 1.92079e-07 	 8.56042e-07 
2.585 	 1.92580e-07 	 8.59482e-07 
2.587 	 1.92312e-07 	 8.59518e-07 
2.589 	 1.91265e-07 	 8.56092e-07 
2.591 	 1.89448e-07 	 8.49225e-07 
2.593 	 1.86892e-07 	 8.39027e-07 
2.595 	 1.83642e-07 	 8.25687e-07 
2.597 	 1.79760e-07 	 8.09462e-07 
2.599 	 1.75320e-07 	 7.90668e-07 
2.601 	 1.70404e-07 	 7.69659e-07 
2.603 	 1.65099e-07 	 7.46815e-07 
2.605 	 1.59492e-07 	 7.22522e-07 
2.607 	 1.53669e-07 	 6.97161e-07 
2.609 	 1.47711e-07 	 6.71093e-07 
2.611 	 1.41691e-07 	 6.44652e-07 
2.613 	 1.35675e-07 	 6.18139e-07 
2.615 	 1.29721e-07 	 5.91815e-07 
2.618 	 1.23876e-07 	 5.65903e-07 
2.620 	 1.18180e-07 	 5.40588e-07 
2.622 	 1.12664e-07 	 5.16019e-07 
2.624 	 1.07352e-07 	 4.92311e-07 
2.626 	 1.02261e-07 	 4.69548e-07 
2.628 	 9.74036e-08 	 4.47791e-07 
2.630 	 9.27856e-08 	 4.27076e-07 
2.632 	 8.84100e-08 	 4.07422e-07 
2.634 	 8.42762e-08 	 3.88831e-07 
2.636 	 8.03808e-08 	 3.71293e-07 
2.638 	 7.67184e-08 	 3.54787e-07 
2.640 	 7.32817e-08 	 3.39286e-07 
2.642 	 7.00621e-08 	 3.24753e-07 
2.644 	 6.70499e-08 	 3.11147e-07 
2.646 	 6.42346e-08 	 2.98424e-07 
2.648 	 6.16047e-08 	 2.86533e-07 
2.650 	 5.91482e-08 	 2.75422e-07 
2.652 	 5.68525e-08 	 2.65035e-07 
2.654 	 5.47041e-08 	 2.55311e-07 
2.656 	 5.26895e-08 	 2.46190e-07 
2.658 	 5.07944e-08 	 2.37607e-07 
2.660 	 4.90045e-08 	 2.29495e-07 
2.662 	 4.73054e-08 	 2.21790e-07 
2.664 	 4.56831e-08 	 2.14427e-07 
2.666 	 4.41243e-08 	 2.07343e-07 
2.668 	 4.26168e-08 	 2.00484e-07 
2.670 	 4.11501e-08 	 1.93799e-07 
2.672 	 3.97157e-08 	 1.87249e-07 
2.674 	 3.83070e-08 	 1.80805e-07 
2.676 	 3.69199e-08 	 1.74446e-07 
2.678 	 3.55526e-08 	 1.68164e-07 
2.680 	 3.42052e-08 	 1.61960e-07 
2.682 	 3.28792e-08 	 1.55844e-07 
2.684 	 3.15775e-08 	 1.49827e-07 
2.686 	 3.03035e-08 	 1.43929e-07 
2.688 	 2.90609e-08 	 1.38165e-07 
2.690 	 2.78533e-08 	 1.32556e-07 
2.692 	 2.66837e-08 	 1.27115e-07 
2.694 	 2.55547e-08 	 1.21855e-07 
2.696 	 2.44682e-08 	 1.16788e-07 
2.698 	 2.34254e-08 	 1.11918e-07 
2.700 	 2.24268e-08 	 1.07250e-07 
