Energy [eV] EELS_b EELS_a 
2.500 	 9.36038e-07 	 1.83381e-05 
2.502 	 9.65817e-07 	 1.89559e-05 
2.504 	 9.97079e-07 	 1.96047e-05 
2.506 	 1.02991e-06 	 2.02865e-05 
2.508 	 1.06442e-06 	 2.10031e-05 
2.510 	 1.10070e-06 	 2.17567e-05 
2.512 	 1.13885e-06 	 2.25496e-05 
2.514 	 1.17901e-06 	 2.33841e-05 
2.516 	 1.22128e-06 	 2.42628e-05 
2.519 	 1.26580e-06 	 2.51882e-05 
2.521 	 1.31271e-06 	 2.61631e-05 
2.523 	 1.36213e-06 	 2.71905e-05 
2.525 	 1.41423e-06 	 2.82732e-05 
2.527 	 1.46916e-06 	 2.94143e-05 
2.529 	 1.52706e-06 	 3.06171e-05 
2.531 	 1.58811e-06 	 3.18845e-05 
2.533 	 1.65247e-06 	 3.32199e-05 
2.535 	 1.72030e-06 	 3.46263e-05 
2.537 	 1.79177e-06 	 3.61068e-05 
2.539 	 1.86701e-06 	 3.76640e-05 
2.541 	 1.94618e-06 	 3.93005e-05 
2.543 	 2.02940e-06 	 4.10184e-05 
2.545 	 2.11677e-06 	 4.28189e-05 
2.547 	 2.20835e-06 	 4.47028e-05 
2.549 	 2.30416e-06 	 4.66695e-05 
2.551 	 2.40416e-06 	 4.87176e-05 
2.553 	 2.50825e-06 	 5.08436e-05 
2.555 	 2.61624e-06 	 5.30425e-05 
2.557 	 2.72781e-06 	 5.53068e-05 
2.559 	 2.84256e-06 	 5.76267e-05 
2.561 	 2.95989e-06 	 5.99892e-05 
2.563 	 3.07908e-06 	 6.23781e-05 
2.565 	 3.19921e-06 	 6.47735e-05 
2.567 	 3.31916e-06 	 6.71521e-05 
2.569 	 3.43760e-06 	 6.94865e-05 
2.571 	 3.55303e-06 	 7.17460e-05 
2.573 	 3.66371e-06 	 7.38967e-05 
2.575 	 3.76779e-06 	 7.59022e-05 
2.577 	 3.86327e-06 	 7.77248e-05 
2.579 	 3.94811e-06 	 7.93267e-05 
2.581 	 4.02032e-06 	 8.06716e-05 
2.583 	 4.07801e-06 	 8.17265e-05 
2.585 	 4.11953e-06 	 8.24633e-05 
2.587 	 4.14355e-06 	 8.28608e-05 
2.589 	 4.14917e-06 	 8.29057e-05 
2.591 	 4.13596e-06 	 8.25937e-05 
2.593 	 4.10400e-06 	 8.19299e-05 
2.595 	 4.05391e-06 	 8.09287e-05 
2.597 	 3.98678e-06 	 7.96128e-05 
2.599 	 3.90413e-06 	 7.80117e-05 
2.601 	 3.80783e-06 	 7.61607e-05 
2.603 	 3.69994e-06 	 7.40983e-05 
2.605 	 3.58267e-06 	 7.18649e-05 
2.607 	 3.45823e-06 	 6.95007e-05 
2.609 	 3.32876e-06 	 6.70445e-05 
2.611 	 3.19628e-06 	 6.45325e-05 
2.613 	 3.06259e-06 	 6.19974e-05 
2.615 	 2.92928e-06 	 5.94679e-05 
2.618 	 2.79771e-06 	 5.69687e-05 
2.620 	 2.66898e-06 	 5.45203e-05 
2.622 	 2.54401e-06 	 5.21393e-05 
2.624 	 2.42347e-06 	 4.98386e-05 
2.626 	 2.30787e-06 	 4.76279e-05 
2.628 	 2.19756e-06 	 4.55141e-05 
2.630 	 2.09275e-06 	 4.35018e-05 
2.632 	 1.99354e-06 	 4.15934e-05 
2.634 	 1.89995e-06 	 3.97897e-05 
2.636 	 1.81190e-06 	 3.80900e-05 
2.638 	 1.72929e-06 	 3.64928e-05 
2.640 	 1.65194e-06 	 3.49953e-05 
2.642 	 1.57965e-06 	 3.35941e-05 
2.644 	 1.51219e-06 	 3.22855e-05 
2.646 	 1.44932e-06 	 3.10647e-05 
2.648 	 1.39075e-06 	 2.99270e-05 
2.650 	 1.33622e-06 	 2.88669e-05 
2.652 	 1.28540e-06 	 2.78785e-05 
2.654 	 1.23800e-06 	 2.69558e-05 
2.656 	 1.19368e-06 	 2.60922e-05 
2.658 	 1.15211e-06 	 2.52807e-05 
2.660 	 1.11295e-06 	 2.45142e-05 
2.662 	 1.07585e-06 	 2.37855e-05 
2.664 	 1.04048e-06 	 2.30875e-05 
2.666 	 1.00652e-06 	 2.24132e-05 
2.668 	 9.73676e-07 	 2.17565e-05 
2.670 	 9.41695e-07 	 2.11117e-05 
2.672 	 9.10368e-07 	 2.04744e-05 
2.674 	 8.79537e-07 	 1.98413e-05 
2.676 	 8.49097e-07 	 1.92105e-05 
2.678 	 8.19001e-07 	 1.85810e-05 
2.680 	 7.89247e-07 	 1.79534e-05 
2.682 	 7.59873e-07 	 1.73288e-05 
2.684 	 7.30947e-07 	 1.67093e-05 
2.686 	 7.02551e-07 	 1.60972e-05 
2.688 	 6.74777e-07 	 1.54949e-05 
2.690 	 6.47713e-07 	 1.49050e-05 
2.692 	 6.21440e-07 	 1.43297e-05 
2.694 	 5.96023e-07 	 1.37708e-05 
2.696 	 5.71514e-07 	 1.32299e-05 
2.698 	 5.47948e-07 	 1.27081e-05 
2.700 	 5.25347e-07 	 1.22062e-05 
