Energy [eV] EELS_b EELS_a 
2.500 	 6.58302e-06 	 3.37686e-05 
2.502 	 6.79340e-06 	 3.49039e-05 
2.504 	 7.01413e-06 	 3.60965e-05 
2.506 	 7.24584e-06 	 3.73500e-05 
2.508 	 7.48920e-06 	 3.86681e-05 
2.510 	 7.74492e-06 	 4.00550e-05 
2.512 	 8.01376e-06 	 4.15148e-05 
2.514 	 8.29651e-06 	 4.30522e-05 
2.516 	 8.59403e-06 	 4.46721e-05 
2.519 	 8.90722e-06 	 4.63796e-05 
2.521 	 9.23702e-06 	 4.81801e-05 
2.523 	 9.58443e-06 	 5.00794e-05 
2.525 	 9.95048e-06 	 5.20834e-05 
2.527 	 1.03363e-05 	 5.41985e-05 
2.529 	 1.07429e-05 	 5.64312e-05 
2.531 	 1.11716e-05 	 5.87882e-05 
2.533 	 1.16235e-05 	 6.12765e-05 
2.535 	 1.20999e-05 	 6.39030e-05 
2.537 	 1.26018e-05 	 6.66747e-05 
2.539 	 1.31305e-05 	 6.95986e-05 
2.541 	 1.36872e-05 	 7.26811e-05 
2.543 	 1.42728e-05 	 7.59284e-05 
2.545 	 1.48883e-05 	 7.93458e-05 
2.547 	 1.55344e-05 	 8.29376e-05 
2.549 	 1.62115e-05 	 8.67065e-05 
2.551 	 1.69199e-05 	 9.06535e-05 
2.553 	 1.76593e-05 	 9.47770e-05 
2.555 	 1.84290e-05 	 9.90725e-05 
2.557 	 1.92275e-05 	 1.03532e-04 
2.559 	 2.00527e-05 	 1.08141e-04 
2.561 	 2.09015e-05 	 1.12884e-04 
2.563 	 2.17700e-05 	 1.17734e-04 
2.565 	 2.26528e-05 	 1.22661e-04 
2.567 	 2.35434e-05 	 1.27626e-04 
2.569 	 2.44338e-05 	 1.32582e-04 
2.571 	 2.53147e-05 	 1.37473e-04 
2.573 	 2.61753e-05 	 1.42235e-04 
2.575 	 2.70035e-05 	 1.46799e-04 
2.577 	 2.77861e-05 	 1.51087e-04 
2.579 	 2.85091e-05 	 1.55019e-04 
2.581 	 2.91581e-05 	 1.58515e-04 
2.583 	 2.97191e-05 	 1.61495e-04 
2.585 	 3.01787e-05 	 1.63888e-04 
2.587 	 3.05251e-05 	 1.65631e-04 
2.589 	 3.07488e-05 	 1.66677e-04 
2.591 	 3.08430e-05 	 1.66994e-04 
2.593 	 3.08039e-05 	 1.66571e-04 
2.595 	 3.06315e-05 	 1.65416e-04 
2.597 	 3.03290e-05 	 1.63555e-04 
2.599 	 2.99032e-05 	 1.61035e-04 
2.601 	 2.93637e-05 	 1.57915e-04 
2.603 	 2.87224e-05 	 1.54268e-04 
2.605 	 2.79930e-05 	 1.50172e-04 
2.607 	 2.71904e-05 	 1.45712e-04 
2.609 	 2.63297e-05 	 1.40971e-04 
2.611 	 2.54259e-05 	 1.36030e-04 
2.613 	 2.44931e-05 	 1.30965e-04 
2.615 	 2.35445e-05 	 1.25844e-04 
2.618 	 2.25918e-05 	 1.20727e-04 
2.620 	 2.16453e-05 	 1.15668e-04 
2.622 	 2.07136e-05 	 1.10708e-04 
2.624 	 1.98040e-05 	 1.05884e-04 
2.626 	 1.89221e-05 	 1.01223e-04 
2.628 	 1.80724e-05 	 9.67461e-05 
2.630 	 1.72580e-05 	 9.24678e-05 
2.632 	 1.64813e-05 	 8.83980e-05 
2.634 	 1.57435e-05 	 8.45421e-05 
2.636 	 1.50454e-05 	 8.09020e-05 
2.638 	 1.43868e-05 	 7.74766e-05 
2.640 	 1.37674e-05 	 7.42621e-05 
2.642 	 1.31863e-05 	 7.12530e-05 
2.644 	 1.26421e-05 	 6.84419e-05 
2.646 	 1.21334e-05 	 6.58203e-05 
2.648 	 1.16584e-05 	 6.33782e-05 
2.650 	 1.12153e-05 	 6.11045e-05 
2.652 	 1.08017e-05 	 5.89871e-05 
2.654 	 1.04154e-05 	 5.70130e-05 
2.656 	 1.00538e-05 	 5.51681e-05 
2.658 	 9.71445e-06 	 5.34378e-05 
2.660 	 9.39453e-06 	 5.18066e-05 
2.662 	 9.09130e-06 	 5.02589e-05 
2.664 	 8.80203e-06 	 4.87792e-05 
2.666 	 8.52409e-06 	 4.73526e-05 
2.668 	 8.25505e-06 	 4.59651e-05 
2.670 	 7.99277e-06 	 4.46047e-05 
2.672 	 7.73547e-06 	 4.32613e-05 
2.674 	 7.48182e-06 	 4.19276e-05 
2.676 	 7.23093e-06 	 4.05988e-05 
2.678 	 6.98236e-06 	 3.92730e-05 
2.680 	 6.73610e-06 	 3.79505e-05 
2.682 	 6.49246e-06 	 3.66340e-05 
2.684 	 6.25202e-06 	 3.53273e-05 
2.686 	 6.01550e-06 	 3.40354e-05 
2.688 	 5.78370e-06 	 3.27636e-05 
2.690 	 5.55738e-06 	 3.15171e-05 
2.692 	 5.33728e-06 	 3.03006e-05 
2.694 	 5.12398e-06 	 2.91183e-05 
2.696 	 4.91797e-06 	 2.79734e-05 
2.698 	 4.71959e-06 	 2.68685e-05 
2.700 	 4.52906e-06 	 2.58051e-05 
