Energy [eV] EELS_b EELS_a 
2.500 	 2.49843e-11 	 6.99857e-09 
2.502 	 2.55681e-11 	 7.19105e-09 
2.504 	 2.61792e-11 	 7.39258e-09 
2.506 	 2.68189e-11 	 7.60366e-09 
2.508 	 2.74889e-11 	 7.82483e-09 
2.510 	 2.81907e-11 	 8.05666e-09 
2.512 	 2.89261e-11 	 8.29974e-09 
2.514 	 2.96969e-11 	 8.55469e-09 
2.516 	 3.05048e-11 	 8.82216e-09 
2.519 	 3.13518e-11 	 9.10281e-09 
2.521 	 3.22398e-11 	 9.39736e-09 
2.523 	 3.31710e-11 	 9.70652e-09 
2.525 	 3.41472e-11 	 1.00310e-08 
2.527 	 3.51706e-11 	 1.03716e-08 
2.529 	 3.62432e-11 	 1.07290e-08 
2.531 	 3.73669e-11 	 1.11040e-08 
2.533 	 3.85437e-11 	 1.14972e-08 
2.535 	 3.97752e-11 	 1.19094e-08 
2.537 	 4.10629e-11 	 1.23411e-08 
2.539 	 4.24082e-11 	 1.27929e-08 
2.541 	 4.38117e-11 	 1.32652e-08 
2.543 	 4.52738e-11 	 1.37582e-08 
2.545 	 4.67941e-11 	 1.42720e-08 
2.547 	 4.83713e-11 	 1.48063e-08 
2.549 	 5.00033e-11 	 1.53607e-08 
2.551 	 5.16866e-11 	 1.59342e-08 
2.553 	 5.34162e-11 	 1.65254e-08 
2.555 	 5.51856e-11 	 1.71324e-08 
2.557 	 5.69862e-11 	 1.77526e-08 
2.559 	 5.88069e-11 	 1.83827e-08 
2.561 	 6.06346e-11 	 1.90187e-08 
2.563 	 6.24530e-11 	 1.96554e-08 
2.565 	 6.42431e-11 	 2.02870e-08 
2.567 	 6.59832e-11 	 2.09066e-08 
2.569 	 6.76485e-11 	 2.15063e-08 
2.571 	 6.92118e-11 	 2.20774e-08 
2.573 	 7.06438e-11 	 2.26104e-08 
2.575 	 7.19140e-11 	 2.30953e-08 
2.577 	 7.29912e-11 	 2.35220e-08 
2.579 	 7.38455e-11 	 2.38805e-08 
2.581 	 7.44489e-11 	 2.41612e-08 
2.583 	 7.47772e-11 	 2.43558e-08 
2.585 	 7.48113e-11 	 2.44573e-08 
2.587 	 7.45388e-11 	 2.44609e-08 
2.589 	 7.39545e-11 	 2.43639e-08 
2.591 	 7.30613e-11 	 2.41661e-08 
2.593 	 7.18703e-11 	 2.38699e-08 
2.595 	 7.04001e-11 	 2.34803e-08 
2.597 	 6.86764e-11 	 2.30045e-08 
2.599 	 6.67300e-11 	 2.24513e-08 
2.601 	 6.45957e-11 	 2.18313e-08 
2.603 	 6.23104e-11 	 2.11557e-08 
2.605 	 5.99116e-11 	 2.04361e-08 
2.607 	 5.74357e-11 	 1.96842e-08 
2.609 	 5.49170e-11 	 1.89108e-08 
2.611 	 5.23868e-11 	 1.81264e-08 
2.613 	 4.98725e-11 	 1.73400e-08 
2.615 	 4.73979e-11 	 1.65597e-08 
2.618 	 4.49824e-11 	 1.57924e-08 
2.620 	 4.26416e-11 	 1.50436e-08 
2.622 	 4.03877e-11 	 1.43180e-08 
2.624 	 3.82294e-11 	 1.36189e-08 
2.626 	 3.61725e-11 	 1.29488e-08 
2.628 	 3.42205e-11 	 1.23095e-08 
2.630 	 3.23747e-11 	 1.17019e-08 
2.632 	 3.06351e-11 	 1.11265e-08 
2.634 	 2.89999e-11 	 1.05832e-08 
2.636 	 2.74666e-11 	 1.00717e-08 
2.638 	 2.60317e-11 	 9.59111e-09 
2.640 	 2.46913e-11 	 9.14053e-09 
2.642 	 2.34408e-11 	 8.71877e-09 
2.644 	 2.22755e-11 	 8.32453e-09 
2.646 	 2.11905e-11 	 7.95637e-09 
2.648 	 2.01805e-11 	 7.61276e-09 
2.650 	 1.92404e-11 	 7.29211e-09 
2.652 	 1.83647e-11 	 6.99272e-09 
2.654 	 1.75480e-11 	 6.71286e-09 
2.656 	 1.67849e-11 	 6.45073e-09 
2.658 	 1.60700e-11 	 6.20452e-09 
2.660 	 1.53978e-11 	 5.97237e-09 
2.662 	 1.47632e-11 	 5.75246e-09 
2.664 	 1.41611e-11 	 5.54302e-09 
2.666 	 1.35868e-11 	 5.34236e-09 
2.668 	 1.30361e-11 	 5.14895e-09 
2.670 	 1.25054e-11 	 4.96148e-09 
2.672 	 1.19916e-11 	 4.77884e-09 
2.674 	 1.14925e-11 	 4.60022e-09 
2.676 	 1.10065e-11 	 4.42508e-09 
2.678 	 1.05328e-11 	 4.25314e-09 
2.680 	 1.00710e-11 	 4.08436e-09 
2.682 	 9.62142e-12 	 3.91890e-09 
2.684 	 9.18453e-12 	 3.75703e-09 
2.686 	 8.76104e-12 	 3.59913e-09 
2.688 	 8.35172e-12 	 3.44558e-09 
2.690 	 7.95726e-12 	 3.29675e-09 
2.692 	 7.57825e-12 	 3.15299e-09 
2.694 	 7.21512e-12 	 3.01454e-09 
2.696 	 6.86809e-12 	 2.88158e-09 
2.698 	 6.53721e-12 	 2.75423e-09 
2.700 	 6.22235e-12 	 2.63252e-09 
