Energy [eV] EELS_b EELS_a 
2.500 	 1.51855e-12 	 8.15316e-10 
2.502 	 1.54926e-12 	 8.35406e-10 
2.504 	 1.58141e-12 	 8.56427e-10 
2.506 	 1.61505e-12 	 8.78429e-10 
2.508 	 1.65027e-12 	 9.01467e-10 
2.510 	 1.68715e-12 	 9.25597e-10 
2.512 	 1.72577e-12 	 9.50879e-10 
2.514 	 1.76621e-12 	 9.77376e-10 
2.516 	 1.80856e-12 	 1.00515e-09 
2.519 	 1.85291e-12 	 1.03428e-09 
2.521 	 1.89936e-12 	 1.06483e-09 
2.523 	 1.94799e-12 	 1.09688e-09 
2.525 	 1.99891e-12 	 1.13049e-09 
2.527 	 2.05220e-12 	 1.16576e-09 
2.529 	 2.10796e-12 	 1.20276e-09 
2.531 	 2.16627e-12 	 1.24156e-09 
2.533 	 2.22721e-12 	 1.28226e-09 
2.535 	 2.29085e-12 	 1.32492e-09 
2.537 	 2.35726e-12 	 1.36963e-09 
2.539 	 2.42648e-12 	 1.41644e-09 
2.541 	 2.49852e-12 	 1.46543e-09 
2.543 	 2.57338e-12 	 1.51664e-09 
2.545 	 2.65103e-12 	 1.57011e-09 
2.547 	 2.73138e-12 	 1.62586e-09 
2.549 	 2.81430e-12 	 1.68388e-09 
2.551 	 2.89960e-12 	 1.74414e-09 
2.553 	 2.98703e-12 	 1.80655e-09 
2.555 	 3.07624e-12 	 1.87101e-09 
2.557 	 3.16681e-12 	 1.93735e-09 
2.559 	 3.25818e-12 	 2.00534e-09 
2.561 	 3.34972e-12 	 2.07468e-09 
2.563 	 3.44064e-12 	 2.14500e-09 
2.565 	 3.53004e-12 	 2.21584e-09 
2.567 	 3.61690e-12 	 2.28664e-09 
2.569 	 3.70004e-12 	 2.35675e-09 
2.571 	 3.77820e-12 	 2.42543e-09 
2.573 	 3.85002e-12 	 2.49182e-09 
2.575 	 3.91406e-12 	 2.55501e-09 
2.577 	 3.96886e-12 	 2.61398e-09 
2.579 	 4.01301e-12 	 2.66769e-09 
2.581 	 4.04516e-12 	 2.71507e-09 
2.583 	 4.06410e-12 	 2.75505e-09 
2.585 	 4.06883e-12 	 2.78665e-09 
2.587 	 4.05864e-12 	 2.80895e-09 
2.589 	 4.03309e-12 	 2.82120e-09 
2.591 	 3.99211e-12 	 2.82283e-09 
2.593 	 3.93599e-12 	 2.81350e-09 
2.595 	 3.86537e-12 	 2.79308e-09 
2.597 	 3.78123e-12 	 2.76175e-09 
2.599 	 3.68484e-12 	 2.71990e-09 
2.601 	 3.57771e-12 	 2.66821e-09 
2.603 	 3.46151e-12 	 2.60752e-09 
2.605 	 3.33802e-12 	 2.53889e-09 
2.607 	 3.20902e-12 	 2.46348e-09 
2.609 	 3.07628e-12 	 2.38253e-09 
2.611 	 2.94148e-12 	 2.29730e-09 
2.613 	 2.80616e-12 	 2.20905e-09 
2.615 	 2.67168e-12 	 2.11895e-09 
2.618 	 2.53924e-12 	 2.02811e-09 
2.620 	 2.40985e-12 	 1.93750e-09 
2.622 	 2.28433e-12 	 1.84798e-09 
2.624 	 2.16332e-12 	 1.76027e-09 
2.626 	 2.04729e-12 	 1.67496e-09 
2.628 	 1.93658e-12 	 1.59251e-09 
2.630 	 1.83139e-12 	 1.51328e-09 
2.632 	 1.73182e-12 	 1.43752e-09 
2.634 	 1.63788e-12 	 1.36539e-09 
2.636 	 1.54949e-12 	 1.29698e-09 
2.638 	 1.46654e-12 	 1.23231e-09 
2.640 	 1.38884e-12 	 1.17134e-09 
2.642 	 1.31620e-12 	 1.11401e-09 
2.644 	 1.24838e-12 	 1.06020e-09 
2.646 	 1.18511e-12 	 1.00979e-09 
2.648 	 1.12614e-12 	 9.62613e-10 
2.650 	 1.07118e-12 	 9.18496e-10 
2.652 	 1.01995e-12 	 8.77251e-10 
2.654 	 9.72149e-13 	 8.38680e-10 
2.656 	 9.27482e-13 	 8.02575e-10 
2.658 	 8.85652e-13 	 7.68721e-10 
2.660 	 8.46365e-13 	 7.36901e-10 
2.662 	 8.09334e-13 	 7.06897e-10 
2.664 	 7.74283e-13 	 6.78494e-10 
2.666 	 7.40954e-13 	 6.51487e-10 
2.668 	 7.09113e-13 	 6.25684e-10 
2.670 	 6.78554e-13 	 6.00912e-10 
2.672 	 6.49108e-13 	 5.77024e-10 
2.674 	 6.20641e-13 	 5.53898e-10 
2.676 	 5.93056e-13 	 5.31443e-10 
2.678 	 5.66295e-13 	 5.09598e-10 
2.680 	 5.40329e-13 	 4.88328e-10 
2.682 	 5.15155e-13 	 4.67622e-10 
2.684 	 4.90786e-13 	 4.47490e-10 
2.686 	 4.67249e-13 	 4.27949e-10 
2.688 	 4.44572e-13 	 4.09028e-10 
2.690 	 4.22782e-13 	 3.90752e-10 
2.692 	 4.01902e-13 	 3.73149e-10 
2.694 	 3.81944e-13 	 3.56238e-10 
2.696 	 3.62913e-13 	 3.40032e-10 
2.698 	 3.44805e-13 	 3.24537e-10 
2.700 	 3.27608e-13 	 3.09752e-10 
