Energy [eV] EELS_b EELS_a 
2.500 	 4.21383e-06 	 5.88351e-05 
2.502 	 4.34869e-06 	 6.08734e-05 
2.504 	 4.49023e-06 	 6.30162e-05 
2.506 	 4.63884e-06 	 6.52701e-05 
2.508 	 4.79497e-06 	 6.76420e-05 
2.510 	 4.95907e-06 	 7.01395e-05 
2.512 	 5.13163e-06 	 7.27704e-05 
2.514 	 5.31318e-06 	 7.55433e-05 
2.516 	 5.50427e-06 	 7.84670e-05 
2.519 	 5.70548e-06 	 8.15510e-05 
2.521 	 5.91742e-06 	 8.48053e-05 
2.523 	 6.14074e-06 	 8.82404e-05 
2.525 	 6.37611e-06 	 9.18673e-05 
2.527 	 6.62425e-06 	 9.56975e-05 
2.529 	 6.88588e-06 	 9.97427e-05 
2.531 	 7.16175e-06 	 1.04015e-04 
2.533 	 7.45263e-06 	 1.08528e-04 
2.535 	 7.75930e-06 	 1.13292e-04 
2.537 	 8.08254e-06 	 1.18321e-04 
2.539 	 8.42309e-06 	 1.23627e-04 
2.541 	 8.78169e-06 	 1.29220e-04 
2.543 	 9.15898e-06 	 1.35111e-04 
2.545 	 9.55554e-06 	 1.41309e-04 
2.547 	 9.97182e-06 	 1.47818e-04 
2.549 	 1.04081e-05 	 1.54644e-04 
2.551 	 1.08645e-05 	 1.61783e-04 
2.553 	 1.13407e-05 	 1.69231e-04 
2.555 	 1.18362e-05 	 1.76976e-04 
2.557 	 1.23501e-05 	 1.84997e-04 
2.559 	 1.28808e-05 	 1.93267e-04 
2.561 	 1.34263e-05 	 2.01745e-04 
2.563 	 1.39838e-05 	 2.10382e-04 
2.565 	 1.45498e-05 	 2.19113e-04 
2.567 	 1.51199e-05 	 2.27859e-04 
2.569 	 1.56888e-05 	 2.36528e-04 
2.571 	 1.62502e-05 	 2.45013e-04 
2.573 	 1.67971e-05 	 2.53191e-04 
2.575 	 1.73214e-05 	 2.60932e-04 
2.577 	 1.78144e-05 	 2.68095e-04 
2.579 	 1.82671e-05 	 2.74535e-04 
2.581 	 1.86700e-05 	 2.80111e-04 
2.583 	 1.90142e-05 	 2.84691e-04 
2.585 	 1.92911e-05 	 2.88159e-04 
2.587 	 1.94932e-05 	 2.90419e-04 
2.589 	 1.96148e-05 	 2.91407e-04 
2.591 	 1.96518e-05 	 2.91091e-04 
2.593 	 1.96022e-05 	 2.89474e-04 
2.595 	 1.94665e-05 	 2.86593e-04 
2.597 	 1.92475e-05 	 2.82521e-04 
2.599 	 1.89498e-05 	 2.77358e-04 
2.601 	 1.85803e-05 	 2.71225e-04 
2.603 	 1.81472e-05 	 2.64263e-04 
2.605 	 1.76597e-05 	 2.56618e-04 
2.607 	 1.71276e-05 	 2.48440e-04 
2.609 	 1.65609e-05 	 2.39873e-04 
2.611 	 1.59692e-05 	 2.31056e-04 
2.613 	 1.53617e-05 	 2.22114e-04 
2.615 	 1.47467e-05 	 2.13156e-04 
2.618 	 1.41316e-05 	 2.04279e-04 
2.620 	 1.35228e-05 	 1.95563e-04 
2.622 	 1.29257e-05 	 1.87073e-04 
2.624 	 1.23444e-05 	 1.78860e-04 
2.626 	 1.17825e-05 	 1.70964e-04 
2.628 	 1.12424e-05 	 1.63413e-04 
2.630 	 1.07261e-05 	 1.56225e-04 
2.632 	 1.02347e-05 	 1.49411e-04 
2.634 	 9.76881e-06 	 1.42977e-04 
2.636 	 9.32875e-06 	 1.36920e-04 
2.638 	 8.91431e-06 	 1.31235e-04 
2.640 	 8.52507e-06 	 1.25914e-04 
2.642 	 8.16032e-06 	 1.20945e-04 
2.644 	 7.81919e-06 	 1.16312e-04 
2.646 	 7.50063e-06 	 1.12001e-04 
2.648 	 7.20347e-06 	 1.07992e-04 
2.650 	 6.92640e-06 	 1.04266e-04 
2.652 	 6.66802e-06 	 1.00801e-04 
2.654 	 6.42683e-06 	 9.75745e-05 
2.656 	 6.20123e-06 	 9.45613e-05 
2.658 	 5.98957e-06 	 9.17354e-05 
2.660 	 5.79013e-06 	 8.90700e-05 
2.662 	 5.60118e-06 	 8.65376e-05 
2.664 	 5.42102e-06 	 8.41109e-05 
2.666 	 5.24801e-06 	 8.17637e-05 
2.668 	 5.08063e-06 	 7.94719e-05 
2.670 	 4.91756e-06 	 7.72145e-05 
2.672 	 4.75770e-06 	 7.49745e-05 
2.674 	 4.60021e-06 	 7.27392e-05 
2.676 	 4.44454e-06 	 7.05012e-05 
2.678 	 4.29043e-06 	 6.82576e-05 
2.680 	 4.13786e-06 	 6.60103e-05 
2.682 	 3.98702e-06 	 6.37645e-05 
2.684 	 3.83827e-06 	 6.15282e-05 
2.686 	 3.69203e-06 	 5.93109e-05 
2.688 	 3.54880e-06 	 5.71229e-05 
2.690 	 3.40904e-06 	 5.49739e-05 
2.692 	 3.27318e-06 	 5.28731e-05 
2.694 	 3.14159e-06 	 5.08284e-05 
2.696 	 3.01456e-06 	 4.88461e-05 
2.698 	 2.89229e-06 	 4.69310e-05 
2.700 	 2.77490e-06 	 4.50866e-05 
