Energy [eV] EELS_b EELS_a 
2.500 	 3.56438e-08 	 1.51439e-07 
2.502 	 3.66730e-08 	 1.55955e-07 
2.504 	 3.77504e-08 	 1.60684e-07 
2.506 	 3.88790e-08 	 1.65640e-07 
2.508 	 4.00614e-08 	 1.70834e-07 
2.510 	 4.13006e-08 	 1.76280e-07 
2.512 	 4.25998e-08 	 1.81992e-07 
2.514 	 4.39621e-08 	 1.87984e-07 
2.516 	 4.53910e-08 	 1.94272e-07 
2.519 	 4.68900e-08 	 2.00871e-07 
2.521 	 4.84625e-08 	 2.07797e-07 
2.523 	 5.01123e-08 	 2.15068e-07 
2.525 	 5.18431e-08 	 2.22699e-07 
2.527 	 5.36585e-08 	 2.30709e-07 
2.529 	 5.55623e-08 	 2.39113e-07 
2.531 	 5.75579e-08 	 2.47929e-07 
2.533 	 5.96488e-08 	 2.57172e-07 
2.535 	 6.18379e-08 	 2.66857e-07 
2.537 	 6.41279e-08 	 2.76996e-07 
2.539 	 6.65209e-08 	 2.87600e-07 
2.541 	 6.90182e-08 	 2.98677e-07 
2.543 	 7.16201e-08 	 3.10230e-07 
2.545 	 7.43257e-08 	 3.22256e-07 
2.547 	 7.71327e-08 	 3.34748e-07 
2.549 	 8.00368e-08 	 3.47689e-07 
2.551 	 8.30316e-08 	 3.61054e-07 
2.553 	 8.61080e-08 	 3.74805e-07 
2.555 	 8.92540e-08 	 3.88893e-07 
2.557 	 9.24541e-08 	 4.03253e-07 
2.559 	 9.56890e-08 	 4.17802e-07 
2.561 	 9.89352e-08 	 4.32441e-07 
2.563 	 1.02165e-07 	 4.47048e-07 
2.565 	 1.05345e-07 	 4.61484e-07 
2.567 	 1.08438e-07 	 4.75586e-07 
2.569 	 1.11404e-07 	 4.89175e-07 
2.571 	 1.14197e-07 	 5.02052e-07 
2.573 	 1.16770e-07 	 5.14006e-07 
2.575 	 1.19072e-07 	 5.24818e-07 
2.577 	 1.21057e-07 	 5.34269e-07 
2.579 	 1.22675e-07 	 5.42147e-07 
2.581 	 1.23885e-07 	 5.48256e-07 
2.583 	 1.24651e-07 	 5.52427e-07 
2.585 	 1.24946e-07 	 5.54529e-07 
2.587 	 1.24750e-07 	 5.54471e-07 
2.589 	 1.24059e-07 	 5.52214e-07 
2.591 	 1.22879e-07 	 5.47772e-07 
2.593 	 1.21226e-07 	 5.41211e-07 
2.595 	 1.19131e-07 	 5.32649e-07 
2.597 	 1.16632e-07 	 5.22246e-07 
2.599 	 1.13774e-07 	 5.10199e-07 
2.601 	 1.10610e-07 	 4.96731e-07 
2.603 	 1.07195e-07 	 4.82082e-07 
2.605 	 1.03583e-07 	 4.66495e-07 
2.607 	 9.98300e-08 	 4.50212e-07 
2.609 	 9.59863e-08 	 4.33464e-07 
2.611 	 9.20996e-08 	 4.16464e-07 
2.613 	 8.82123e-08 	 3.99403e-07 
2.615 	 8.43611e-08 	 3.82452e-07 
2.618 	 8.05774e-08 	 3.65754e-07 
2.620 	 7.68868e-08 	 3.49428e-07 
2.622 	 7.33100e-08 	 3.33572e-07 
2.624 	 6.98627e-08 	 3.18261e-07 
2.626 	 6.65565e-08 	 3.03552e-07 
2.628 	 6.33993e-08 	 2.89484e-07 
2.630 	 6.03957e-08 	 2.76081e-07 
2.632 	 5.75479e-08 	 2.63358e-07 
2.634 	 5.48557e-08 	 2.51317e-07 
2.636 	 5.23173e-08 	 2.39952e-07 
2.638 	 4.99293e-08 	 2.29251e-07 
2.640 	 4.76872e-08 	 2.19196e-07 
2.642 	 4.55857e-08 	 2.09765e-07 
2.644 	 4.36185e-08 	 2.00933e-07 
2.646 	 4.17789e-08 	 1.92669e-07 
2.648 	 4.00597e-08 	 1.84943e-07 
2.650 	 3.84532e-08 	 1.77721e-07 
2.652 	 3.69511e-08 	 1.70966e-07 
2.654 	 3.55449e-08 	 1.64642e-07 
2.656 	 3.42258e-08 	 1.58707e-07 
2.658 	 3.29847e-08 	 1.53121e-07 
2.660 	 3.18122e-08 	 1.47842e-07 
2.662 	 3.06991e-08 	 1.42827e-07 
2.664 	 2.96365e-08 	 1.38035e-07 
2.666 	 2.86156e-08 	 1.33427e-07 
2.668 	 2.76286e-08 	 1.28967e-07 
2.670 	 2.66688e-08 	 1.24622e-07 
2.672 	 2.57306e-08 	 1.20368e-07 
2.674 	 2.48099e-08 	 1.16186e-07 
2.676 	 2.39039e-08 	 1.12062e-07 
2.678 	 2.30115e-08 	 1.07992e-07 
2.680 	 2.21326e-08 	 1.03976e-07 
2.682 	 2.12683e-08 	 1.00018e-07 
2.684 	 2.04204e-08 	 9.61285e-08 
2.686 	 1.95910e-08 	 9.23173e-08 
2.688 	 1.87825e-08 	 8.85959e-08 
2.690 	 1.79971e-08 	 8.49753e-08 
2.692 	 1.72368e-08 	 8.14653e-08 
2.694 	 1.65031e-08 	 7.80740e-08 
2.696 	 1.57973e-08 	 7.48074e-08 
2.698 	 1.51201e-08 	 7.16696e-08 
2.700 	 1.44718e-08 	 6.86626e-08 
