Energy [eV] EELS_b EELS_a 
2.500 	 8.01848e-08 	 2.73336e-06 
2.502 	 8.25820e-08 	 2.82015e-06 
2.504 	 8.50942e-08 	 2.91114e-06 
2.506 	 8.77280e-08 	 3.00657e-06 
2.508 	 9.04904e-08 	 3.10669e-06 
2.510 	 9.33887e-08 	 3.21178e-06 
2.512 	 9.64307e-08 	 3.32212e-06 
2.514 	 9.96243e-08 	 3.43802e-06 
2.516 	 1.02978e-07 	 3.55977e-06 
2.519 	 1.06501e-07 	 3.68772e-06 
2.521 	 1.10201e-07 	 3.82219e-06 
2.523 	 1.14089e-07 	 3.96354e-06 
2.525 	 1.18174e-07 	 4.11212e-06 
2.527 	 1.22465e-07 	 4.26830e-06 
2.529 	 1.26972e-07 	 4.43244e-06 
2.531 	 1.31704e-07 	 4.60491e-06 
2.533 	 1.36672e-07 	 4.78605e-06 
2.535 	 1.41882e-07 	 4.97621e-06 
2.537 	 1.47343e-07 	 5.17570e-06 
2.539 	 1.53061e-07 	 5.38479e-06 
2.541 	 1.59041e-07 	 5.60370e-06 
2.543 	 1.65286e-07 	 5.83257e-06 
2.545 	 1.71795e-07 	 6.07146e-06 
2.547 	 1.78564e-07 	 6.32030e-06 
2.549 	 1.85585e-07 	 6.57890e-06 
2.551 	 1.92845e-07 	 6.84686e-06 
2.553 	 2.00323e-07 	 7.12358e-06 
2.555 	 2.07993e-07 	 7.40822e-06 
2.557 	 2.15818e-07 	 7.69963e-06 
2.559 	 2.23754e-07 	 7.99635e-06 
2.561 	 2.31743e-07 	 8.29652e-06 
2.563 	 2.39718e-07 	 8.59792e-06 
2.565 	 2.47600e-07 	 8.89787e-06 
2.567 	 2.55297e-07 	 9.19328e-06 
2.569 	 2.62706e-07 	 9.48062e-06 
2.571 	 2.69713e-07 	 9.75601e-06 
2.573 	 2.76199e-07 	 1.00152e-05 
2.575 	 2.82039e-07 	 1.02538e-05 
2.577 	 2.87107e-07 	 1.04673e-05 
2.579 	 2.91282e-07 	 1.06511e-05 
2.581 	 2.94456e-07 	 1.08013e-05 
2.583 	 2.96535e-07 	 1.09139e-05 
2.585 	 2.97445e-07 	 1.09861e-05 
2.587 	 2.97143e-07 	 1.10154e-05 
2.589 	 2.95611e-07 	 1.10008e-05 
2.591 	 2.92864e-07 	 1.09421e-05 
2.593 	 2.88948e-07 	 1.08400e-05 
2.595 	 2.83937e-07 	 1.06966e-05 
2.597 	 2.77929e-07 	 1.05148e-05 
2.599 	 2.71042e-07 	 1.02983e-05 
2.601 	 2.63406e-07 	 1.00512e-05 
2.603 	 2.55160e-07 	 9.77841e-06 
2.605 	 2.46443e-07 	 9.48464e-06 
2.607 	 2.37391e-07 	 9.17477e-06 
2.609 	 2.28130e-07 	 8.85349e-06 
2.611 	 2.18777e-07 	 8.52517e-06 
2.613 	 2.09437e-07 	 8.19381e-06 
2.615 	 2.00197e-07 	 7.86293e-06 
2.618 	 1.91132e-07 	 7.53559e-06 
2.620 	 1.82305e-07 	 7.21436e-06 
2.622 	 1.73763e-07 	 6.90135e-06 
2.624 	 1.65543e-07 	 6.59824e-06 
2.626 	 1.57671e-07 	 6.30629e-06 
2.628 	 1.50164e-07 	 6.02645e-06 
2.630 	 1.43033e-07 	 5.75935e-06 
2.632 	 1.36281e-07 	 5.50535e-06 
2.634 	 1.29905e-07 	 5.26463e-06 
2.636 	 1.23901e-07 	 5.03716e-06 
2.638 	 1.18260e-07 	 4.82278e-06 
2.640 	 1.12969e-07 	 4.62120e-06 
2.642 	 1.08016e-07 	 4.43203e-06 
2.644 	 1.03384e-07 	 4.25480e-06 
2.646 	 9.90569e-08 	 4.08897e-06 
2.648 	 9.50173e-08 	 3.93392e-06 
2.650 	 9.12460e-08 	 3.78901e-06 
2.652 	 8.77231e-08 	 3.65352e-06 
2.654 	 8.44279e-08 	 3.52666e-06 
2.656 	 8.13391e-08 	 3.40764e-06 
2.658 	 7.84346e-08 	 3.29559e-06 
2.660 	 7.56920e-08 	 3.18964e-06 
2.662 	 7.30889e-08 	 3.08888e-06 
2.664 	 7.06035e-08 	 2.99245e-06 
2.666 	 6.82151e-08 	 2.89947e-06 
2.668 	 6.59049e-08 	 2.80919e-06 
2.670 	 6.36564e-08 	 2.72092e-06 
2.672 	 6.14561e-08 	 2.63410e-06 
2.674 	 5.92942e-08 	 2.54832e-06 
2.676 	 5.71643e-08 	 2.46332e-06 
2.678 	 5.50633e-08 	 2.37899e-06 
2.680 	 5.29914e-08 	 2.29536e-06 
2.682 	 5.09513e-08 	 2.21256e-06 
2.684 	 4.89473e-08 	 2.13081e-06 
2.686 	 4.69850e-08 	 2.05037e-06 
2.688 	 4.50700e-08 	 1.97153e-06 
2.690 	 4.32081e-08 	 1.89454e-06 
2.692 	 4.14041e-08 	 1.81967e-06 
2.694 	 3.96621e-08 	 1.74712e-06 
2.696 	 3.79851e-08 	 1.67704e-06 
2.698 	 3.63750e-08 	 1.60957e-06 
2.700 	 3.48330e-08 	 1.54476e-06 
