Energy [eV] EELS_b EELS_a 
2.500 	 5.50655e-13 	 3.34418e-10 
2.502 	 5.57951e-13 	 3.40509e-10 
2.504 	 5.65672e-13 	 3.46913e-10 
2.506 	 5.73830e-13 	 3.53645e-10 
2.508 	 5.82461e-13 	 3.60729e-10 
2.510 	 5.91586e-13 	 3.68183e-10 
2.512 	 6.01216e-13 	 3.76021e-10 
2.514 	 6.11374e-13 	 3.84265e-10 
2.516 	 6.22103e-13 	 3.92943e-10 
2.519 	 6.33421e-13 	 4.02076e-10 
2.521 	 6.45354e-13 	 4.11686e-10 
2.523 	 6.57941e-13 	 4.21804e-10 
2.525 	 6.71204e-13 	 4.32455e-10 
2.527 	 6.85189e-13 	 4.43674e-10 
2.529 	 6.99914e-13 	 4.55484e-10 
2.531 	 7.15425e-13 	 4.67923e-10 
2.533 	 7.31760e-13 	 4.81024e-10 
2.535 	 7.48955e-13 	 4.94825e-10 
2.537 	 7.67041e-13 	 5.09357e-10 
2.539 	 7.86064e-13 	 5.24662e-10 
2.541 	 8.06067e-13 	 5.40784e-10 
2.543 	 8.27070e-13 	 5.57751e-10 
2.545 	 8.49125e-13 	 5.75612e-10 
2.547 	 8.72255e-13 	 5.94402e-10 
2.549 	 8.96479e-13 	 6.14155e-10 
2.551 	 9.21833e-13 	 6.34910e-10 
2.553 	 9.48337e-13 	 6.56706e-10 
2.555 	 9.75973e-13 	 6.79557e-10 
2.557 	 1.00475e-12 	 7.03493e-10 
2.559 	 1.03463e-12 	 7.28510e-10 
2.561 	 1.06556e-12 	 7.54619e-10 
2.563 	 1.09752e-12 	 7.81815e-10 
2.565 	 1.13038e-12 	 8.10052e-10 
2.567 	 1.16401e-12 	 8.39281e-10 
2.569 	 1.19826e-12 	 8.69434e-10 
2.571 	 1.23294e-12 	 9.00400e-10 
2.573 	 1.26777e-12 	 9.32034e-10 
2.575 	 1.30248e-12 	 9.64172e-10 
2.577 	 1.33671e-12 	 9.96603e-10 
2.579 	 1.37007e-12 	 1.02906e-09 
2.581 	 1.40208e-12 	 1.06125e-09 
2.583 	 1.43226e-12 	 1.09281e-09 
2.585 	 1.46007e-12 	 1.12336e-09 
2.587 	 1.48494e-12 	 1.15248e-09 
2.589 	 1.50629e-12 	 1.17970e-09 
2.591 	 1.52357e-12 	 1.20453e-09 
2.593 	 1.53623e-12 	 1.22650e-09 
2.595 	 1.54381e-12 	 1.24512e-09 
2.597 	 1.54589e-12 	 1.25994e-09 
2.599 	 1.54218e-12 	 1.27053e-09 
2.601 	 1.53253e-12 	 1.27655e-09 
2.603 	 1.51687e-12 	 1.27773e-09 
2.605 	 1.49532e-12 	 1.27389e-09 
2.607 	 1.46812e-12 	 1.26496e-09 
2.609 	 1.43565e-12 	 1.25100e-09 
2.611 	 1.39839e-12 	 1.23216e-09 
2.613 	 1.35694e-12 	 1.20872e-09 
2.615 	 1.31196e-12 	 1.18108e-09 
2.618 	 1.26414e-12 	 1.14970e-09 
2.620 	 1.21421e-12 	 1.11512e-09 
2.622 	 1.16284e-12 	 1.07792e-09 
2.624 	 1.11073e-12 	 1.03871e-09 
2.626 	 1.05846e-12 	 9.98064e-10 
2.628 	 1.00660e-12 	 9.56567e-10 
2.630 	 9.55618e-13 	 9.14744e-10 
2.632 	 9.05908e-13 	 8.73065e-10 
2.634 	 8.57782e-13 	 8.31934e-10 
2.636 	 8.11492e-13 	 7.91698e-10 
2.638 	 7.67216e-13 	 7.52634e-10 
2.640 	 7.25069e-13 	 7.14957e-10 
2.642 	 6.85118e-13 	 6.78823e-10 
2.644 	 6.47384e-13 	 6.44340e-10 
2.646 	 6.11855e-13 	 6.11572e-10 
2.648 	 5.78485e-13 	 5.80542e-10 
2.650 	 5.47205e-13 	 5.51243e-10 
2.652 	 5.17930e-13 	 5.23647e-10 
2.654 	 4.90559e-13 	 4.97697e-10 
2.656 	 4.64982e-13 	 4.73326e-10 
2.658 	 4.41083e-13 	 4.50454e-10 
2.660 	 4.18731e-13 	 4.28985e-10 
2.662 	 3.97810e-13 	 4.08825e-10 
2.664 	 3.78189e-13 	 3.89871e-10 
2.666 	 3.59747e-13 	 3.72019e-10 
2.668 	 3.42374e-13 	 3.55175e-10 
2.670 	 3.25957e-13 	 3.39237e-10 
2.672 	 3.10390e-13 	 3.24111e-10 
2.674 	 2.95595e-13 	 3.09723e-10 
2.676 	 2.81490e-13 	 2.95993e-10 
2.678 	 2.68020e-13 	 2.82870e-10 
2.680 	 2.55134e-13 	 2.70299e-10 
2.682 	 2.42802e-13 	 2.58249e-10 
2.684 	 2.30987e-13 	 2.46684e-10 
2.686 	 2.19681e-13 	 2.35590e-10 
2.688 	 2.08864e-13 	 2.24949e-10 
2.690 	 1.98530e-13 	 2.14753e-10 
2.692 	 1.88682e-13 	 2.05003e-10 
2.694 	 1.79294e-13 	 1.95678e-10 
2.696 	 1.70358e-13 	 1.86773e-10 
2.698 	 1.61888e-13 	 1.78295e-10 
2.700 	 1.53839e-13 	 1.70213e-10 
