Energy [eV] EELS_b EELS_a 
2.500 	 9.89662e-11 	 3.97886e-10 
2.502 	 1.01335e-10 	 4.07845e-10 
2.504 	 1.03814e-10 	 4.18266e-10 
2.506 	 1.06409e-10 	 4.29176e-10 
2.508 	 1.09126e-10 	 4.40602e-10 
2.510 	 1.11972e-10 	 4.52573e-10 
2.512 	 1.14954e-10 	 4.65117e-10 
2.514 	 1.18079e-10 	 4.78266e-10 
2.516 	 1.21354e-10 	 4.92052e-10 
2.519 	 1.24788e-10 	 5.06510e-10 
2.521 	 1.28389e-10 	 5.21674e-10 
2.523 	 1.32164e-10 	 5.37579e-10 
2.525 	 1.36123e-10 	 5.54263e-10 
2.527 	 1.40274e-10 	 5.71763e-10 
2.529 	 1.44626e-10 	 5.90115e-10 
2.531 	 1.49186e-10 	 6.09356e-10 
2.533 	 1.53963e-10 	 6.29522e-10 
2.535 	 1.58965e-10 	 6.50647e-10 
2.537 	 1.64199e-10 	 6.72759e-10 
2.539 	 1.69669e-10 	 6.95887e-10 
2.541 	 1.75381e-10 	 7.20050e-10 
2.543 	 1.81338e-10 	 7.45260e-10 
2.545 	 1.87537e-10 	 7.71519e-10 
2.547 	 1.93978e-10 	 7.98817e-10 
2.549 	 2.00652e-10 	 8.27127e-10 
2.551 	 2.07549e-10 	 8.56404e-10 
2.553 	 2.14651e-10 	 8.86578e-10 
2.555 	 2.21934e-10 	 9.17553e-10 
2.557 	 2.29367e-10 	 9.49199e-10 
2.559 	 2.36910e-10 	 9.81352e-10 
2.561 	 2.44513e-10 	 1.01380e-09 
2.563 	 2.52116e-10 	 1.04630e-09 
2.565 	 2.59645e-10 	 1.07854e-09 
2.567 	 2.67017e-10 	 1.11018e-09 
2.569 	 2.74136e-10 	 1.14081e-09 
2.571 	 2.80896e-10 	 1.16998e-09 
2.573 	 2.87179e-10 	 1.19720e-09 
2.575 	 2.92863e-10 	 1.22197e-09 
2.577 	 2.97821e-10 	 1.24373e-09 
2.579 	 3.01928e-10 	 1.26196e-09 
2.581 	 3.05063e-10 	 1.27616e-09 
2.583 	 3.07120e-10 	 1.28586e-09 
2.585 	 3.08011e-10 	 1.29069e-09 
2.587 	 3.07668e-10 	 1.29036e-09 
2.589 	 3.06057e-10 	 1.28471e-09 
2.591 	 3.03171e-10 	 1.27371e-09 
2.593 	 2.99039e-10 	 1.25745e-09 
2.595 	 2.93720e-10 	 1.23619e-09 
2.597 	 2.87305e-10 	 1.21029e-09 
2.599 	 2.79908e-10 	 1.18022e-09 
2.601 	 2.71662e-10 	 1.14653e-09 
2.603 	 2.62714e-10 	 1.10983e-09 
2.605 	 2.53214e-10 	 1.07075e-09 
2.607 	 2.43314e-10 	 1.02991e-09 
2.609 	 2.33158e-10 	 9.87919e-10 
2.611 	 2.22880e-10 	 9.45340e-10 
2.613 	 2.12600e-10 	 9.02679e-10 
2.615 	 2.02424e-10 	 8.60379e-10 
2.618 	 1.92440e-10 	 8.18816e-10 
2.620 	 1.82720e-10 	 7.78300e-10 
2.622 	 1.73323e-10 	 7.39077e-10 
2.624 	 1.64291e-10 	 7.01334e-10 
2.626 	 1.55656e-10 	 6.65208e-10 
2.628 	 1.47438e-10 	 6.30787e-10 
2.630 	 1.39646e-10 	 5.98124e-10 
2.632 	 1.32286e-10 	 5.67236e-10 
2.634 	 1.25354e-10 	 5.38117e-10 
2.636 	 1.18841e-10 	 5.10739e-10 
2.638 	 1.12736e-10 	 4.85056e-10 
2.640 	 1.07026e-10 	 4.61011e-10 
2.642 	 1.01691e-10 	 4.38536e-10 
2.644 	 9.67152e-11 	 4.17555e-10 
2.646 	 9.20772e-11 	 3.97988e-10 
2.648 	 8.77565e-11 	 3.79750e-10 
2.650 	 8.37316e-11 	 3.62751e-10 
2.652 	 7.99805e-11 	 3.46900e-10 
2.654 	 7.64805e-11 	 3.32103e-10 
2.656 	 7.32089e-11 	 3.18264e-10 
2.658 	 7.01428e-11 	 3.05287e-10 
2.660 	 6.72592e-11 	 2.93074e-10 
2.662 	 6.45358e-11 	 2.81530e-10 
2.664 	 6.19511e-11 	 2.70564e-10 
2.666 	 5.94850e-11 	 2.60090e-10 
2.668 	 5.71192e-11 	 2.50029e-10 
2.670 	 5.48378e-11 	 2.40314e-10 
2.672 	 5.26279e-11 	 2.30889e-10 
2.674 	 5.04795e-11 	 2.21710e-10 
2.676 	 4.83858e-11 	 2.12750e-10 
2.678 	 4.63430e-11 	 2.03992e-10 
2.680 	 4.43498e-11 	 1.95431e-10 
2.682 	 4.24072e-11 	 1.87074e-10 
2.684 	 4.05174e-11 	 1.78930e-10 
2.686 	 3.86836e-11 	 1.71015e-10 
2.688 	 3.69092e-11 	 1.63345e-10 
2.690 	 3.51975e-11 	 1.55935e-10 
2.692 	 3.35511e-11 	 1.48799e-10 
2.694 	 3.19721e-11 	 1.41945e-10 
2.696 	 3.04617e-11 	 1.35382e-10 
2.698 	 2.90202e-11 	 1.29110e-10 
2.700 	 2.76472e-11 	 1.23130e-10 
