Energy [eV] Ext Cross [um^2] Abs Cross [um^2] Sca Cross [um^2] 
3.000 	 6.67431e-05 	 6.66346e-05 	 1.08537e-07 
2.960 	 7.01595e-05 	 6.98719e-05 	 2.87669e-07 
2.922 	 7.36689e-05 	 7.30886e-05 	 5.80266e-07 
2.884 	 7.77389e-05 	 7.67524e-05 	 9.86460e-07 
2.848 	 8.21025e-05 	 8.06082e-05 	 1.49429e-06 
2.812 	 8.66532e-05 	 8.45449e-05 	 2.10831e-06 
2.777 	 9.17576e-05 	 8.89345e-05 	 2.82308e-06 
2.743 	 9.73304e-05 	 9.36915e-05 	 3.63890e-06 
2.710 	 1.03411e-04 	 9.88558e-05 	 4.55569e-06 
2.678 	 1.09303e-04 	 1.03729e-04 	 5.57358e-06 
2.646 	 1.15740e-04 	 1.09045e-04 	 6.69564e-06 
2.615 	 1.22809e-04 	 1.14884e-04 	 7.92501e-06 
2.585 	 1.30451e-04 	 1.21185e-04 	 9.26563e-06 
2.556 	 1.38709e-04 	 1.27986e-04 	 1.07230e-05 
2.527 	 1.47591e-04 	 1.35289e-04 	 1.23017e-05 
2.499 	 1.57032e-04 	 1.43021e-04 	 1.40107e-05 
2.471 	 1.67216e-04 	 1.51356e-04 	 1.58603e-05 
2.444 	 1.78216e-04 	 1.60356e-04 	 1.78601e-05 
2.418 	 1.90071e-04 	 1.70049e-04 	 2.00222e-05 
2.392 	 2.02814e-04 	 1.80454e-04 	 2.23603e-05 
2.367 	 2.16483e-04 	 1.91593e-04 	 2.48898e-05 
2.342 	 2.31524e-04 	 2.03898e-04 	 2.76268e-05 
2.318 	 2.48309e-04 	 2.17712e-04 	 3.05974e-05 
2.294 	 2.66462e-04 	 2.32635e-04 	 3.38278e-05 
2.271 	 2.86138e-04 	 2.48792e-04 	 3.73456e-05 
2.248 	 3.07599e-04 	 2.66415e-04 	 4.11835e-05 
2.226 	 3.31101e-04 	 2.85721e-04 	 4.53793e-05 
2.204 	 3.56923e-04 	 3.06944e-04 	 4.99789e-05 
2.182 	 3.85381e-04 	 3.30345e-04 	 5.50353e-05 
2.161 	 4.16840e-04 	 3.56230e-04 	 6.06102e-05 
2.141 	 4.51732e-04 	 3.84956e-04 	 6.67765e-05 
2.121 	 4.90563e-04 	 4.16942e-04 	 7.36207e-05 
2.101 	 5.33934e-04 	 4.52689e-04 	 8.12453e-05 
2.081 	 5.82566e-04 	 4.92793e-04 	 8.97732e-05 
2.062 	 6.37326e-04 	 5.37973e-04 	 9.93529e-05 
2.043 	 6.99267e-04 	 5.89103e-04 	 1.10164e-04 
2.025 	 7.69676e-04 	 6.47250e-04 	 1.22426e-04 
2.007 	 8.50135e-04 	 7.13725e-04 	 1.36410e-04 
1.989 	 9.42612e-04 	 7.90160e-04 	 1.52452e-04 
1.971 	 1.04956e-03 	 8.78588e-04 	 1.70971e-04 
1.954 	 1.17408e-03 	 9.81582e-04 	 1.92495e-04 
1.937 	 1.32015e-03 	 1.10244e-03 	 2.17704e-04 
1.921 	 1.49292e-03 	 1.24544e-03 	 2.47481e-04 
1.904 	 1.69915e-03 	 1.41618e-03 	 2.82976e-04 
1.888 	 1.94778e-03 	 1.62207e-03 	 3.25713e-04 
1.873 	 2.25089e-03 	 1.87314e-03 	 3.77752e-04 
1.857 	 2.62504e-03 	 2.18312e-03 	 4.41917e-04 
1.842 	 3.09338e-03 	 2.57122e-03 	 5.22153e-04 
1.827 	 3.68886e-03 	 3.06478e-03 	 6.24078e-04 
1.812 	 4.45940e-03 	 3.70355e-03 	 7.55852e-04 
1.798 	 5.47612e-03 	 4.54654e-03 	 9.29580e-04 
1.783 	 6.84676e-03 	 5.68316e-03 	 1.16359e-03 
1.769 	 8.73730e-03 	 7.25118e-03 	 1.48612e-03 
1.755 	 1.14044e-02 	 9.46360e-03 	 1.94078e-03 
1.742 	 1.52333e-02 	 1.26403e-02 	 2.59298e-03 
1.728 	 2.07345e-02 	 1.72052e-02 	 3.52926e-03 
1.715 	 2.82990e-02 	 2.34836e-02 	 4.81543e-03 
1.702 	 3.72066e-02 	 3.08788e-02 	 6.32778e-03 
1.689 	 4.39354e-02 	 3.64689e-02 	 7.46645e-03 
1.677 	 4.36595e-02 	 3.62472e-02 	 7.41230e-03 
1.664 	 3.67253e-02 	 3.04977e-02 	 6.22767e-03 
1.652 	 2.80429e-02 	 2.32941e-02 	 4.74880e-03 
1.640 	 2.07791e-02 	 1.72659e-02 	 3.51328e-03 
1.628 	 1.54899e-02 	 1.28755e-02 	 2.61447e-03 
1.616 	 1.17794e-02 	 9.79499e-03 	 1.98443e-03 
1.605 	 9.16828e-03 	 7.62690e-03 	 1.54139e-03 
1.593 	 7.29745e-03 	 6.07327e-03 	 1.22418e-03 
1.582 	 5.92671e-03 	 4.93479e-03 	 9.91921e-04 
1.571 	 4.89954e-03 	 4.08154e-03 	 8.18000e-04 
1.560 	 4.11345e-03 	 3.42846e-03 	 6.84994e-04 
1.549 	 3.50027e-03 	 2.91895e-03 	 5.81319e-04 
1.539 	 3.01368e-03 	 2.51457e-03 	 4.99111e-04 
1.528 	 2.62161e-03 	 2.18869e-03 	 4.32922e-04 
1.518 	 2.30134e-03 	 1.92244e-03 	 3.78899e-04 
1.508 	 2.03652e-03 	 1.70225e-03 	 3.34267e-04 
1.497 	 1.81513e-03 	 1.51814e-03 	 2.96987e-04 
1.488 	 1.62821e-03 	 1.36267e-03 	 2.65541e-04 
1.478 	 1.46899e-03 	 1.23021e-03 	 2.38782e-04 
1.468 	 1.33227e-03 	 1.11644e-03 	 2.15825e-04 
1.459 	 1.21400e-03 	 1.01801e-03 	 1.95988e-04 
1.449 	 1.11100e-03 	 9.32266e-04 	 1.78732e-04 
1.440 	 1.02075e-03 	 8.57120e-04 	 1.63629e-04 
1.431 	 9.41223e-04 	 7.90888e-04 	 1.50336e-04 
1.422 	 8.70781e-04 	 7.32205e-04 	 1.38576e-04 
1.413 	 8.08084e-04 	 6.79961e-04 	 1.28122e-04 
1.404 	 7.52028e-04 	 6.33239e-04 	 1.18789e-04 
1.395 	 7.01704e-04 	 5.91283e-04 	 1.10421e-04 
1.386 	 6.56351e-04 	 5.53460e-04 	 1.02891e-04 
1.378 	 6.15331e-04 	 5.19241e-04 	 9.60904e-05 
1.369 	 5.78106e-04 	 4.88177e-04 	 8.99282e-05 
1.361 	 5.44216e-04 	 4.59889e-04 	 8.43271e-05 
1.353 	 5.13271e-04 	 4.34050e-04 	 7.92211e-05 
1.345 	 4.84937e-04 	 4.10383e-04 	 7.45537e-05 
1.337 	 4.58923e-04 	 3.88647e-04 	 7.02761e-05 
1.329 	 4.34981e-04 	 3.68635e-04 	 6.63462e-05 
1.321 	 4.12894e-04 	 3.50167e-04 	 6.27275e-05 
1.313 	 3.92473e-04 	 3.33085e-04 	 5.93881e-05 
1.306 	 3.73551e-04 	 3.17251e-04 	 5.63000e-05 
1.298 	 3.55985e-04 	 3.02546e-04 	 5.34387e-05 
1.291 	 3.39645e-04 	 2.88863e-04 	 5.07827e-05 
1.283 	 3.24419e-04 	 2.76106e-04 	 4.83129e-05 
1.276 	 3.10205e-04 	 2.64192e-04 	 4.60123e-05 
1.269 	 2.96914e-04 	 2.53048e-04 	 4.38659e-05 
1.262 	 2.84467e-04 	 2.42607e-04 	 4.18603e-05 
1.255 	 2.72793e-04 	 2.32809e-04 	 3.99836e-05 
1.248 	 2.61827e-04 	 2.23602e-04 	 3.82250e-05 
1.241 	 2.51513e-04 	 2.14938e-04 	 3.65749e-05 
1.234 	 2.41798e-04 	 2.06774e-04 	 3.50245e-05 
1.227 	 2.32637e-04 	 1.99071e-04 	 3.35662e-05 
1.220 	 2.23987e-04 	 1.91794e-04 	 3.21928e-05 
1.214 	 2.15810e-04 	 1.84912e-04 	 3.08978e-05 
1.207 	 2.08071e-04 	 1.78396e-04 	 2.96756e-05 
1.201 	 2.00739e-04 	 1.72219e-04 	 2.85208e-05 
1.194 	 1.93786e-04 	 1.66357e-04 	 2.74286e-05 
1.188 	 1.87184e-04 	 1.60789e-04 	 2.63946e-05 
1.182 	 1.80909e-04 	 1.55495e-04 	 2.54148e-05 
1.176 	 1.74941e-04 	 1.50456e-04 	 2.44855e-05 
1.169 	 1.69259e-04 	 1.45656e-04 	 2.36033e-05 
1.163 	 1.63844e-04 	 1.41079e-04 	 2.27653e-05 
1.157 	 1.58679e-04 	 1.36711e-04 	 2.19684e-05 
1.151 	 1.53749e-04 	 1.32539e-04 	 2.12101e-05 
1.146 	 1.49040e-04 	 1.28552e-04 	 2.04881e-05 
1.140 	 1.44537e-04 	 1.24737e-04 	 1.97999e-05 
1.134 	 1.40229e-04 	 1.21085e-04 	 1.91437e-05 
1.128 	 1.36103e-04 	 1.17586e-04 	 1.85175e-05 
1.123 	 1.32150e-04 	 1.14231e-04 	 1.79195e-05 
1.117 	 1.28360e-04 	 1.11012e-04 	 1.73480e-05 
1.112 	 1.24723e-04 	 1.07922e-04 	 1.68016e-05 
1.106 	 1.21232e-04 	 1.04953e-04 	 1.62789e-05 
1.101 	 1.17877e-04 	 1.02099e-04 	 1.57785e-05 
1.095 	 1.14652e-04 	 9.93530e-05 	 1.52992e-05 
1.090 	 1.11550e-04 	 9.67103e-05 	 1.48399e-05 
1.085 	 1.08565e-04 	 9.41651e-05 	 1.43994e-05 
1.079 	 1.05689e-04 	 9.17124e-05 	 1.39768e-05 
1.074 	 1.02919e-04 	 8.93474e-05 	 1.35712e-05 
1.069 	 1.00247e-04 	 8.70658e-05 	 1.31817e-05 
1.064 	 9.76708e-05 	 8.48633e-05 	 1.28074e-05 
1.059 	 9.51840e-05 	 8.27363e-05 	 1.24477e-05 
1.054 	 9.27826e-05 	 8.06809e-05 	 1.21017e-05 
1.049 	 9.04627e-05 	 7.86939e-05 	 1.17688e-05 
1.044 	 8.82203e-05 	 7.67719e-05 	 1.14484e-05 
1.039 	 8.60519e-05 	 7.49120e-05 	 1.11398e-05 
1.035 	 8.39540e-05 	 7.31114e-05 	 1.08426e-05 
1.030 	 8.19235e-05 	 7.13674e-05 	 1.05561e-05 
1.025 	 7.99573e-05 	 6.96774e-05 	 1.02799e-05 
1.020 	 7.80526e-05 	 6.80390e-05 	 1.00135e-05 
1.016 	 7.62066e-05 	 6.64501e-05 	 9.75649e-06 
1.011 	 7.44168e-05 	 6.49084e-05 	 9.50840e-06 
1.007 	 7.26807e-05 	 6.34119e-05 	 9.26886e-06 
1.002 	 7.09961e-05 	 6.19587e-05 	 9.03748e-06 
0.998 	 6.93608e-05 	 6.05469e-05 	 8.81391e-06 
0.993 	 6.77727e-05 	 5.91749e-05 	 8.59782e-06 
0.989 	 6.62299e-05 	 5.78410e-05 	 8.38889e-06 
0.985 	 6.47305e-05 	 5.65437e-05 	 8.18681e-06 
0.980 	 6.32728e-05 	 5.52815e-05 	 7.99130e-06 
0.976 	 6.18550e-05 	 5.40530e-05 	 7.80208e-06 
0.972 	 6.04757e-05 	 5.28568e-05 	 7.61891e-06 
0.968 	 5.91334e-05 	 5.16918e-05 	 7.44152e-06 
0.963 	 5.78265e-05 	 5.05568e-05 	 7.26970e-06 
0.959 	 5.65538e-05 	 4.94506e-05 	 7.10322e-06 
0.955 	 5.53139e-05 	 4.83720e-05 	 6.94187e-06 
0.951 	 5.41056e-05 	 4.73202e-05 	 6.78545e-06 
0.947 	 5.29278e-05 	 4.62940e-05 	 6.63376e-06 
0.943 	 5.17792e-05 	 4.52926e-05 	 6.48663e-06 
0.939 	 5.06589e-05 	 4.43151e-05 	 6.34388e-06 
0.935 	 4.95658e-05 	 4.33605e-05 	 6.20534e-06 
0.931 	 4.84990e-05 	 4.24281e-05 	 6.07086e-06 
0.928 	 4.74574e-05 	 4.15171e-05 	 5.94029e-06 
0.924 	 4.64402e-05 	 4.06267e-05 	 5.81349e-06 
0.920 	 4.54465e-05 	 3.97562e-05 	 5.69031e-06 
0.916 	 4.44755e-05 	 3.89049e-05 	 5.57062e-06 
0.913 	 4.35265e-05 	 3.80722e-05 	 5.45431e-06 
0.909 	 4.25987e-05 	 3.72575e-05 	 5.34124e-06 
0.905 	 4.16914e-05 	 3.64601e-05 	 5.23131e-06 
0.902 	 4.08038e-05 	 3.56794e-05 	 5.12440e-06 
0.898 	 3.99354e-05 	 3.49150e-05 	 5.02042e-06 
0.894 	 3.90855e-05 	 3.41663e-05 	 4.91925e-06 
0.891 	 3.82535e-05 	 3.34327e-05 	 4.82081e-06 
0.887 	 3.74388e-05 	 3.27138e-05 	 4.72499e-06 
0.884 	 3.66409e-05 	 3.20092e-05 	 4.63172e-06 
0.880 	 3.58592e-05 	 3.13183e-05 	 4.54091e-06 
0.877 	 3.50933e-05 	 3.06408e-05 	 4.45246e-06 
0.873 	 3.43425e-05 	 2.99762e-05 	 4.36632e-06 
0.870 	 3.36065e-05 	 2.93241e-05 	 4.28240e-06 
0.867 	 3.28847e-05 	 2.86841e-05 	 4.20062e-06 
0.863 	 3.21768e-05 	 2.80559e-05 	 4.12093e-06 
0.860 	 3.14824e-05 	 2.74391e-05 	 4.04325e-06 
0.857 	 3.08009e-05 	 2.68334e-05 	 3.96752e-06 
0.853 	 3.01320e-05 	 2.62383e-05 	 3.89367e-06 
0.850 	 2.94753e-05 	 2.56537e-05 	 3.82166e-06 
0.847 	 2.88306e-05 	 2.50792e-05 	 3.75141e-06 
0.844 	 2.81973e-05 	 2.45144e-05 	 3.68288e-06 
0.841 	 2.75752e-05 	 2.39592e-05 	 3.61602e-06 
0.838 	 2.69640e-05 	 2.34133e-05 	 3.55077e-06 
0.834 	 2.63634e-05 	 2.28763e-05 	 3.48708e-06 
0.831 	 2.57730e-05 	 2.23481e-05 	 3.42491e-06 
0.828 	 2.51926e-05 	 2.18284e-05 	 3.36422e-06 
0.825 	 2.46219e-05 	 2.13169e-05 	 3.30495e-06 
0.822 	 2.40606e-05 	 2.08135e-05 	 3.24707e-06 
0.819 	 2.35084e-05 	 2.03179e-05 	 3.19053e-06 
0.816 	 2.29652e-05 	 1.98299e-05 	 3.13530e-06 
0.813 	 2.24307e-05 	 1.93493e-05 	 3.08134e-06 
0.810 	 2.19046e-05 	 1.88760e-05 	 3.02861e-06 
0.807 	 2.13866e-05 	 1.84096e-05 	 2.97707e-06 
0.804 	 2.08767e-05 	 1.79500e-05 	 2.92670e-06 
0.802 	 2.03745e-05 	 1.74971e-05 	 2.87746e-06 
0.799 	 1.98799e-05 	 1.70506e-05 	 2.82932e-06 
0.796 	 1.93926e-05 	 1.66104e-05 	 2.78224e-06 
0.793 	 1.89125e-05 	 1.61763e-05 	 2.73620e-06 
0.790 	 1.84393e-05 	 1.57482e-05 	 2.69118e-06 
0.788 	 1.79730e-05 	 1.53258e-05 	 2.64713e-06 
0.785 	 1.75132e-05 	 1.49091e-05 	 2.60403e-06 
0.782 	 1.70598e-05 	 1.44979e-05 	 2.56187e-06 
0.779 	 1.66127e-05 	 1.40921e-05 	 2.52061e-06 
0.777 	 1.61716e-05 	 1.36914e-05 	 2.48023e-06 
0.774 	 1.57366e-05 	 1.32959e-05 	 2.44070e-06 
0.771 	 1.53073e-05 	 1.29053e-05 	 2.40201e-06 
0.769 	 1.48836e-05 	 1.25195e-05 	 2.36413e-06 
0.766 	 1.44655e-05 	 1.21385e-05 	 2.32704e-06 
0.763 	 1.40528e-05 	 1.17621e-05 	 2.29072e-06 
0.761 	 1.36453e-05 	 1.13901e-05 	 2.25515e-06 
0.758 	 1.32429e-05 	 1.10226e-05 	 2.22031e-06 
0.756 	 1.28456e-05 	 1.06594e-05 	 2.18618e-06 
0.753 	 1.24531e-05 	 1.03003e-05 	 2.15274e-06 
0.751 	 1.20653e-05 	 9.94534e-06 	 2.11998e-06 
0.748 	 1.16822e-05 	 9.59436e-06 	 2.08788e-06 
0.746 	 1.13037e-05 	 9.24727e-06 	 2.05642e-06 
0.743 	 1.09296e-05 	 8.90400e-06 	 2.02559e-06 
0.741 	 1.05598e-05 	 8.56443e-06 	 1.99537e-06 
0.738 	 1.01942e-05 	 8.22850e-06 	 1.96574e-06 
0.736 	 9.83281e-06 	 7.89611e-06 	 1.93670e-06 
0.733 	 9.47540e-06 	 7.56718e-06 	 1.90822e-06 
0.731 	 9.12192e-06 	 7.24163e-06 	 1.88029e-06 
0.729 	 8.77228e-06 	 6.91938e-06 	 1.85291e-06 
0.726 	 8.42640e-06 	 6.60035e-06 	 1.82605e-06 
0.724 	 8.08417e-06 	 6.28446e-06 	 1.79971e-06 
0.722 	 7.74552e-06 	 5.97166e-06 	 1.77386e-06 
0.719 	 7.41037e-06 	 5.66186e-06 	 1.74851e-06 
0.717 	 7.07863e-06 	 5.35499e-06 	 1.72364e-06 
0.715 	 6.75023e-06 	 5.05100e-06 	 1.69923e-06 
0.712 	 6.42508e-06 	 4.74980e-06 	 1.67528e-06 
0.710 	 6.10313e-06 	 4.45135e-06 	 1.65177e-06 
0.708 	 5.78428e-06 	 4.15558e-06 	 1.62870e-06 
0.706 	 5.46848e-06 	 3.86243e-06 	 1.60606e-06 
0.704 	 5.15566e-06 	 3.57184e-06 	 1.58383e-06 
0.701 	 4.84575e-06 	 3.28375e-06 	 1.56200e-06 
0.699 	 4.53870e-06 	 2.99812e-06 	 1.54058e-06 
0.697 	 4.23442e-06 	 2.71489e-06 	 1.51954e-06 
0.695 	 3.93288e-06 	 2.43400e-06 	 1.49888e-06 
0.693 	 3.63401e-06 	 2.15542e-06 	 1.47859e-06 
0.691 	 3.33774e-06 	 1.87908e-06 	 1.45866e-06 
0.688 	 3.04403e-06 	 1.60494e-06 	 1.43909e-06 
0.686 	 2.75282e-06 	 1.33296e-06 	 1.41986e-06 
0.684 	 2.46406e-06 	 1.06309e-06 	 1.40098e-06 
0.682 	 2.17770e-06 	 7.95277e-07 	 1.38242e-06 
0.680 	 1.89368e-06 	 5.29488e-07 	 1.36419e-06 
0.678 	 1.61195e-06 	 2.65678e-07 	 1.34627e-06 
0.676 	 1.33248e-06 	 3.80515e-09 	 1.32867e-06 
0.674 	 1.05520e-06 	 -2.56171e-07 	 1.31137e-06 
0.672 	 7.80077e-07 	 -5.14290e-07 	 1.29437e-06 
0.670 	 5.07065e-07 	 -7.70590e-07 	 1.27765e-06 
0.668 	 2.36118e-07 	 -1.02511e-06 	 1.26123e-06 
0.666 	 -3.28061e-08 	 -1.27788e-06 	 1.24508e-06 
0.664 	 -2.99749e-07 	 -1.52895e-06 	 1.22920e-06 
0.662 	 -5.64752e-07 	 -1.77834e-06 	 1.21359e-06 
0.660 	 -8.27855e-07 	 -2.02610e-06 	 1.19824e-06 
0.658 	 -1.08910e-06 	 -2.27225e-06 	 1.18315e-06 
0.656 	 -1.34851e-06 	 -2.51683e-06 	 1.16831e-06 
0.654 	 -1.60615e-06 	 -2.75986e-06 	 1.15372e-06 
0.652 	 -1.86203e-06 	 -3.00139e-06 	 1.13936e-06 
0.650 	 -2.11620e-06 	 -3.24144e-06 	 1.12524e-06 
0.649 	 -2.36869e-06 	 -3.48004e-06 	 1.11135e-06 
0.647 	 -2.61954e-06 	 -3.71722e-06 	 1.09769e-06 
0.645 	 -2.86877e-06 	 -3.95302e-06 	 1.08425e-06 
0.643 	 -3.11642e-06 	 -4.18745e-06 	 1.07102e-06 
0.641 	 -3.36253e-06 	 -4.42054e-06 	 1.05801e-06 
0.639 	 -3.60712e-06 	 -4.65233e-06 	 1.04521e-06 
0.638 	 -3.85022e-06 	 -4.88283e-06 	 1.03261e-06 
0.636 	 -4.09187e-06 	 -5.11208e-06 	 1.02021e-06 
0.634 	 -4.33209e-06 	 -5.34010e-06 	 1.00801e-06 
0.632 	 -4.57091e-06 	 -5.56691e-06 	 9.96004e-07 
0.630 	 -4.80836e-06 	 -5.79254e-06 	 9.84184e-07 
0.629 	 -5.04447e-06 	 -6.01702e-06 	 9.72549e-07 
0.627 	 -5.27927e-06 	 -6.24036e-06 	 9.61095e-07 
0.625 	 -5.51277e-06 	 -6.46259e-06 	 9.49819e-07 
0.623 	 -5.74502e-06 	 -6.68374e-06 	 9.38718e-07 
0.622 	 -5.97602e-06 	 -6.90381e-06 	 9.27788e-07 
0.620 	 -6.20582e-06 	 -7.12285e-06 	 9.17026e-07 
0.618 	 -6.43442e-06 	 -7.34085e-06 	 9.06429e-07 
0.616 	 -6.66187e-06 	 -7.55786e-06 	 8.95994e-07 
0.615 	 -6.88817e-06 	 -7.77388e-06 	 8.85717e-07 
0.613 	 -7.11335e-06 	 -7.98894e-06 	 8.75595e-07 
0.611 	 -7.33743e-06 	 -8.20306e-06 	 8.65626e-07 
0.610 	 -7.56044e-06 	 -8.41625e-06 	 8.55807e-07 
0.608 	 -7.78240e-06 	 -8.62854e-06 	 8.46136e-07 
0.606 	 -8.00333e-06 	 -8.83994e-06 	 8.36608e-07 
0.605 	 -8.22325e-06 	 -9.05047e-06 	 8.27222e-07 
0.603 	 -8.44217e-06 	 -9.26015e-06 	 8.17975e-07 
0.602 	 -8.66012e-06 	 -9.46899e-06 	 8.08865e-07 
0.600 	 -8.87712e-06 	 -9.67701e-06 	 7.99888e-07 
