Energy [eV] EELS_b EELS_a 
2.500 	 1.20394e-13 	 1.26555e-10 
2.502 	 1.20689e-13 	 1.27701e-10 
2.504 	 1.21047e-13 	 1.28934e-10 
2.506 	 1.21448e-13 	 1.30229e-10 
2.508 	 1.21945e-13 	 1.31632e-10 
2.510 	 1.22485e-13 	 1.33103e-10 
2.512 	 1.23100e-13 	 1.34667e-10 
2.514 	 1.23800e-13 	 1.36338e-10 
2.516 	 1.24544e-13 	 1.38081e-10 
2.519 	 1.25385e-13 	 1.39954e-10 
2.521 	 1.26313e-13 	 1.41935e-10 
2.523 	 1.27313e-13 	 1.44029e-10 
2.525 	 1.28400e-13 	 1.46240e-10 
2.527 	 1.29588e-13 	 1.48598e-10 
2.529 	 1.30867e-13 	 1.51083e-10 
2.531 	 1.32241e-13 	 1.53707e-10 
2.533 	 1.33731e-13 	 1.56502e-10 
2.535 	 1.35319e-13 	 1.59442e-10 
2.537 	 1.37040e-13 	 1.62574e-10 
2.539 	 1.38851e-13 	 1.65850e-10 
2.541 	 1.40811e-13 	 1.69345e-10 
2.543 	 1.42905e-13 	 1.73038e-10 
2.545 	 1.45133e-13 	 1.76945e-10 
2.547 	 1.47508e-13 	 1.81077e-10 
2.549 	 1.50030e-13 	 1.85438e-10 
2.551 	 1.52722e-13 	 1.90061e-10 
2.553 	 1.55581e-13 	 1.94943e-10 
2.555 	 1.58616e-13 	 2.00104e-10 
2.557 	 1.61840e-13 	 2.05565e-10 
2.559 	 1.65250e-13 	 2.11323e-10 
2.561 	 1.68874e-13 	 2.17417e-10 
2.563 	 1.72695e-13 	 2.23830e-10 
2.565 	 1.76747e-13 	 2.30611e-10 
2.567 	 1.81021e-13 	 2.37749e-10 
2.569 	 1.85527e-13 	 2.45264e-10 
2.571 	 1.90284e-13 	 2.53171e-10 
2.573 	 1.95285e-13 	 2.61470e-10 
2.575 	 2.00520e-13 	 2.70156e-10 
2.577 	 2.06019e-13 	 2.79252e-10 
2.579 	 2.11767e-13 	 2.88741e-10 
2.581 	 2.17737e-13 	 2.98584e-10 
2.583 	 2.23958e-13 	 3.08805e-10 
2.585 	 2.30392e-13 	 3.19352e-10 
2.587 	 2.37012e-13 	 3.30169e-10 
2.589 	 2.43797e-13 	 3.41214e-10 
2.591 	 2.50701e-13 	 3.52403e-10 
2.593 	 2.57675e-13 	 3.63651e-10 
2.595 	 2.64662e-13 	 3.74856e-10 
2.597 	 2.71588e-13 	 3.85891e-10 
2.599 	 2.78366e-13 	 3.96613e-10 
2.601 	 2.84900e-13 	 4.06865e-10 
2.603 	 2.91086e-13 	 4.16485e-10 
2.605 	 2.96799e-13 	 4.25285e-10 
2.607 	 3.01921e-13 	 4.33090e-10 
2.609 	 3.06328e-13 	 4.39731e-10 
2.611 	 3.09878e-13 	 4.45022e-10 
2.613 	 3.12465e-13 	 4.48833e-10 
2.615 	 3.13981e-13 	 4.51037e-10 
2.618 	 3.14318e-13 	 4.51527e-10 
2.620 	 3.13423e-13 	 4.50260e-10 
2.622 	 3.11240e-13 	 4.47199e-10 
2.624 	 3.07769e-13 	 4.42376e-10 
2.626 	 3.03031e-13 	 4.35850e-10 
2.628 	 2.97075e-13 	 4.27711e-10 
2.630 	 2.89994e-13 	 4.18092e-10 
2.632 	 2.81901e-13 	 4.07151e-10 
2.634 	 2.72936e-13 	 3.95071e-10 
2.636 	 2.63259e-13 	 3.82060e-10 
2.638 	 2.53031e-13 	 3.68316e-10 
2.640 	 2.42410e-13 	 3.54039e-10 
2.642 	 2.31567e-13 	 3.39441e-10 
2.644 	 2.20655e-13 	 3.24715e-10 
2.646 	 2.09799e-13 	 3.10018e-10 
2.648 	 1.99123e-13 	 2.95516e-10 
2.650 	 1.88728e-13 	 2.81333e-10 
2.652 	 1.78683e-13 	 2.67567e-10 
2.654 	 1.69057e-13 	 2.54313e-10 
2.656 	 1.59882e-13 	 2.41617e-10 
2.658 	 1.51181e-13 	 2.29514e-10 
2.660 	 1.42978e-13 	 2.18047e-10 
2.662 	 1.35255e-13 	 2.07195e-10 
2.664 	 1.28012e-13 	 1.96968e-10 
2.666 	 1.21229e-13 	 1.87341e-10 
2.668 	 1.14877e-13 	 1.78281e-10 
2.670 	 1.08928e-13 	 1.69756e-10 
2.672 	 1.03355e-13 	 1.61735e-10 
2.674 	 9.81244e-14 	 1.54176e-10 
2.676 	 9.32041e-14 	 1.47040e-10 
2.678 	 8.85606e-14 	 1.40279e-10 
2.680 	 8.41682e-14 	 1.33867e-10 
2.682 	 7.99974e-14 	 1.27759e-10 
2.684 	 7.60326e-14 	 1.21939e-10 
2.686 	 7.22569e-14 	 1.16384e-10 
2.688 	 6.86491e-14 	 1.11066e-10 
2.690 	 6.52092e-14 	 1.05984e-10 
2.692 	 6.19176e-14 	 1.01111e-10 
2.694 	 5.87775e-14 	 9.64534e-11 
2.696 	 5.57791e-14 	 9.19955e-11 
2.698 	 5.29192e-14 	 8.77338e-11 
2.700 	 5.01970e-14 	 8.36667e-11 
