Energy [eV] EELS_b EELS_a 
2.500 	 2.37423e-08 	 1.08137e-06 
2.502 	 2.44151e-08 	 1.11465e-06 
2.504 	 2.51192e-08 	 1.14951e-06 
2.506 	 2.58563e-08 	 1.18604e-06 
2.508 	 2.66282e-08 	 1.22434e-06 
2.510 	 2.74368e-08 	 1.26451e-06 
2.512 	 2.82841e-08 	 1.30665e-06 
2.514 	 2.91721e-08 	 1.35088e-06 
2.516 	 3.01029e-08 	 1.39731e-06 
2.519 	 3.10789e-08 	 1.44605e-06 
2.521 	 3.21021e-08 	 1.49723e-06 
2.523 	 3.31750e-08 	 1.55099e-06 
2.525 	 3.42998e-08 	 1.60744e-06 
2.527 	 3.54789e-08 	 1.66672e-06 
2.529 	 3.67145e-08 	 1.72897e-06 
2.531 	 3.80088e-08 	 1.79430e-06 
2.533 	 3.93638e-08 	 1.86286e-06 
2.535 	 4.07815e-08 	 1.93475e-06 
2.537 	 4.22634e-08 	 2.01010e-06 
2.539 	 4.38107e-08 	 2.08898e-06 
2.541 	 4.54241e-08 	 2.17148e-06 
2.543 	 4.71037e-08 	 2.25765e-06 
2.545 	 4.88488e-08 	 2.34749e-06 
2.547 	 5.06577e-08 	 2.44098e-06 
2.549 	 5.25275e-08 	 2.53803e-06 
2.551 	 5.44540e-08 	 2.63849e-06 
2.553 	 5.64312e-08 	 2.74214e-06 
2.555 	 5.84514e-08 	 2.84865e-06 
2.557 	 6.05046e-08 	 2.95760e-06 
2.559 	 6.25782e-08 	 3.06845e-06 
2.561 	 6.46573e-08 	 3.18052e-06 
2.563 	 6.67240e-08 	 3.29299e-06 
2.565 	 6.87576e-08 	 3.40487e-06 
2.567 	 7.07345e-08 	 3.51504e-06 
2.569 	 7.26285e-08 	 3.62221e-06 
2.571 	 7.44111e-08 	 3.72495e-06 
2.573 	 7.60520e-08 	 3.82173e-06 
2.575 	 7.75202e-08 	 3.91092e-06 
2.577 	 7.87847e-08 	 3.99085e-06 
2.579 	 7.98158e-08 	 4.05989e-06 
2.581 	 8.05864e-08 	 4.11648e-06 
2.583 	 8.10734e-08 	 4.15922e-06 
2.585 	 8.12592e-08 	 4.18696e-06 
2.587 	 8.11321e-08 	 4.19881e-06 
2.589 	 8.06880e-08 	 4.19425e-06 
2.591 	 7.99300e-08 	 4.17315e-06 
2.593 	 7.88691e-08 	 4.13577e-06 
2.595 	 7.75231e-08 	 4.08277e-06 
2.597 	 7.59160e-08 	 4.01514e-06 
2.599 	 7.40769e-08 	 3.93421e-06 
2.601 	 7.20384e-08 	 3.84152e-06 
2.603 	 6.98354e-08 	 3.73880e-06 
2.605 	 6.75032e-08 	 3.62784e-06 
2.607 	 6.50765e-08 	 3.51048e-06 
2.609 	 6.25887e-08 	 3.38847e-06 
2.611 	 6.00702e-08 	 3.26349e-06 
2.613 	 5.75485e-08 	 3.13707e-06 
2.615 	 5.50476e-08 	 3.01059e-06 
2.618 	 5.25881e-08 	 2.88523e-06 
2.620 	 5.01870e-08 	 2.76201e-06 
2.622 	 4.78577e-08 	 2.64176e-06 
2.624 	 4.56110e-08 	 2.52515e-06 
2.626 	 4.34545e-08 	 2.41270e-06 
2.628 	 4.13937e-08 	 2.30479e-06 
2.630 	 3.94318e-08 	 2.20169e-06 
2.632 	 3.75705e-08 	 2.10355e-06 
2.634 	 3.58099e-08 	 2.01046e-06 
2.636 	 3.41490e-08 	 1.92242e-06 
2.638 	 3.25856e-08 	 1.83938e-06 
2.640 	 3.11170e-08 	 1.76124e-06 
2.642 	 2.97398e-08 	 1.68786e-06 
2.644 	 2.84502e-08 	 1.61906e-06 
2.646 	 2.72436e-08 	 1.55463e-06 
2.648 	 2.61156e-08 	 1.49436e-06 
2.650 	 2.50611e-08 	 1.43800e-06 
2.652 	 2.40747e-08 	 1.38526e-06 
2.654 	 2.31512e-08 	 1.33587e-06 
2.656 	 2.22845e-08 	 1.28951e-06 
2.658 	 2.14690e-08 	 1.24587e-06 
2.660 	 2.06985e-08 	 1.20460e-06 
2.662 	 1.99671e-08 	 1.16538e-06 
2.664 	 1.92689e-08 	 1.12788e-06 
2.666 	 1.85984e-08 	 1.09177e-06 
2.668 	 1.79504e-08 	 1.05676e-06 
2.670 	 1.73206e-08 	 1.02260e-06 
2.672 	 1.67053e-08 	 9.89079e-07 
2.674 	 1.61019e-08 	 9.56039e-07 
2.676 	 1.55087e-08 	 9.23381e-07 
2.678 	 1.49247e-08 	 8.91059e-07 
2.680 	 1.43501e-08 	 8.59078e-07 
2.682 	 1.37853e-08 	 8.27485e-07 
2.684 	 1.32317e-08 	 7.96353e-07 
2.686 	 1.26904e-08 	 7.65775e-07 
2.688 	 1.21631e-08 	 7.35850e-07 
2.690 	 1.16511e-08 	 7.06674e-07 
2.692 	 1.11557e-08 	 6.78333e-07 
2.694 	 1.06779e-08 	 6.50900e-07 
2.696 	 1.02184e-08 	 6.24430e-07 
2.698 	 9.77759e-09 	 5.98964e-07 
2.700 	 9.35578e-09 	 5.74523e-07 
