Energy [eV] EELS_b EELS_a 
2.500 	 2.68737e-10 	 3.95319e-08 
2.502 	 2.75272e-10 	 4.06551e-08 
2.504 	 2.82107e-10 	 4.18313e-08 
2.506 	 2.89259e-10 	 4.30635e-08 
2.508 	 2.96745e-10 	 4.43549e-08 
2.510 	 3.04583e-10 	 4.57088e-08 
2.512 	 3.12791e-10 	 4.71287e-08 
2.514 	 3.21390e-10 	 4.86184e-08 
2.516 	 3.30399e-10 	 5.01818e-08 
2.519 	 3.39840e-10 	 5.18227e-08 
2.521 	 3.49736e-10 	 5.35455e-08 
2.523 	 3.60108e-10 	 5.53545e-08 
2.525 	 3.70979e-10 	 5.72541e-08 
2.527 	 3.82372e-10 	 5.92488e-08 
2.529 	 3.94311e-10 	 6.13432e-08 
2.531 	 4.06817e-10 	 6.35417e-08 
2.533 	 4.19914e-10 	 6.58489e-08 
2.535 	 4.33620e-10 	 6.82690e-08 
2.537 	 4.47954e-10 	 7.08060e-08 
2.539 	 4.62933e-10 	 7.34634e-08 
2.541 	 4.78567e-10 	 7.62440e-08 
2.543 	 4.94862e-10 	 7.91500e-08 
2.545 	 5.11820e-10 	 8.21823e-08 
2.547 	 5.29431e-10 	 8.53404e-08 
2.549 	 5.47677e-10 	 8.86222e-08 
2.551 	 5.66528e-10 	 9.20234e-08 
2.553 	 5.85939e-10 	 9.55370e-08 
2.555 	 6.05846e-10 	 9.91532e-08 
2.557 	 6.26167e-10 	 1.02858e-07 
2.559 	 6.46797e-10 	 1.06635e-07 
2.561 	 6.67603e-10 	 1.10460e-07 
2.563 	 6.88425e-10 	 1.14307e-07 
2.565 	 7.09075e-10 	 1.18143e-07 
2.567 	 7.29329e-10 	 1.21928e-07 
2.569 	 7.48936e-10 	 1.25618e-07 
2.571 	 7.67614e-10 	 1.29164e-07 
2.573 	 7.85056e-10 	 1.32511e-07 
2.575 	 8.00936e-10 	 1.35601e-07 
2.577 	 8.14919e-10 	 1.38374e-07 
2.579 	 8.26668e-10 	 1.40768e-07 
2.581 	 8.35864e-10 	 1.42727e-07 
2.583 	 8.42215e-10 	 1.44197e-07 
2.585 	 8.45475e-10 	 1.45133e-07 
2.587 	 8.45460e-10 	 1.45501e-07 
2.589 	 8.42054e-10 	 1.45279e-07 
2.591 	 8.35227e-10 	 1.44460e-07 
2.593 	 8.25032e-10 	 1.43050e-07 
2.595 	 8.11608e-10 	 1.41072e-07 
2.597 	 7.95175e-10 	 1.38562e-07 
2.599 	 7.76020e-10 	 1.35569e-07 
2.601 	 7.54481e-10 	 1.32149e-07 
2.603 	 7.30938e-10 	 1.28367e-07 
2.605 	 7.05787e-10 	 1.24290e-07 
2.607 	 6.79427e-10 	 1.19987e-07 
2.609 	 6.52248e-10 	 1.15524e-07 
2.611 	 6.24611e-10 	 1.10962e-07 
2.613 	 5.96850e-10 	 1.06360e-07 
2.615 	 5.69255e-10 	 1.01768e-07 
2.618 	 5.42080e-10 	 9.72284e-08 
2.620 	 5.15531e-10 	 9.27793e-08 
2.622 	 4.89777e-10 	 8.84500e-08 
2.624 	 4.64949e-10 	 8.42641e-08 
2.626 	 4.41143e-10 	 8.02393e-08 
2.628 	 4.18424e-10 	 7.63882e-08 
2.630 	 3.96832e-10 	 7.27190e-08 
2.632 	 3.76387e-10 	 6.92363e-08 
2.634 	 3.57089e-10 	 6.59415e-08 
2.636 	 3.38923e-10 	 6.28335e-08 
2.638 	 3.21864e-10 	 5.99090e-08 
2.640 	 3.05878e-10 	 5.71634e-08 
2.642 	 2.90922e-10 	 5.45903e-08 
2.644 	 2.76949e-10 	 5.21827e-08 
2.646 	 2.63909e-10 	 4.99325e-08 
2.648 	 2.51745e-10 	 4.78309e-08 
2.650 	 2.40402e-10 	 4.58686e-08 
2.652 	 2.29819e-10 	 4.40356e-08 
2.654 	 2.19935e-10 	 4.23216e-08 
2.656 	 2.10688e-10 	 4.07158e-08 
2.658 	 2.02014e-10 	 3.92070e-08 
2.660 	 1.93851e-10 	 3.77839e-08 
2.662 	 1.86135e-10 	 3.64353e-08 
2.664 	 1.78807e-10 	 3.51502e-08 
2.666 	 1.71810e-10 	 3.39180e-08 
2.668 	 1.65092e-10 	 3.27292e-08 
2.670 	 1.58609e-10 	 3.15754e-08 
2.672 	 1.52324e-10 	 3.04498e-08 
2.674 	 1.46208e-10 	 2.93472e-08 
2.676 	 1.40243e-10 	 2.82641e-08 
2.678 	 1.34418e-10 	 2.71987e-08 
2.680 	 1.28728e-10 	 2.61509e-08 
2.682 	 1.23178e-10 	 2.51217e-08 
2.684 	 1.17774e-10 	 2.41129e-08 
2.686 	 1.12525e-10 	 2.31269e-08 
2.688 	 1.07442e-10 	 2.21665e-08 
2.690 	 1.02534e-10 	 2.12340e-08 
2.692 	 9.78092e-11 	 2.03317e-08 
2.694 	 9.32739e-11 	 1.94615e-08 
2.696 	 8.89320e-11 	 1.86246e-08 
2.698 	 8.47850e-11 	 1.78219e-08 
2.700 	 8.08322e-11 	 1.70537e-08 
