Energy [eV] EELS_b EELS_a 
2.500 	 2.68737e-10 	 1.08670e-09 
2.502 	 2.75272e-10 	 1.11435e-09 
2.504 	 2.82107e-10 	 1.14327e-09 
2.506 	 2.89259e-10 	 1.17354e-09 
2.508 	 2.96745e-10 	 1.20524e-09 
2.510 	 3.04583e-10 	 1.23843e-09 
2.512 	 3.12791e-10 	 1.27320e-09 
2.514 	 3.21390e-10 	 1.30964e-09 
2.516 	 3.30399e-10 	 1.34784e-09 
2.519 	 3.39840e-10 	 1.38788e-09 
2.521 	 3.49736e-10 	 1.42986e-09 
2.523 	 3.60108e-10 	 1.47388e-09 
2.525 	 3.70979e-10 	 1.52005e-09 
2.527 	 3.82372e-10 	 1.56845e-09 
2.529 	 3.94311e-10 	 1.61920e-09 
2.531 	 4.06817e-10 	 1.67239e-09 
2.533 	 4.19914e-10 	 1.72812e-09 
2.535 	 4.33620e-10 	 1.78648e-09 
2.537 	 4.47954e-10 	 1.84756e-09 
2.539 	 4.62933e-10 	 1.91142e-09 
2.541 	 4.78567e-10 	 1.97812e-09 
2.543 	 4.94862e-10 	 2.04770e-09 
2.545 	 5.11820e-10 	 2.12016e-09 
2.547 	 5.29431e-10 	 2.19548e-09 
2.549 	 5.47677e-10 	 2.27358e-09 
2.551 	 5.66528e-10 	 2.35435e-09 
2.553 	 5.85939e-10 	 2.43760e-09 
2.555 	 6.05846e-10 	 2.52307e-09 
2.557 	 6.26167e-10 	 2.61043e-09 
2.559 	 6.46797e-10 	 2.69923e-09 
2.561 	 6.67603e-10 	 2.78891e-09 
2.563 	 6.88425e-10 	 2.87882e-09 
2.565 	 7.09075e-10 	 2.96813e-09 
2.567 	 7.29329e-10 	 3.05593e-09 
2.569 	 7.48936e-10 	 3.14114e-09 
2.571 	 7.67614e-10 	 3.22256e-09 
2.573 	 7.85056e-10 	 3.29889e-09 
2.575 	 8.00936e-10 	 3.36874e-09 
2.577 	 8.14919e-10 	 3.43067e-09 
2.579 	 8.26668e-10 	 3.48324e-09 
2.581 	 8.35864e-10 	 3.52508e-09 
2.583 	 8.42215e-10 	 3.55494e-09 
2.585 	 8.45475e-10 	 3.57175e-09 
2.587 	 8.45460e-10 	 3.57469e-09 
2.589 	 8.42054e-10 	 3.56327e-09 
2.591 	 8.35227e-10 	 3.53731e-09 
2.593 	 8.25032e-10 	 3.49703e-09 
2.595 	 8.11608e-10 	 3.44300e-09 
2.597 	 7.95175e-10 	 3.37610e-09 
2.599 	 7.76020e-10 	 3.29755e-09 
2.601 	 7.54481e-10 	 3.20876e-09 
2.603 	 7.30938e-10 	 3.11132e-09 
2.605 	 7.05787e-10 	 3.00690e-09 
2.607 	 6.79427e-10 	 2.89718e-09 
2.609 	 6.52248e-10 	 2.78381e-09 
2.611 	 6.24611e-10 	 2.66833e-09 
2.613 	 5.96850e-10 	 2.55213e-09 
2.615 	 5.69255e-10 	 2.43647e-09 
2.618 	 5.42080e-10 	 2.32242e-09 
2.620 	 5.15531e-10 	 2.21086e-09 
2.622 	 4.89777e-10 	 2.10253e-09 
2.624 	 4.64949e-10 	 1.99798e-09 
2.626 	 4.41143e-10 	 1.89764e-09 
2.628 	 4.18424e-10 	 1.80179e-09 
2.630 	 3.96832e-10 	 1.71063e-09 
2.632 	 3.76387e-10 	 1.62423e-09 
2.634 	 3.57089e-10 	 1.54261e-09 
2.636 	 3.38923e-10 	 1.46573e-09 
2.638 	 3.21864e-10 	 1.39349e-09 
2.640 	 3.05878e-10 	 1.32575e-09 
2.642 	 2.90922e-10 	 1.26233e-09 
2.644 	 2.76949e-10 	 1.20306e-09 
2.646 	 2.63909e-10 	 1.14771e-09 
2.648 	 2.51745e-10 	 1.09605e-09 
2.650 	 2.40402e-10 	 1.04786e-09 
2.652 	 2.29819e-10 	 1.00289e-09 
2.654 	 2.19935e-10 	 9.60862e-10 
2.656 	 2.10688e-10 	 9.21527e-10 
2.658 	 2.02014e-10 	 8.84613e-10 
2.660 	 1.93851e-10 	 8.49849e-10 
2.662 	 1.86135e-10 	 8.16968e-10 
2.664 	 1.78807e-10 	 7.85711e-10 
2.666 	 1.71810e-10 	 7.55834e-10 
2.668 	 1.65092e-10 	 7.27115e-10 
2.670 	 1.58609e-10 	 6.99359e-10 
2.672 	 1.52324e-10 	 6.72407e-10 
2.674 	 1.46208e-10 	 6.46138e-10 
2.676 	 1.40243e-10 	 6.20469e-10 
2.678 	 1.34418e-10 	 5.95356e-10 
2.680 	 1.28728e-10 	 5.70785e-10 
2.682 	 1.23178e-10 	 5.46773e-10 
2.684 	 1.17774e-10 	 5.23352e-10 
2.686 	 1.12525e-10 	 5.00566e-10 
2.688 	 1.07442e-10 	 4.78465e-10 
2.690 	 1.02534e-10 	 4.57094e-10 
2.692 	 9.78092e-11 	 4.36493e-10 
2.694 	 9.32739e-11 	 4.16693e-10 
2.696 	 8.89320e-11 	 3.97713e-10 
2.698 	 8.47850e-11 	 3.79565e-10 
2.700 	 8.08322e-11 	 3.62246e-10 
