Energy [eV] EELS_b EELS_a 
2.500 	 1.23359e-12 	 4.76016e-12 
2.502 	 1.25715e-12 	 4.85589e-12 
2.504 	 1.28183e-12 	 4.95615e-12 
2.506 	 1.30769e-12 	 5.06119e-12 
2.508 	 1.33480e-12 	 5.17123e-12 
2.510 	 1.36321e-12 	 5.28655e-12 
2.512 	 1.39298e-12 	 5.40740e-12 
2.514 	 1.42419e-12 	 5.53406e-12 
2.516 	 1.45690e-12 	 5.66681e-12 
2.519 	 1.49119e-12 	 5.80596e-12 
2.521 	 1.52712e-12 	 5.95181e-12 
2.523 	 1.56478e-12 	 6.10467e-12 
2.525 	 1.60423e-12 	 6.26485e-12 
2.527 	 1.64555e-12 	 6.43267e-12 
2.529 	 1.68881e-12 	 6.60846e-12 
2.531 	 1.73409e-12 	 6.79250e-12 
2.533 	 1.78145e-12 	 6.98510e-12 
2.535 	 1.83095e-12 	 7.18653e-12 
2.537 	 1.88264e-12 	 7.39703e-12 
2.539 	 1.93658e-12 	 7.61680e-12 
2.541 	 1.99277e-12 	 7.84598e-12 
2.543 	 2.05123e-12 	 8.08464e-12 
2.545 	 2.11193e-12 	 8.33276e-12 
2.547 	 2.17485e-12 	 8.59020e-12 
2.549 	 2.23988e-12 	 8.85668e-12 
2.551 	 2.30689e-12 	 9.13175e-12 
2.553 	 2.37573e-12 	 9.41477e-12 
2.555 	 2.44613e-12 	 9.70484e-12 
2.557 	 2.51779e-12 	 1.00008e-11 
2.559 	 2.59033e-12 	 1.03012e-11 
2.561 	 2.66326e-12 	 1.06041e-11 
2.563 	 2.73601e-12 	 1.09074e-11 
2.565 	 2.80792e-12 	 1.12085e-11 
2.567 	 2.87820e-12 	 1.15043e-11 
2.569 	 2.94598e-12 	 1.17912e-11 
2.571 	 3.01027e-12 	 1.20656e-11 
2.573 	 3.07002e-12 	 1.23230e-11 
2.575 	 3.12410e-12 	 1.25590e-11 
2.577 	 3.17136e-12 	 1.27689e-11 
2.579 	 3.21064e-12 	 1.29480e-11 
2.581 	 3.24083e-12 	 1.30916e-11 
2.583 	 3.26091e-12 	 1.31954e-11 
2.585 	 3.26999e-12 	 1.32558e-11 
2.587 	 3.26740e-12 	 1.32695e-11 
2.589 	 3.25268e-12 	 1.32345e-11 
2.591 	 3.22563e-12 	 1.31496e-11 
2.593 	 3.18635e-12 	 1.30147e-11 
2.595 	 3.13523e-12 	 1.28311e-11 
2.597 	 3.07291e-12 	 1.26009e-11 
2.599 	 3.00029e-12 	 1.23274e-11 
2.601 	 2.91850e-12 	 1.20149e-11 
2.603 	 2.82880e-12 	 1.16682e-11 
2.605 	 2.73256e-12 	 1.12927e-11 
2.607 	 2.63120e-12 	 1.08941e-11 
2.609 	 2.52614e-12 	 1.04780e-11 
2.611 	 2.41875e-12 	 1.00500e-11 
2.613 	 2.31030e-12 	 9.61547e-12 
2.615 	 2.20196e-12 	 9.17927e-12 
2.618 	 2.09475e-12 	 8.74576e-12 
2.620 	 1.98956e-12 	 8.31872e-12 
2.622 	 1.88712e-12 	 7.90137e-12 
2.624 	 1.78801e-12 	 7.49633e-12 
2.626 	 1.69269e-12 	 7.10566e-12 
2.628 	 1.60149e-12 	 6.73089e-12 
2.630 	 1.51463e-12 	 6.37312e-12 
2.632 	 1.43224e-12 	 6.03302e-12 
2.634 	 1.35435e-12 	 5.71091e-12 
2.636 	 1.28094e-12 	 5.40684e-12 
2.638 	 1.21195e-12 	 5.12060e-12 
2.640 	 1.14724e-12 	 4.85179e-12 
2.642 	 1.08668e-12 	 4.59987e-12 
2.644 	 1.03008e-12 	 4.36416e-12 
2.646 	 9.77238e-13 	 4.14391e-12 
2.648 	 9.27952e-13 	 3.93829e-12 
2.650 	 8.81997e-13 	 3.74642e-12 
2.652 	 8.39142e-13 	 3.56737e-12 
2.654 	 7.99153e-13 	 3.40019e-12 
2.656 	 7.61791e-13 	 3.24391e-12 
2.658 	 7.26818e-13 	 3.09756e-12 
2.660 	 6.93995e-13 	 2.96015e-12 
2.662 	 6.63091e-13 	 2.83071e-12 
2.664 	 6.33882e-13 	 2.70833e-12 
2.666 	 6.06158e-13 	 2.59212e-12 
2.668 	 5.79727e-13 	 2.48128e-12 
2.670 	 5.54420e-13 	 2.37509e-12 
2.672 	 5.30094e-13 	 2.27294e-12 
2.674 	 5.06634e-13 	 2.17436e-12 
2.676 	 4.83957e-13 	 2.07898e-12 
2.678 	 4.62005e-13 	 1.98657e-12 
2.680 	 4.40747e-13 	 1.89698e-12 
2.682 	 4.20174e-13 	 1.81018e-12 
2.684 	 4.00288e-13 	 1.72618e-12 
2.686 	 3.81104e-13 	 1.64505e-12 
2.688 	 3.62639e-13 	 1.56687e-12 
2.690 	 3.44909e-13 	 1.49172e-12 
2.692 	 3.27928e-13 	 1.41966e-12 
2.694 	 3.11703e-13 	 1.35073e-12 
2.696 	 2.96236e-13 	 1.28495e-12 
2.698 	 2.81521e-13 	 1.22231e-12 
2.700 	 2.67545e-13 	 1.16275e-12 
