Energy [eV] EELS_b EELS_a 
2.500 	 1.89930e-04 	 1.07378e-03 
2.502 	 1.95649e-04 	 1.10745e-03 
2.504 	 2.01621e-04 	 1.14269e-03 
2.506 	 2.07860e-04 	 1.17959e-03 
2.508 	 2.14379e-04 	 1.21824e-03 
2.510 	 2.21194e-04 	 1.25876e-03 
2.512 	 2.28320e-04 	 1.30125e-03 
2.514 	 2.35774e-04 	 1.34584e-03 
2.516 	 2.43573e-04 	 1.39265e-03 
2.519 	 2.51734e-04 	 1.44183e-03 
2.521 	 2.60276e-04 	 1.49353e-03 
2.523 	 2.69219e-04 	 1.54789e-03 
2.525 	 2.78582e-04 	 1.60508e-03 
2.527 	 2.88386e-04 	 1.66530e-03 
2.529 	 2.98652e-04 	 1.72872e-03 
2.531 	 3.09401e-04 	 1.79555e-03 
2.533 	 3.20655e-04 	 1.86601e-03 
2.535 	 3.32435e-04 	 1.94033e-03 
2.537 	 3.44762e-04 	 2.01875e-03 
2.539 	 3.57657e-04 	 2.10154e-03 
2.541 	 3.71139e-04 	 2.18896e-03 
2.543 	 3.85227e-04 	 2.28132e-03 
2.545 	 3.99935e-04 	 2.37890e-03 
2.547 	 4.15277e-04 	 2.48203e-03 
2.549 	 4.31262e-04 	 2.59104e-03 
2.551 	 4.47894e-04 	 2.70626e-03 
2.553 	 4.65173e-04 	 2.82806e-03 
2.555 	 4.83091e-04 	 2.95678e-03 
2.557 	 5.01633e-04 	 3.09280e-03 
2.559 	 5.20771e-04 	 3.23645e-03 
2.561 	 5.40472e-04 	 3.38809e-03 
2.563 	 5.60684e-04 	 3.54806e-03 
2.565 	 5.81346e-04 	 3.71664e-03 
2.567 	 6.02379e-04 	 3.89410e-03 
2.569 	 6.23688e-04 	 4.08064e-03 
2.571 	 6.45159e-04 	 4.27639e-03 
2.573 	 6.66662e-04 	 4.48138e-03 
2.575 	 6.88045e-04 	 4.69550e-03 
2.577 	 7.09141e-04 	 4.91850e-03 
2.579 	 7.29762e-04 	 5.14989e-03 
2.581 	 7.49709e-04 	 5.38898e-03 
2.583 	 7.68767e-04 	 5.63477e-03 
2.585 	 7.86713e-04 	 5.88589e-03 
2.587 	 8.03320e-04 	 6.14059e-03 
2.589 	 8.18358e-04 	 6.39668e-03 
2.591 	 8.31605e-04 	 6.65145e-03 
2.593 	 8.42847e-04 	 6.90170e-03 
2.595 	 8.51887e-04 	 7.14371e-03 
2.597 	 8.58550e-04 	 7.37330e-03 
2.599 	 8.62688e-04 	 7.58597e-03 
2.601 	 8.64185e-04 	 7.77697e-03 
2.603 	 8.62966e-04 	 7.94160e-03 
2.605 	 8.58999e-04 	 8.07545e-03 
2.607 	 8.52300e-04 	 8.17466e-03 
2.609 	 8.42940e-04 	 8.23628e-03 
2.611 	 8.31043e-04 	 8.25847e-03 
2.613 	 8.16784e-04 	 8.24072e-03 
2.615 	 8.00389e-04 	 8.18389e-03 
2.618 	 7.82124e-04 	 8.09020e-03 
2.620 	 7.62287e-04 	 7.96306e-03 
2.622 	 7.41194e-04 	 7.80686e-03 
2.624 	 7.19168e-04 	 7.62658e-03 
2.626 	 6.96526e-04 	 7.42759e-03 
2.628 	 6.73568e-04 	 7.21524e-03 
2.630 	 6.50571e-04 	 6.99470e-03 
2.632 	 6.27780e-04 	 6.77071e-03 
2.634 	 6.05409e-04 	 6.54745e-03 
2.636 	 5.83633e-04 	 6.32850e-03 
2.638 	 5.62595e-04 	 6.11682e-03 
2.640 	 5.42406e-04 	 5.91473e-03 
2.642 	 5.23144e-04 	 5.72397e-03 
2.644 	 5.04862e-04 	 5.54579e-03 
2.646 	 4.87587e-04 	 5.38092e-03 
2.648 	 4.71323e-04 	 5.22970e-03 
2.650 	 4.56055e-04 	 5.09209e-03 
2.652 	 4.41748e-04 	 4.96772e-03 
2.654 	 4.28353e-04 	 4.85589e-03 
2.656 	 4.15801e-04 	 4.75565e-03 
2.658 	 4.04014e-04 	 4.66578e-03 
2.660 	 3.92899e-04 	 4.58481e-03 
2.662 	 3.82355e-04 	 4.51110e-03 
2.664 	 3.72275e-04 	 4.44283e-03 
2.666 	 3.62548e-04 	 4.37810e-03 
2.668 	 3.53070e-04 	 4.31497e-03 
2.670 	 3.43741e-04 	 4.25156e-03 
2.672 	 3.34475e-04 	 4.18615e-03 
2.674 	 3.25205e-04 	 4.11726e-03 
2.676 	 3.15881e-04 	 4.04373e-03 
2.678 	 3.06476e-04 	 3.96476e-03 
2.680 	 2.96986e-04 	 3.87997e-03 
2.682 	 2.87424e-04 	 3.78932e-03 
2.684 	 2.77819e-04 	 3.69314e-03 
2.686 	 2.68212e-04 	 3.59203e-03 
2.688 	 2.58649e-04 	 3.48674e-03 
2.690 	 2.49179e-04 	 3.37816e-03 
2.692 	 2.39848e-04 	 3.26723e-03 
2.694 	 2.30701e-04 	 3.15483e-03 
2.696 	 2.21776e-04 	 3.04183e-03 
2.698 	 2.13102e-04 	 2.92899e-03 
2.700 	 2.04704e-04 	 2.81700e-03 
