Energy [eV] EELS_b EELS_a 
2.500 	 1.39420e-11 	 4.56955e-09 
2.502 	 1.42632e-11 	 4.69388e-09 
2.504 	 1.45993e-11 	 4.82404e-09 
2.506 	 1.49511e-11 	 4.96034e-09 
2.508 	 1.53195e-11 	 5.10313e-09 
2.510 	 1.57053e-11 	 5.25278e-09 
2.512 	 1.61096e-11 	 5.40965e-09 
2.514 	 1.65331e-11 	 5.57415e-09 
2.516 	 1.69770e-11 	 5.74669e-09 
2.519 	 1.74423e-11 	 5.92769e-09 
2.521 	 1.79299e-11 	 6.11760e-09 
2.523 	 1.84410e-11 	 6.31687e-09 
2.525 	 1.89767e-11 	 6.52596e-09 
2.527 	 1.95381e-11 	 6.74535e-09 
2.529 	 2.01261e-11 	 6.97550e-09 
2.531 	 2.07419e-11 	 7.21687e-09 
2.533 	 2.13864e-11 	 7.46991e-09 
2.535 	 2.20605e-11 	 7.73501e-09 
2.537 	 2.27649e-11 	 8.01257e-09 
2.539 	 2.35001e-11 	 8.30290e-09 
2.541 	 2.42666e-11 	 8.60622e-09 
2.543 	 2.50644e-11 	 8.92267e-09 
2.545 	 2.58930e-11 	 9.25225e-09 
2.547 	 2.67516e-11 	 9.59478e-09 
2.549 	 2.76390e-11 	 9.94988e-09 
2.551 	 2.85529e-11 	 1.03169e-08 
2.553 	 2.94905e-11 	 1.06949e-08 
2.555 	 3.04479e-11 	 1.10827e-08 
2.557 	 3.14201e-11 	 1.14785e-08 
2.559 	 3.24009e-11 	 1.18800e-08 
2.561 	 3.33827e-11 	 1.22848e-08 
2.563 	 3.43565e-11 	 1.26894e-08 
2.565 	 3.53117e-11 	 1.30900e-08 
2.567 	 3.62361e-11 	 1.34822e-08 
2.569 	 3.71161e-11 	 1.38609e-08 
2.571 	 3.79369e-11 	 1.42205e-08 
2.573 	 3.86824e-11 	 1.45549e-08 
2.575 	 3.93363e-11 	 1.48578e-08 
2.577 	 3.98820e-11 	 1.51227e-08 
2.579 	 4.03035e-11 	 1.53433e-08 
2.581 	 4.05863e-11 	 1.55137e-08 
2.583 	 4.07180e-11 	 1.56286e-08 
2.585 	 4.06892e-11 	 1.56838e-08 
2.587 	 4.04940e-11 	 1.56764e-08 
2.589 	 4.01306e-11 	 1.56047e-08 
2.591 	 3.96017e-11 	 1.54690e-08 
2.593 	 3.89141e-11 	 1.52709e-08 
2.595 	 3.80787e-11 	 1.50137e-08 
2.597 	 3.71099e-11 	 1.47020e-08 
2.599 	 3.60248e-11 	 1.43418e-08 
2.601 	 3.48426e-11 	 1.39397e-08 
2.603 	 3.35831e-11 	 1.35028e-08 
2.605 	 3.22666e-11 	 1.30387e-08 
2.607 	 3.09124e-11 	 1.25547e-08 
2.609 	 2.95388e-11 	 1.20576e-08 
2.611 	 2.81623e-11 	 1.15541e-08 
2.613 	 2.67973e-11 	 1.10498e-08 
2.615 	 2.54561e-11 	 1.05500e-08 
2.618 	 2.41489e-11 	 1.00588e-08 
2.620 	 2.28838e-11 	 9.57976e-09 
2.622 	 2.16669e-11 	 9.11574e-09 
2.624 	 2.05026e-11 	 8.66887e-09 
2.626 	 1.93938e-11 	 8.24070e-09 
2.628 	 1.83423e-11 	 7.83230e-09 
2.630 	 1.73485e-11 	 7.44426e-09 
2.632 	 1.64123e-11 	 7.07684e-09 
2.634 	 1.55326e-11 	 6.72999e-09 
2.636 	 1.47079e-11 	 6.40341e-09 
2.638 	 1.39364e-11 	 6.09663e-09 
2.640 	 1.32158e-11 	 5.80900e-09 
2.642 	 1.25436e-11 	 5.53978e-09 
2.644 	 1.19173e-11 	 5.28812e-09 
2.646 	 1.13341e-11 	 5.05309e-09 
2.648 	 1.07913e-11 	 4.83373e-09 
2.650 	 1.02860e-11 	 4.62901e-09 
2.652 	 9.81533e-12 	 4.43784e-09 
2.654 	 9.37635e-12 	 4.25914e-09 
2.656 	 8.96615e-12 	 4.09174e-09 
2.658 	 8.58181e-12 	 3.93449e-09 
2.660 	 8.22043e-12 	 3.78623e-09 
2.662 	 7.87922e-12 	 3.64578e-09 
2.664 	 7.55549e-12 	 3.51202e-09 
2.666 	 7.24674e-12 	 3.38389e-09 
2.668 	 6.95071e-12 	 3.26042e-09 
2.670 	 6.66546e-12 	 3.14077e-09 
2.672 	 6.38939e-12 	 3.02426e-09 
2.674 	 6.12130e-12 	 2.91035e-09 
2.676 	 5.86035e-12 	 2.79871e-09 
2.678 	 5.60608e-12 	 2.68917e-09 
2.680 	 5.35836e-12 	 2.58169e-09 
2.682 	 5.11728e-12 	 2.47638e-09 
2.684 	 4.88312e-12 	 2.37341e-09 
2.686 	 4.65625e-12 	 2.27300e-09 
2.688 	 4.43706e-12 	 2.17541e-09 
2.690 	 4.22593e-12 	 2.08086e-09 
2.692 	 4.02316e-12 	 1.98956e-09 
2.694 	 3.82896e-12 	 1.90167e-09 
2.696 	 3.64345e-12 	 1.81729e-09 
2.698 	 3.46664e-12 	 1.73650e-09 
2.700 	 3.29845e-12 	 1.65931e-09 
