Energy [eV] EELS_b EELS_a 
2.500 	 1.20724e-10 	 2.20744e-08 
2.502 	 1.23622e-10 	 2.26956e-08 
2.504 	 1.26655e-10 	 2.33460e-08 
2.506 	 1.29830e-10 	 2.40274e-08 
2.508 	 1.33153e-10 	 2.47415e-08 
2.510 	 1.36634e-10 	 2.54903e-08 
2.512 	 1.40281e-10 	 2.62755e-08 
2.514 	 1.44103e-10 	 2.70994e-08 
2.516 	 1.48109e-10 	 2.79640e-08 
2.519 	 1.52308e-10 	 2.88715e-08 
2.521 	 1.56711e-10 	 2.98242e-08 
2.523 	 1.61327e-10 	 3.08246e-08 
2.525 	 1.66168e-10 	 3.18751e-08 
2.527 	 1.71243e-10 	 3.29782e-08 
2.529 	 1.76562e-10 	 3.41363e-08 
2.531 	 1.82137e-10 	 3.53521e-08 
2.533 	 1.87977e-10 	 3.66278e-08 
2.535 	 1.94091e-10 	 3.79659e-08 
2.537 	 2.00488e-10 	 3.93684e-08 
2.539 	 2.07174e-10 	 4.08374e-08 
2.541 	 2.14156e-10 	 4.23744e-08 
2.543 	 2.21435e-10 	 4.39803e-08 
2.545 	 2.29013e-10 	 4.56558e-08 
2.547 	 2.36885e-10 	 4.74004e-08 
2.549 	 2.45043e-10 	 4.92129e-08 
2.551 	 2.53474e-10 	 5.10907e-08 
2.553 	 2.62155e-10 	 5.30299e-08 
2.555 	 2.71060e-10 	 5.50248e-08 
2.557 	 2.80149e-10 	 5.70677e-08 
2.559 	 2.89375e-10 	 5.91485e-08 
2.561 	 2.98677e-10 	 6.12546e-08 
2.563 	 3.07981e-10 	 6.33705e-08 
2.565 	 3.17200e-10 	 6.54777e-08 
2.567 	 3.26232e-10 	 6.75543e-08 
2.569 	 3.34961e-10 	 6.95754e-08 
2.571 	 3.43256e-10 	 7.15131e-08 
2.573 	 3.50978e-10 	 7.33369e-08 
2.575 	 3.57976e-10 	 7.50144e-08 
2.577 	 3.64096e-10 	 7.65119e-08 
2.579 	 3.69185e-10 	 7.77961e-08 
2.581 	 3.73098e-10 	 7.88350e-08 
2.583 	 3.75701e-10 	 7.95997e-08 
2.585 	 3.76887e-10 	 8.00656e-08 
2.587 	 3.76574e-10 	 8.02144e-08 
2.589 	 3.74715e-10 	 8.00348e-08 
2.591 	 3.71302e-10 	 7.95235e-08 
2.593 	 3.66366e-10 	 7.86857e-08 
2.595 	 3.59979e-10 	 7.75351e-08 
2.597 	 3.52246e-10 	 7.60926e-08 
2.599 	 3.43306e-10 	 7.43861e-08 
2.601 	 3.33320e-10 	 7.24480e-08 
2.603 	 3.22464e-10 	 7.03147e-08 
2.605 	 3.10922e-10 	 6.80239e-08 
2.607 	 2.98878e-10 	 6.56136e-08 
2.609 	 2.86508e-10 	 6.31207e-08 
2.611 	 2.73976e-10 	 6.05794e-08 
2.613 	 2.61430e-10 	 5.80211e-08 
2.615 	 2.48999e-10 	 5.54733e-08 
2.618 	 2.36793e-10 	 5.29598e-08 
2.620 	 2.24902e-10 	 5.05003e-08 
2.622 	 2.13397e-10 	 4.81107e-08 
2.624 	 2.02333e-10 	 4.58035e-08 
2.626 	 1.91748e-10 	 4.35879e-08 
2.628 	 1.81669e-10 	 4.14704e-08 
2.630 	 1.72109e-10 	 3.94551e-08 
2.632 	 1.63074e-10 	 3.75441e-08 
2.634 	 1.54561e-10 	 3.57378e-08 
2.636 	 1.46560e-10 	 3.40354e-08 
2.638 	 1.39058e-10 	 3.24346e-08 
2.640 	 1.32038e-10 	 3.09327e-08 
2.642 	 1.25479e-10 	 2.95261e-08 
2.644 	 1.19358e-10 	 2.82106e-08 
2.646 	 1.13652e-10 	 2.69817e-08 
2.648 	 1.08335e-10 	 2.58344e-08 
2.650 	 1.03382e-10 	 2.47636e-08 
2.652 	 9.87640e-11 	 2.37636e-08 
2.654 	 9.44550e-11 	 2.28288e-08 
2.656 	 9.04265e-11 	 2.19532e-08 
2.658 	 8.66506e-11 	 2.11307e-08 
2.660 	 8.30991e-11 	 2.03552e-08 
2.662 	 7.97445e-11 	 1.96204e-08 
2.664 	 7.65604e-11 	 1.89204e-08 
2.666 	 7.35220e-11 	 1.82494e-08 
2.668 	 7.06069e-11 	 1.76024e-08 
2.670 	 6.77955e-11 	 1.69747e-08 
2.672 	 6.50718e-11 	 1.63627e-08 
2.674 	 6.24236e-11 	 1.57636e-08 
2.676 	 5.98423e-11 	 1.51754e-08 
2.678 	 5.73234e-11 	 1.45972e-08 
2.680 	 5.48654e-11 	 1.40290e-08 
2.682 	 5.24692e-11 	 1.34712e-08 
2.684 	 5.01379e-11 	 1.29249e-08 
2.686 	 4.78752e-11 	 1.23912e-08 
2.688 	 4.56855e-11 	 1.18717e-08 
2.690 	 4.35728e-11 	 1.13677e-08 
2.692 	 4.15404e-11 	 1.08802e-08 
2.694 	 3.95909e-11 	 1.04103e-08 
2.696 	 3.77258e-11 	 9.95864e-09 
2.698 	 3.59455e-11 	 9.52562e-09 
2.700 	 3.42496e-11 	 9.11143e-09 
