Energy [eV] Ext Cross [um^2] Abs Cross [um^2] Sca Cross [um^2] 
2.480 	 2.34990e-04 	 1.95096e-04 	 3.98945e-05 
2.443 	 2.48274e-04 	 2.03115e-04 	 4.51593e-05 
2.407 	 2.62070e-04 	 2.11466e-04 	 5.06040e-05 
2.373 	 2.76365e-04 	 2.20141e-04 	 5.62239e-05 
2.339 	 2.91319e-04 	 2.29306e-04 	 6.20127e-05 
2.306 	 3.07033e-04 	 2.39069e-04 	 6.79642e-05 
2.274 	 3.23683e-04 	 2.49620e-04 	 7.40629e-05 
2.243 	 3.40156e-04 	 2.59861e-04 	 8.02952e-05 
2.213 	 3.56865e-04 	 2.70151e-04 	 8.67142e-05 
2.184 	 3.74524e-04 	 2.81217e-04 	 9.33066e-05 
2.155 	 3.92957e-04 	 2.92889e-04 	 1.00067e-04 
2.127 	 4.12080e-04 	 3.05078e-04 	 1.07002e-04 
2.100 	 4.31840e-04 	 3.17722e-04 	 1.14119e-04 
2.074 	 4.52156e-04 	 3.30731e-04 	 1.21425e-04 
2.048 	 4.72836e-04 	 3.43902e-04 	 1.28934e-04 
2.023 	 4.93420e-04 	 3.56763e-04 	 1.36657e-04 
1.998 	 5.12759e-04 	 3.68150e-04 	 1.44609e-04 
1.974 	 5.28161e-04 	 3.75359e-04 	 1.52801e-04 
1.951 	 5.37958e-04 	 3.76738e-04 	 1.61219e-04 
1.928 	 5.62428e-04 	 3.92593e-04 	 1.69835e-04 
1.905 	 6.06945e-04 	 4.28179e-04 	 1.78766e-04 
1.884 	 6.47704e-04 	 4.59652e-04 	 1.88052e-04 
1.862 	 6.84319e-04 	 4.86640e-04 	 1.97679e-04 
1.841 	 7.19873e-04 	 5.12213e-04 	 2.07660e-04 
1.821 	 7.55874e-04 	 5.37854e-04 	 2.18020e-04 
1.801 	 7.93033e-04 	 5.64245e-04 	 2.28788e-04 
1.782 	 8.31745e-04 	 5.91754e-04 	 2.39991e-04 
1.763 	 8.72282e-04 	 6.20618e-04 	 2.51664e-04 
1.744 	 9.14868e-04 	 6.51023e-04 	 2.63845e-04 
1.726 	 9.59707e-04 	 6.83134e-04 	 2.76573e-04 
1.708 	 1.00700e-03 	 7.17109e-04 	 2.89890e-04 
1.690 	 1.05696e-03 	 7.53113e-04 	 3.03843e-04 
1.673 	 1.10980e-03 	 7.91319e-04 	 3.18483e-04 
1.656 	 1.16578e-03 	 8.31913e-04 	 3.33868e-04 
1.640 	 1.22516e-03 	 8.75099e-04 	 3.50061e-04 
1.623 	 1.28823e-03 	 9.21103e-04 	 3.67128e-04 
1.608 	 1.35531e-03 	 9.70167e-04 	 3.85143e-04 
1.592 	 1.42674e-03 	 1.02255e-03 	 4.04189e-04 
1.577 	 1.50292e-03 	 1.07856e-03 	 4.24361e-04 
1.562 	 1.58428e-03 	 1.13852e-03 	 4.45760e-04 
1.547 	 1.67130e-03 	 1.20280e-03 	 4.68499e-04 
1.533 	 1.76452e-03 	 1.27181e-03 	 4.92703e-04 
1.519 	 1.86453e-03 	 1.34601e-03 	 5.18513e-04 
1.505 	 1.97201e-03 	 1.42592e-03 	 5.46087e-04 
1.491 	 2.08771e-03 	 1.51211e-03 	 5.75602e-04 
1.478 	 2.21249e-03 	 1.60523e-03 	 6.07257e-04 
1.464 	 2.34731e-03 	 1.70603e-03 	 6.41276e-04 
1.452 	 2.49326e-03 	 1.81535e-03 	 6.77913e-04 
1.439 	 2.65159e-03 	 1.93413e-03 	 7.17457e-04 
1.426 	 2.82371e-03 	 2.06348e-03 	 7.60236e-04 
1.414 	 3.01126e-03 	 2.20463e-03 	 8.06628e-04 
1.402 	 3.21610e-03 	 2.35903e-03 	 8.57066e-04 
1.390 	 3.44038e-03 	 2.52834e-03 	 9.12047e-04 
1.379 	 3.68661e-03 	 2.71447e-03 	 9.72145e-04 
1.367 	 3.95767e-03 	 2.91965e-03 	 1.03802e-03 
1.356 	 4.25696e-03 	 3.14650e-03 	 1.11046e-03 
1.345 	 4.58844e-03 	 3.39808e-03 	 1.19036e-03 
1.334 	 4.95681e-03 	 3.67800e-03 	 1.27881e-03 
1.323 	 5.36760e-03 	 3.99053e-03 	 1.37706e-03 
1.313 	 5.82741e-03 	 4.34079e-03 	 1.48662e-03 
1.302 	 6.34415e-03 	 4.73486e-03 	 1.60929e-03 
1.292 	 6.92735e-03 	 5.18012e-03 	 1.74723e-03 
1.282 	 7.58854e-03 	 5.68549e-03 	 1.90305e-03 
1.272 	 8.34182e-03 	 6.26188e-03 	 2.07994e-03 
1.262 	 9.20450e-03 	 6.92268e-03 	 2.28182e-03 
1.253 	 1.01980e-02 	 7.68448e-03 	 2.51350e-03 
1.243 	 1.13489e-02 	 8.56797e-03 	 2.78098e-03 
1.234 	 1.26909e-02 	 9.59912e-03 	 3.09177e-03 
1.225 	 1.42662e-02 	 1.08108e-02 	 3.45537e-03 
1.216 	 1.61290e-02 	 1.22451e-02 	 3.88385e-03 
1.207 	 1.83486e-02 	 1.39559e-02 	 4.39267e-03 
1.198 	 2.10148e-02 	 1.60131e-02 	 5.00176e-03 
1.189 	 2.42443e-02 	 1.85073e-02 	 5.73694e-03 
1.181 	 2.81884e-02 	 2.15568e-02 	 6.63163e-03 
1.172 	 3.30436e-02 	 2.53147e-02 	 7.72895e-03 
1.164 	 3.90606e-02 	 2.99770e-02 	 9.08367e-03 
1.156 	 4.65497e-02 	 3.57866e-02 	 1.07631e-02 
1.148 	 5.58683e-02 	 4.30246e-02 	 1.28437e-02 
1.140 	 6.73640e-02 	 5.19659e-02 	 1.53981e-02 
1.132 	 8.12201e-02 	 6.27603e-02 	 1.84599e-02 
1.124 	 9.71306e-02 	 7.51794e-02 	 2.19512e-02 
1.117 	 1.13787e-01 	 8.82158e-02 	 2.55707e-02 
1.109 	 1.28444e-01 	 9.97410e-02 	 2.87032e-02 
1.102 	 1.37337e-01 	 1.06817e-01 	 3.05197e-02 
1.094 	 1.37532e-01 	 1.07138e-01 	 3.03942e-02 
1.087 	 1.29037e-01 	 1.00677e-01 	 2.83604e-02 
1.080 	 1.14772e-01 	 8.96843e-02 	 2.50876e-02 
1.073 	 9.84582e-02 	 7.70530e-02 	 2.14053e-02 
1.066 	 8.28033e-02 	 6.48981e-02 	 1.79053e-02 
1.059 	 6.91084e-02 	 5.42440e-02 	 1.48644e-02 
1.052 	 5.76935e-02 	 4.53497e-02 	 1.23438e-02 
1.046 	 4.83965e-02 	 3.80959e-02 	 1.03006e-02 
1.039 	 4.08894e-02 	 3.22315e-02 	 8.65781e-03 
1.032 	 3.48295e-02 	 2.74925e-02 	 7.33698e-03 
1.026 	 2.99172e-02 	 2.36469e-02 	 6.27029e-03 
1.020 	 2.59087e-02 	 2.05057e-02 	 5.40297e-03 
1.013 	 2.26121e-02 	 1.79199e-02 	 4.69217e-03 
1.007 	 1.98786e-02 	 1.57738e-02 	 4.10478e-03 
1.001 	 1.75933e-02 	 1.39779e-02 	 3.61536e-03 
0.995 	 1.56675e-02 	 1.24632e-02 	 3.20428e-03 
0.989 	 1.40321e-02 	 1.11758e-02 	 2.85635e-03 
0.983 	 1.26334e-02 	 1.00737e-02 	 2.55974e-03 
0.977 	 1.14290e-02 	 9.12385e-03 	 2.30515e-03 
0.971 	 1.03853e-02 	 8.30003e-03 	 2.08525e-03 
0.966 	 9.47545e-03 	 7.58128e-03 	 1.89417e-03 
0.960 	 8.67793e-03 	 6.95072e-03 	 1.72722e-03 
0.955 	 7.97524e-03 	 6.39465e-03 	 1.58059e-03 
0.949 	 7.35310e-03 	 5.90190e-03 	 1.45120e-03 
0.944 	 6.79978e-03 	 5.46329e-03 	 1.33649e-03 
0.938 	 6.30558e-03 	 5.07121e-03 	 1.23437e-03 
0.933 	 5.86242e-03 	 4.71932e-03 	 1.14310e-03 
0.928 	 5.46355e-03 	 4.40233e-03 	 1.06122e-03 
0.922 	 5.10329e-03 	 4.11577e-03 	 9.87518e-04 
0.917 	 4.77681e-03 	 3.85586e-03 	 9.20947e-04 
0.912 	 4.48004e-03 	 3.61940e-03 	 8.60636e-04 
0.907 	 4.20947e-03 	 3.40363e-03 	 8.05838e-04 
0.902 	 3.96211e-03 	 3.20620e-03 	 7.55912e-04 
0.897 	 3.73537e-03 	 3.02507e-03 	 7.10306e-04 
0.892 	 3.52703e-03 	 2.85848e-03 	 6.68544e-04 
0.888 	 3.33512e-03 	 2.70491e-03 	 6.30213e-04 
0.883 	 3.15797e-03 	 2.56302e-03 	 5.94954e-04 
0.878 	 2.99409e-03 	 2.43164e-03 	 5.62451e-04 
0.873 	 2.84217e-03 	 2.30974e-03 	 5.32429e-04 
0.869 	 2.70107e-03 	 2.19642e-03 	 5.04647e-04 
0.864 	 2.56977e-03 	 2.09088e-03 	 4.78890e-04 
0.860 	 2.44738e-03 	 1.99241e-03 	 4.54970e-04 
0.855 	 2.33310e-03 	 1.90038e-03 	 4.32718e-04 
0.851 	 2.22621e-03 	 1.81423e-03 	 4.11986e-04 
0.847 	 2.12609e-03 	 1.73345e-03 	 3.92640e-04 
0.842 	 2.03217e-03 	 1.65761e-03 	 3.74562e-04 
0.838 	 1.94394e-03 	 1.58630e-03 	 3.57645e-04 
0.834 	 1.86094e-03 	 1.51915e-03 	 3.41795e-04 
0.829 	 1.78276e-03 	 1.45584e-03 	 3.26924e-04 
0.825 	 1.70903e-03 	 1.39607e-03 	 3.12955e-04 
0.821 	 1.63941e-03 	 1.33959e-03 	 2.99818e-04 
0.817 	 1.57358e-03 	 1.28613e-03 	 2.87450e-04 
0.813 	 1.51129e-03 	 1.23550e-03 	 2.75792e-04 
0.809 	 1.45226e-03 	 1.18747e-03 	 2.64793e-04 
0.805 	 1.39628e-03 	 1.14187e-03 	 2.54405e-04 
0.801 	 1.34312e-03 	 1.09854e-03 	 2.44583e-04 
0.797 	 1.29260e-03 	 1.05731e-03 	 2.35289e-04 
0.793 	 1.24454e-03 	 1.01805e-03 	 2.26486e-04 
0.790 	 1.19877e-03 	 9.80629e-04 	 2.18141e-04 
0.786 	 1.15515e-03 	 9.44925e-04 	 2.10223e-04 
0.782 	 1.11353e-03 	 9.10830e-04 	 2.02703e-04 
0.778 	 1.07380e-03 	 8.78244e-04 	 1.95558e-04 
0.775 	 1.03584e-03 	 8.47074e-04 	 1.88761e-04 
0.771 	 9.99528e-04 	 8.17236e-04 	 1.82292e-04 
0.768 	 9.64779e-04 	 7.88648e-04 	 1.76131e-04 
0.764 	 9.31497e-04 	 7.61240e-04 	 1.70258e-04 
0.760 	 8.99598e-04 	 7.34942e-04 	 1.64656e-04 
0.757 	 8.69001e-04 	 7.09691e-04 	 1.59310e-04 
0.753 	 8.39633e-04 	 6.85430e-04 	 1.54203e-04 
0.750 	 8.11427e-04 	 6.62103e-04 	 1.49324e-04 
0.747 	 7.84317e-04 	 6.39659e-04 	 1.44658e-04 
0.743 	 7.58245e-04 	 6.18051e-04 	 1.40194e-04 
0.740 	 7.33155e-04 	 5.97235e-04 	 1.35920e-04 
0.737 	 7.08995e-04 	 5.77169e-04 	 1.31826e-04 
0.733 	 6.85716e-04 	 5.57814e-04 	 1.27903e-04 
0.730 	 6.63274e-04 	 5.39133e-04 	 1.24140e-04 
0.727 	 6.41624e-04 	 5.21093e-04 	 1.20531e-04 
0.724 	 6.20728e-04 	 5.03662e-04 	 1.17066e-04 
0.720 	 6.00548e-04 	 4.86809e-04 	 1.13739e-04 
0.717 	 5.81048e-04 	 4.70506e-04 	 1.10542e-04 
0.714 	 5.62196e-04 	 4.54727e-04 	 1.07469e-04 
0.711 	 5.43961e-04 	 4.39447e-04 	 1.04514e-04 
0.708 	 5.26313e-04 	 4.24643e-04 	 1.01670e-04 
0.705 	 5.09226e-04 	 4.10292e-04 	 9.89337e-05 
0.702 	 4.92672e-04 	 3.96374e-04 	 9.62982e-05 
0.699 	 4.76628e-04 	 3.82869e-04 	 9.37594e-05 
0.696 	 4.61071e-04 	 3.69759e-04 	 9.13127e-05 
0.693 	 4.45980e-04 	 3.57026e-04 	 8.89538e-05 
0.690 	 4.31333e-04 	 3.44654e-04 	 8.66787e-05 
0.687 	 4.17111e-04 	 3.32628e-04 	 8.44836e-05 
0.684 	 4.03297e-04 	 3.20932e-04 	 8.23649e-05 
0.682 	 3.89872e-04 	 3.09553e-04 	 8.03192e-05 
0.679 	 3.76820e-04 	 2.98477e-04 	 7.83433e-05 
0.676 	 3.64126e-04 	 2.87691e-04 	 7.64341e-05 
0.673 	 3.51774e-04 	 2.77185e-04 	 7.45888e-05 
0.671 	 3.39751e-04 	 2.66946e-04 	 7.28047e-05 
0.668 	 3.28043e-04 	 2.56964e-04 	 7.10791e-05 
0.665 	 3.16639e-04 	 2.47229e-04 	 6.94096e-05 
0.662 	 3.05524e-04 	 2.37730e-04 	 6.77939e-05 
0.660 	 2.94689e-04 	 2.28459e-04 	 6.62298e-05 
0.657 	 2.84122e-04 	 2.19407e-04 	 6.47151e-05 
0.655 	 2.73813e-04 	 2.10565e-04 	 6.32479e-05 
0.652 	 2.63752e-04 	 2.01926e-04 	 6.18264e-05 
0.649 	 2.53930e-04 	 1.93481e-04 	 6.04485e-05 
0.647 	 2.44337e-04 	 1.85224e-04 	 5.91128e-05 
0.644 	 2.34965e-04 	 1.77148e-04 	 5.78175e-05 
0.642 	 2.25806e-04 	 1.69245e-04 	 5.65610e-05 
0.639 	 2.16852e-04 	 1.61510e-04 	 5.53419e-05 
0.637 	 2.08096e-04 	 1.53937e-04 	 5.41588e-05 
0.634 	 1.99530e-04 	 1.46519e-04 	 5.30103e-05 
0.632 	 1.91147e-04 	 1.39252e-04 	 5.18951e-05 
0.629 	 1.82942e-04 	 1.32130e-04 	 5.08120e-05 
0.627 	 1.74907e-04 	 1.25148e-04 	 4.97598e-05 
0.625 	 1.67038e-04 	 1.18300e-04 	 4.87374e-05 
0.622 	 1.59327e-04 	 1.11583e-04 	 4.77437e-05 
0.620 	 1.51770e-04 	 1.04992e-04 	 4.67778e-05 
