Energy [eV] EELS_b EELS_a 
2.500 	 2.51120e-09 	 2.02639e-07 
2.502 	 2.57583e-09 	 2.08579e-07 
2.504 	 2.64338e-09 	 2.14798e-07 
2.506 	 2.71401e-09 	 2.21312e-07 
2.508 	 2.78789e-09 	 2.28138e-07 
2.510 	 2.86517e-09 	 2.35293e-07 
2.512 	 2.94605e-09 	 2.42796e-07 
2.514 	 3.03070e-09 	 2.50665e-07 
2.516 	 3.11931e-09 	 2.58922e-07 
2.519 	 3.21209e-09 	 2.67587e-07 
2.521 	 3.30924e-09 	 2.76681e-07 
2.523 	 3.41095e-09 	 2.86228e-07 
2.525 	 3.51745e-09 	 2.96250e-07 
2.527 	 3.62893e-09 	 3.06770e-07 
2.529 	 3.74560e-09 	 3.17813e-07 
2.531 	 3.86766e-09 	 3.29400e-07 
2.533 	 3.99528e-09 	 3.41555e-07 
2.535 	 4.12865e-09 	 3.54300e-07 
2.537 	 4.26790e-09 	 3.67655e-07 
2.539 	 4.41315e-09 	 3.81636e-07 
2.541 	 4.56447e-09 	 3.96260e-07 
2.543 	 4.72187e-09 	 4.11534e-07 
2.545 	 4.88531e-09 	 4.27465e-07 
2.547 	 5.05465e-09 	 4.44048e-07 
2.549 	 5.22966e-09 	 4.61272e-07 
2.551 	 5.40999e-09 	 4.79112e-07 
2.553 	 5.59514e-09 	 4.97534e-07 
2.555 	 5.78444e-09 	 5.16485e-07 
2.557 	 5.97706e-09 	 5.35894e-07 
2.559 	 6.17193e-09 	 5.55670e-07 
2.561 	 6.36775e-09 	 5.75698e-07 
2.563 	 6.56297e-09 	 5.95837e-07 
2.565 	 6.75578e-09 	 6.15919e-07 
2.567 	 6.94411e-09 	 6.35747e-07 
2.569 	 7.12560e-09 	 6.55095e-07 
2.571 	 7.29769e-09 	 6.73711e-07 
2.573 	 7.45760e-09 	 6.91319e-07 
2.575 	 7.60243e-09 	 7.07624e-07 
2.577 	 7.72924e-09 	 7.22323e-07 
2.579 	 7.83511e-09 	 7.35112e-07 
2.581 	 7.91732e-09 	 7.45697e-07 
2.583 	 7.97342e-09 	 7.53810e-07 
2.585 	 8.00140e-09 	 7.59222e-07 
2.587 	 7.99978e-09 	 7.61754e-07 
2.589 	 7.96771e-09 	 7.61291e-07 
2.591 	 7.90505e-09 	 7.57786e-07 
2.593 	 7.81240e-09 	 7.51268e-07 
2.595 	 7.69104e-09 	 7.41840e-07 
2.597 	 7.54295e-09 	 7.29673e-07 
2.599 	 7.37063e-09 	 7.15000e-07 
2.601 	 7.17704e-09 	 6.98100e-07 
2.603 	 6.96545e-09 	 6.79288e-07 
2.605 	 6.73928e-09 	 6.58900e-07 
2.607 	 6.50197e-09 	 6.37275e-07 
2.609 	 6.25688e-09 	 6.14746e-07 
2.611 	 6.00716e-09 	 5.91631e-07 
2.613 	 5.75571e-09 	 5.68221e-07 
2.615 	 5.50509e-09 	 5.44777e-07 
2.618 	 5.25755e-09 	 5.21527e-07 
2.620 	 5.01496e-09 	 4.98664e-07 
2.622 	 4.77887e-09 	 4.76349e-07 
2.624 	 4.55050e-09 	 4.54709e-07 
2.626 	 4.33077e-09 	 4.33842e-07 
2.628 	 4.12036e-09 	 4.13824e-07 
2.630 	 3.91971e-09 	 3.94702e-07 
2.632 	 3.72907e-09 	 3.76508e-07 
2.634 	 3.54851e-09 	 3.59257e-07 
2.636 	 3.37800e-09 	 3.42949e-07 
2.638 	 3.21736e-09 	 3.27574e-07 
2.640 	 3.06636e-09 	 3.13111e-07 
2.642 	 2.92467e-09 	 2.99535e-07 
2.644 	 2.79192e-09 	 2.86810e-07 
2.646 	 2.66768e-09 	 2.74900e-07 
2.648 	 2.55149e-09 	 2.63762e-07 
2.650 	 2.44284e-09 	 2.53348e-07 
2.652 	 2.34123e-09 	 2.43609e-07 
2.654 	 2.24609e-09 	 2.34492e-07 
2.656 	 2.15687e-09 	 2.25940e-07 
2.658 	 2.07296e-09 	 2.17896e-07 
2.660 	 1.99379e-09 	 2.10299e-07 
2.662 	 1.91876e-09 	 2.03090e-07 
2.664 	 1.84729e-09 	 1.96210e-07 
2.666 	 1.77884e-09 	 1.89601e-07 
2.668 	 1.71292e-09 	 1.83213e-07 
2.670 	 1.64909e-09 	 1.77000e-07 
2.672 	 1.58699e-09 	 1.70924e-07 
2.674 	 1.52636e-09 	 1.64957e-07 
2.676 	 1.46701e-09 	 1.59082e-07 
2.678 	 1.40886e-09 	 1.53288e-07 
2.680 	 1.35187e-09 	 1.47576e-07 
2.682 	 1.29610e-09 	 1.41951e-07 
2.684 	 1.24163e-09 	 1.36425e-07 
2.686 	 1.18857e-09 	 1.31013e-07 
2.688 	 1.13704e-09 	 1.25731e-07 
2.690 	 1.08716e-09 	 1.20592e-07 
2.692 	 1.03903e-09 	 1.15611e-07 
2.694 	 9.92715e-10 	 1.10798e-07 
2.696 	 9.48278e-10 	 1.06163e-07 
2.698 	 9.05744e-10 	 1.01710e-07 
2.700 	 8.65118e-10 	 9.74433e-08 
