Energy [eV] EELS_b EELS_a 
2.500 	 2.90936e-08 	 1.23135e-07 
2.502 	 2.99258e-08 	 1.26776e-07 
2.504 	 3.07970e-08 	 1.30589e-07 
2.506 	 3.17091e-08 	 1.34583e-07 
2.508 	 3.26646e-08 	 1.38769e-07 
2.510 	 3.36658e-08 	 1.43156e-07 
2.512 	 3.47151e-08 	 1.47756e-07 
2.514 	 3.58152e-08 	 1.52581e-07 
2.516 	 3.69686e-08 	 1.57643e-07 
2.519 	 3.81782e-08 	 1.62953e-07 
2.521 	 3.94469e-08 	 1.68526e-07 
2.523 	 4.07774e-08 	 1.74374e-07 
2.525 	 4.21728e-08 	 1.80511e-07 
2.527 	 4.36359e-08 	 1.86950e-07 
2.529 	 4.51697e-08 	 1.93704e-07 
2.531 	 4.67769e-08 	 2.00786e-07 
2.533 	 4.84601e-08 	 2.08210e-07 
2.535 	 5.02218e-08 	 2.15985e-07 
2.537 	 5.20639e-08 	 2.24122e-07 
2.539 	 5.39881e-08 	 2.32630e-07 
2.541 	 5.59952e-08 	 2.41513e-07 
2.543 	 5.80855e-08 	 2.50774e-07 
2.545 	 6.02581e-08 	 2.60412e-07 
2.547 	 6.25111e-08 	 2.70418e-07 
2.549 	 6.48409e-08 	 2.80781e-07 
2.551 	 6.72423e-08 	 2.91478e-07 
2.553 	 6.97079e-08 	 3.02480e-07 
2.555 	 7.22281e-08 	 3.13747e-07 
2.557 	 7.47903e-08 	 3.25226e-07 
2.559 	 7.73792e-08 	 3.36853e-07 
2.561 	 7.99758e-08 	 3.48546e-07 
2.563 	 8.25577e-08 	 3.60210e-07 
2.565 	 8.50991e-08 	 3.71732e-07 
2.567 	 8.75702e-08 	 3.82985e-07 
2.569 	 8.99382e-08 	 3.93824e-07 
2.571 	 9.21673e-08 	 4.04092e-07 
2.573 	 9.42195e-08 	 4.13622e-07 
2.575 	 9.60558e-08 	 4.22239e-07 
2.577 	 9.76372e-08 	 4.29770e-07 
2.579 	 9.89266e-08 	 4.36045e-07 
2.581 	 9.98899e-08 	 4.40910e-07 
2.583 	 1.00499e-07 	 4.44229e-07 
2.585 	 1.00730e-07 	 4.45897e-07 
2.587 	 1.00571e-07 	 4.45841e-07 
2.589 	 1.00015e-07 	 4.44030e-07 
2.591 	 9.90681e-08 	 4.40473e-07 
2.593 	 9.77432e-08 	 4.35222e-07 
2.595 	 9.60634e-08 	 4.28369e-07 
2.597 	 9.40591e-08 	 4.20040e-07 
2.599 	 9.17669e-08 	 4.10393e-07 
2.601 	 8.92279e-08 	 3.99603e-07 
2.603 	 8.64857e-08 	 3.87860e-07 
2.605 	 8.35845e-08 	 3.75361e-07 
2.607 	 8.05678e-08 	 3.62298e-07 
2.609 	 7.74769e-08 	 3.48855e-07 
2.611 	 7.43497e-08 	 3.35203e-07 
2.613 	 7.12203e-08 	 3.21497e-07 
2.615 	 6.81185e-08 	 3.07872e-07 
2.618 	 6.50696e-08 	 2.94446e-07 
2.620 	 6.20943e-08 	 2.81314e-07 
2.622 	 5.92094e-08 	 2.68555e-07 
2.624 	 5.64279e-08 	 2.56230e-07 
2.626 	 5.37591e-08 	 2.44386e-07 
2.628 	 5.12097e-08 	 2.33055e-07 
2.630 	 4.87835e-08 	 2.22257e-07 
2.632 	 4.64824e-08 	 2.12003e-07 
2.634 	 4.43063e-08 	 2.02297e-07 
2.636 	 4.22540e-08 	 1.93134e-07 
2.638 	 4.03227e-08 	 1.84504e-07 
2.640 	 3.85090e-08 	 1.76393e-07 
2.642 	 3.68086e-08 	 1.68785e-07 
2.644 	 3.52165e-08 	 1.61657e-07 
2.646 	 3.37274e-08 	 1.54987e-07 
2.648 	 3.23354e-08 	 1.48751e-07 
2.650 	 3.10344e-08 	 1.42919e-07 
2.652 	 2.98177e-08 	 1.37465e-07 
2.654 	 2.86785e-08 	 1.32357e-07 
2.656 	 2.76098e-08 	 1.27563e-07 
2.658 	 2.66041e-08 	 1.23051e-07 
2.660 	 2.56539e-08 	 1.18787e-07 
2.662 	 2.47520e-08 	 1.14736e-07 
2.664 	 2.38909e-08 	 1.10866e-07 
2.666 	 2.30638e-08 	 1.07145e-07 
2.668 	 2.22644e-08 	 1.03544e-07 
2.670 	 2.14871e-08 	 1.00037e-07 
2.672 	 2.07276e-08 	 9.66051e-08 
2.674 	 1.99825e-08 	 9.32318e-08 
2.676 	 1.92496e-08 	 8.99073e-08 
2.678 	 1.85279e-08 	 8.66273e-08 
2.680 	 1.78174e-08 	 8.33920e-08 
2.682 	 1.71189e-08 	 8.02054e-08 
2.684 	 1.64339e-08 	 7.70744e-08 
2.686 	 1.57641e-08 	 7.40076e-08 
2.688 	 1.51114e-08 	 7.10139e-08 
2.690 	 1.44774e-08 	 6.81021e-08 
2.692 	 1.38638e-08 	 6.52799e-08 
2.694 	 1.32719e-08 	 6.25537e-08 
2.696 	 1.27025e-08 	 5.99283e-08 
2.698 	 1.21563e-08 	 5.74068e-08 
2.700 	 1.16335e-08 	 5.49908e-08 
