Energy [eV] EELS_b EELS_a 
2.500 	 5.34728e-08 	 2.00416e-06 
2.502 	 5.50448e-08 	 2.06713e-06 
2.504 	 5.66914e-08 	 2.13312e-06 
2.506 	 5.84168e-08 	 2.20232e-06 
2.508 	 6.02256e-08 	 2.27491e-06 
2.510 	 6.21222e-08 	 2.35107e-06 
2.512 	 6.41118e-08 	 2.43102e-06 
2.514 	 6.61993e-08 	 2.51496e-06 
2.516 	 6.83901e-08 	 2.60312e-06 
2.519 	 7.06897e-08 	 2.69574e-06 
2.521 	 7.31038e-08 	 2.79304e-06 
2.523 	 7.56383e-08 	 2.89529e-06 
2.525 	 7.82990e-08 	 3.00273e-06 
2.527 	 8.10920e-08 	 3.11562e-06 
2.529 	 8.40232e-08 	 3.23422e-06 
2.531 	 8.70983e-08 	 3.35879e-06 
2.533 	 9.03228e-08 	 3.48957e-06 
2.535 	 9.37019e-08 	 3.62681e-06 
2.537 	 9.72400e-08 	 3.77072e-06 
2.539 	 1.00941e-07 	 3.92149e-06 
2.541 	 1.04807e-07 	 4.07927e-06 
2.543 	 1.08839e-07 	 4.24415e-06 
2.545 	 1.13036e-07 	 4.41617e-06 
2.547 	 1.17395e-07 	 4.59528e-06 
2.549 	 1.21911e-07 	 4.78131e-06 
2.551 	 1.26573e-07 	 4.97399e-06 
2.553 	 1.31368e-07 	 5.17287e-06 
2.555 	 1.36277e-07 	 5.37735e-06 
2.557 	 1.41278e-07 	 5.58659e-06 
2.559 	 1.46340e-07 	 5.79953e-06 
2.561 	 1.51427e-07 	 6.01487e-06 
2.563 	 1.56494e-07 	 6.23099e-06 
2.565 	 1.61491e-07 	 6.44598e-06 
2.567 	 1.66360e-07 	 6.65765e-06 
2.569 	 1.71035e-07 	 6.86347e-06 
2.571 	 1.75445e-07 	 7.06067e-06 
2.573 	 1.79514e-07 	 7.24626e-06 
2.575 	 1.83163e-07 	 7.41707e-06 
2.577 	 1.86316e-07 	 7.56990e-06 
2.579 	 1.88896e-07 	 7.70157e-06 
2.581 	 1.90836e-07 	 7.80910e-06 
2.583 	 1.92079e-07 	 7.88984e-06 
2.585 	 1.92580e-07 	 7.94160e-06 
2.587 	 1.92312e-07 	 7.96278e-06 
2.589 	 1.91265e-07 	 7.95245e-06 
2.591 	 1.89448e-07 	 7.91046e-06 
2.593 	 1.86892e-07 	 7.83741e-06 
2.595 	 1.83642e-07 	 7.73465e-06 
2.597 	 1.79760e-07 	 7.60421e-06 
2.599 	 1.75320e-07 	 7.44870e-06 
2.601 	 1.70404e-07 	 7.27114e-06 
2.603 	 1.65099e-07 	 7.07486e-06 
2.605 	 1.59492e-07 	 6.86333e-06 
2.607 	 1.53669e-07 	 6.64001e-06 
2.609 	 1.47711e-07 	 6.40829e-06 
2.611 	 1.41691e-07 	 6.17130e-06 
2.613 	 1.35675e-07 	 5.93194e-06 
2.615 	 1.29721e-07 	 5.69276e-06 
2.618 	 1.23876e-07 	 5.45599e-06 
2.620 	 1.18180e-07 	 5.22349e-06 
2.622 	 1.12664e-07 	 4.99682e-06 
2.624 	 1.07352e-07 	 4.77719e-06 
2.626 	 1.02261e-07 	 4.56555e-06 
2.628 	 9.74036e-08 	 4.36260e-06 
2.630 	 9.27856e-08 	 4.16880e-06 
2.632 	 8.84100e-08 	 3.98444e-06 
2.634 	 8.42762e-08 	 3.80964e-06 
2.636 	 8.03808e-08 	 3.64441e-06 
2.638 	 7.67184e-08 	 3.48864e-06 
2.640 	 7.32817e-08 	 3.34211e-06 
2.642 	 7.00621e-08 	 3.20456e-06 
2.644 	 6.70499e-08 	 3.07565e-06 
2.646 	 6.42346e-08 	 2.95499e-06 
2.648 	 6.16047e-08 	 2.84216e-06 
2.650 	 5.91482e-08 	 2.73666e-06 
2.652 	 5.68525e-08 	 2.63799e-06 
2.654 	 5.47041e-08 	 2.54560e-06 
2.656 	 5.26895e-08 	 2.45889e-06 
2.658 	 5.07944e-08 	 2.37726e-06 
2.660 	 4.90045e-08 	 2.30007e-06 
2.662 	 4.73054e-08 	 2.22668e-06 
2.664 	 4.56831e-08 	 2.15645e-06 
2.666 	 4.41243e-08 	 2.08877e-06 
2.668 	 4.26168e-08 	 2.02308e-06 
2.670 	 4.11501e-08 	 1.95891e-06 
2.672 	 3.97157e-08 	 1.89583e-06 
2.674 	 3.83070e-08 	 1.83356e-06 
2.676 	 3.69199e-08 	 1.77192e-06 
2.678 	 3.55526e-08 	 1.71081e-06 
2.680 	 3.42052e-08 	 1.65025e-06 
2.682 	 3.28792e-08 	 1.59034e-06 
2.684 	 3.15775e-08 	 1.53123e-06 
2.686 	 3.03035e-08 	 1.47311e-06 
2.688 	 2.90609e-08 	 1.41616e-06 
2.690 	 2.78533e-08 	 1.36059e-06 
2.692 	 2.66837e-08 	 1.30657e-06 
2.694 	 2.55547e-08 	 1.25423e-06 
2.696 	 2.44682e-08 	 1.20371e-06 
2.698 	 2.34254e-08 	 1.15507e-06 
2.700 	 2.24268e-08 	 1.10836e-06 
