Energy [eV] EELS_b EELS_a 
2.500 	 1.63985e-03 	 -4.26503e-04 
2.502 	 1.63691e-03 	 -4.18223e-04 
2.504 	 1.63379e-03 	 -4.09387e-04 
2.506 	 1.63049e-03 	 -3.99976e-04 
2.508 	 1.62700e-03 	 -3.89976e-04 
2.510 	 1.62334e-03 	 -3.79367e-04 
2.512 	 1.61950e-03 	 -3.68131e-04 
2.514 	 1.61547e-03 	 -3.56249e-04 
2.516 	 1.61126e-03 	 -3.43700e-04 
2.519 	 1.60686e-03 	 -3.30463e-04 
2.521 	 1.60228e-03 	 -3.16516e-04 
2.523 	 1.59751e-03 	 -3.01834e-04 
2.525 	 1.59255e-03 	 -2.86394e-04 
2.527 	 1.58741e-03 	 -2.70168e-04 
2.529 	 1.58208e-03 	 -2.53129e-04 
2.531 	 1.57656e-03 	 -2.35248e-04 
2.533 	 1.57085e-03 	 -2.16494e-04 
2.535 	 1.56496e-03 	 -1.96835e-04 
2.537 	 1.55888e-03 	 -1.76236e-04 
2.539 	 1.55262e-03 	 -1.54660e-04 
2.541 	 1.54618e-03 	 -1.32069e-04 
2.543 	 1.53955e-03 	 -1.08420e-04 
2.545 	 1.53275e-03 	 -8.36718e-05 
2.547 	 1.52577e-03 	 -5.77762e-05 
2.549 	 1.51861e-03 	 -3.06844e-05 
2.551 	 1.51127e-03 	 -2.34358e-06 
2.553 	 1.50377e-03 	 2.73022e-05 
2.555 	 1.49610e-03 	 5.83125e-05 
2.557 	 1.48827e-03 	 9.07512e-05 
2.559 	 1.48028e-03 	 1.24686e-04 
2.561 	 1.47214e-03 	 1.60190e-04 
2.563 	 1.46384e-03 	 1.97340e-04 
2.565 	 1.45541e-03 	 2.36219e-04 
2.567 	 1.44683e-03 	 2.76917e-04 
2.569 	 1.43812e-03 	 3.19528e-04 
2.571 	 1.42928e-03 	 3.64155e-04 
2.573 	 1.42033e-03 	 4.10908e-04 
2.575 	 1.41127e-03 	 4.59906e-04 
2.577 	 1.40210e-03 	 5.11273e-04 
2.579 	 1.39284e-03 	 5.65148e-04 
2.581 	 1.38350e-03 	 6.21676e-04 
2.583 	 1.37409e-03 	 6.81014e-04 
2.585 	 1.36461e-03 	 7.43333e-04 
2.587 	 1.35509e-03 	 8.08813e-04 
2.589 	 1.34553e-03 	 8.77653e-04 
2.591 	 1.33594e-03 	 9.50064e-04 
2.593 	 1.32635e-03 	 1.02627e-03 
2.595 	 1.31677e-03 	 1.10652e-03 
2.597 	 1.30722e-03 	 1.19108e-03 
2.599 	 1.29771e-03 	 1.28024e-03 
2.601 	 1.28826e-03 	 1.37429e-03 
2.603 	 1.27891e-03 	 1.47357e-03 
2.605 	 1.26966e-03 	 1.57843e-03 
2.607 	 1.26054e-03 	 1.68926e-03 
2.609 	 1.25158e-03 	 1.80647e-03 
2.611 	 1.24280e-03 	 1.93049e-03 
2.613 	 1.23425e-03 	 2.06180e-03 
2.615 	 1.22593e-03 	 2.20088e-03 
2.618 	 1.21790e-03 	 2.34827e-03 
2.620 	 1.21019e-03 	 2.50451e-03 
2.622 	 1.20282e-03 	 2.67019e-03 
2.624 	 1.19585e-03 	 2.84592e-03 
2.626 	 1.18932e-03 	 3.03229e-03 
2.628 	 1.18326e-03 	 3.22995e-03 
2.630 	 1.17772e-03 	 3.43949e-03 
2.632 	 1.17275e-03 	 3.66153e-03 
2.634 	 1.16840e-03 	 3.89660e-03 
2.636 	 1.16470e-03 	 4.14519e-03 
2.638 	 1.16169e-03 	 4.40767e-03 
2.640 	 1.15943e-03 	 4.68427e-03 
2.642 	 1.15795e-03 	 4.97499e-03 
2.644 	 1.15727e-03 	 5.27961e-03 
2.646 	 1.15740e-03 	 5.59752e-03 
2.648 	 1.15836e-03 	 5.92773e-03 
2.650 	 1.16012e-03 	 6.26873e-03 
2.652 	 1.16266e-03 	 6.61839e-03 
2.654 	 1.16592e-03 	 6.97397e-03 
2.656 	 1.16980e-03 	 7.33195e-03 
2.658 	 1.17420e-03 	 7.68813e-03 
2.660 	 1.17895e-03 	 8.03755e-03 
2.662 	 1.18389e-03 	 8.37468e-03 
2.664 	 1.18879e-03 	 8.69355e-03 
2.666 	 1.19345e-03 	 8.98800e-03 
2.668 	 1.19763e-03 	 9.25204e-03 
2.670 	 1.20109e-03 	 9.48019e-03 
2.672 	 1.20364e-03 	 9.66791e-03 
2.674 	 1.20511e-03 	 9.81189e-03 
2.676 	 1.20540e-03 	 9.91030e-03 
2.678 	 1.20448e-03 	 9.96297e-03 
2.680 	 1.20241e-03 	 9.97133e-03 
2.682 	 1.19932e-03 	 9.93823e-03 
2.684 	 1.19544e-03 	 9.86770e-03 
2.686 	 1.19111e-03 	 9.76449e-03 
2.688 	 1.18670e-03 	 9.63373e-03 
2.690 	 1.18266e-03 	 9.48049e-03 
2.692 	 1.17951e-03 	 9.30938e-03 
2.694 	 1.17777e-03 	 9.12426e-03 
2.696 	 1.17800e-03 	 8.92792e-03 
2.698 	 1.18079e-03 	 8.72192e-03 
2.700 	 1.18673e-03 	 8.50632e-03 
