Energy [eV] EELS_b EELS_a 
2.500 	 9.89662e-11 	 1.90999e-08 
2.502 	 1.01335e-10 	 1.96360e-08 
2.504 	 1.03814e-10 	 2.01973e-08 
2.506 	 1.06409e-10 	 2.07854e-08 
2.508 	 1.09126e-10 	 2.14018e-08 
2.510 	 1.11972e-10 	 2.20480e-08 
2.512 	 1.14954e-10 	 2.27257e-08 
2.514 	 1.18079e-10 	 2.34367e-08 
2.516 	 1.21354e-10 	 2.41828e-08 
2.519 	 1.24788e-10 	 2.49660e-08 
2.521 	 1.28389e-10 	 2.57882e-08 
2.523 	 1.32164e-10 	 2.66515e-08 
2.525 	 1.36123e-10 	 2.75581e-08 
2.527 	 1.40274e-10 	 2.85099e-08 
2.529 	 1.44626e-10 	 2.95093e-08 
2.531 	 1.49186e-10 	 3.05583e-08 
2.533 	 1.53963e-10 	 3.16590e-08 
2.535 	 1.58965e-10 	 3.28135e-08 
2.537 	 1.64199e-10 	 3.40236e-08 
2.539 	 1.69669e-10 	 3.52909e-08 
2.541 	 1.75381e-10 	 3.66168e-08 
2.543 	 1.81338e-10 	 3.80020e-08 
2.545 	 1.87537e-10 	 3.94472e-08 
2.547 	 1.93978e-10 	 4.09518e-08 
2.549 	 2.00652e-10 	 4.25148e-08 
2.551 	 2.07549e-10 	 4.41339e-08 
2.553 	 2.14651e-10 	 4.58057e-08 
2.555 	 2.21934e-10 	 4.75252e-08 
2.557 	 2.29367e-10 	 4.92857e-08 
2.559 	 2.36910e-10 	 5.10785e-08 
2.561 	 2.44513e-10 	 5.28926e-08 
2.563 	 2.52116e-10 	 5.47146e-08 
2.565 	 2.59645e-10 	 5.65283e-08 
2.567 	 2.67017e-10 	 5.83150e-08 
2.569 	 2.74136e-10 	 6.00529e-08 
2.571 	 2.80896e-10 	 6.17179e-08 
2.573 	 2.87179e-10 	 6.32837e-08 
2.575 	 2.92863e-10 	 6.47222e-08 
2.577 	 2.97821e-10 	 6.60044e-08 
2.579 	 3.01928e-10 	 6.71016e-08 
2.581 	 3.05063e-10 	 6.79863e-08 
2.583 	 3.07120e-10 	 6.86335e-08 
2.585 	 3.08011e-10 	 6.90224e-08 
2.587 	 3.07668e-10 	 6.91371e-08 
2.589 	 3.06057e-10 	 6.89682e-08 
2.591 	 3.03171e-10 	 6.85133e-08 
2.593 	 2.99039e-10 	 6.77770e-08 
2.595 	 2.93720e-10 	 6.67713e-08 
2.597 	 2.87305e-10 	 6.55147e-08 
2.599 	 2.79908e-10 	 6.40313e-08 
2.601 	 2.71662e-10 	 6.23494e-08 
2.603 	 2.62714e-10 	 6.05004e-08 
2.605 	 2.53214e-10 	 5.85170e-08 
2.607 	 2.43314e-10 	 5.64320e-08 
2.609 	 2.33158e-10 	 5.42771e-08 
2.611 	 2.22880e-10 	 5.20819e-08 
2.613 	 2.12600e-10 	 4.98732e-08 
2.615 	 2.02424e-10 	 4.76748e-08 
2.618 	 1.92440e-10 	 4.55070e-08 
2.620 	 1.82720e-10 	 4.33865e-08 
2.622 	 1.73323e-10 	 4.13272e-08 
2.624 	 1.64291e-10 	 3.93395e-08 
2.626 	 1.55656e-10 	 3.74313e-08 
2.628 	 1.47438e-10 	 3.56081e-08 
2.630 	 1.39646e-10 	 3.38734e-08 
2.632 	 1.32286e-10 	 3.22288e-08 
2.634 	 1.25354e-10 	 3.06746e-08 
2.636 	 1.18841e-10 	 2.92099e-08 
2.638 	 1.12736e-10 	 2.78331e-08 
2.640 	 1.07026e-10 	 2.65414e-08 
2.642 	 1.01691e-10 	 2.53318e-08 
2.644 	 9.67152e-11 	 2.42007e-08 
2.646 	 9.20772e-11 	 2.31441e-08 
2.648 	 8.77565e-11 	 2.21578e-08 
2.650 	 8.37316e-11 	 2.12373e-08 
2.652 	 7.99805e-11 	 2.03777e-08 
2.654 	 7.64805e-11 	 1.95742e-08 
2.656 	 7.32089e-11 	 1.88216e-08 
2.658 	 7.01428e-11 	 1.81147e-08 
2.660 	 6.72592e-11 	 1.74481e-08 
2.662 	 6.45358e-11 	 1.68166e-08 
2.664 	 6.19511e-11 	 1.62150e-08 
2.666 	 5.94850e-11 	 1.56385e-08 
2.668 	 5.71192e-11 	 1.50825e-08 
2.670 	 5.48378e-11 	 1.45432e-08 
2.672 	 5.26279e-11 	 1.40175e-08 
2.674 	 5.04795e-11 	 1.35028e-08 
2.676 	 4.83858e-11 	 1.29977e-08 
2.678 	 4.63430e-11 	 1.25012e-08 
2.680 	 4.43498e-11 	 1.20134e-08 
2.682 	 4.24072e-11 	 1.15346e-08 
2.684 	 4.05174e-11 	 1.10657e-08 
2.686 	 3.86836e-11 	 1.06077e-08 
2.688 	 3.69092e-11 	 1.01620e-08 
2.690 	 3.51975e-11 	 9.72957e-09 
2.692 	 3.35511e-11 	 9.31144e-09 
2.694 	 3.19721e-11 	 8.90842e-09 
2.696 	 3.04617e-11 	 8.52109e-09 
2.698 	 2.90202e-11 	 8.14980e-09 
2.700 	 2.76472e-11 	 7.79468e-09 
