Energy [eV] EELS_b EELS_a 
2.500 	 2.71861e-06 	 1.33743e-05 
2.502 	 2.80563e-06 	 1.38200e-05 
2.504 	 2.89697e-06 	 1.42882e-05 
2.506 	 2.99289e-06 	 1.47802e-05 
2.508 	 3.09369e-06 	 1.52975e-05 
2.510 	 3.19966e-06 	 1.58417e-05 
2.512 	 3.31111e-06 	 1.64145e-05 
2.514 	 3.42839e-06 	 1.70176e-05 
2.516 	 3.55185e-06 	 1.76529e-05 
2.519 	 3.68187e-06 	 1.83224e-05 
2.521 	 3.81885e-06 	 1.90282e-05 
2.523 	 3.96321e-06 	 1.97725e-05 
2.525 	 4.11539e-06 	 2.05576e-05 
2.527 	 4.27585e-06 	 2.13858e-05 
2.529 	 4.44505e-06 	 2.22597e-05 
2.531 	 4.62349e-06 	 2.31818e-05 
2.533 	 4.81166e-06 	 2.41546e-05 
2.535 	 5.01007e-06 	 2.51808e-05 
2.537 	 5.21920e-06 	 2.62630e-05 
2.539 	 5.43954e-06 	 2.74035e-05 
2.541 	 5.67156e-06 	 2.86048e-05 
2.543 	 5.91566e-06 	 2.98690e-05 
2.545 	 6.17221e-06 	 3.11977e-05 
2.547 	 6.44147e-06 	 3.25923e-05 
2.549 	 6.72360e-06 	 3.40535e-05 
2.551 	 7.01861e-06 	 3.55809e-05 
2.553 	 7.32634e-06 	 3.71736e-05 
2.555 	 7.64637e-06 	 3.88290e-05 
2.557 	 7.97803e-06 	 4.05432e-05 
2.559 	 8.32027e-06 	 4.23103e-05 
2.561 	 8.67168e-06 	 4.41225e-05 
2.563 	 9.03038e-06 	 4.59694e-05 
2.565 	 9.39398e-06 	 4.78380e-05 
2.567 	 9.75950e-06 	 4.97122e-05 
2.569 	 1.01234e-05 	 5.15731e-05 
2.571 	 1.04816e-05 	 5.33986e-05 
2.573 	 1.08292e-05 	 5.51636e-05 
2.575 	 1.11610e-05 	 5.68407e-05 
2.577 	 1.14712e-05 	 5.84004e-05 
2.579 	 1.17540e-05 	 5.98122e-05 
2.581 	 1.20032e-05 	 6.10457e-05 
2.583 	 1.22130e-05 	 6.20721e-05 
2.585 	 1.23780e-05 	 6.28651e-05 
2.587 	 1.24935e-05 	 6.34031e-05 
2.589 	 1.25560e-05 	 6.36698e-05 
2.591 	 1.25632e-05 	 6.36558e-05 
2.593 	 1.25141e-05 	 6.33590e-05 
2.595 	 1.24094e-05 	 6.27852e-05 
2.597 	 1.22514e-05 	 6.19470e-05 
2.599 	 1.20435e-05 	 6.08641e-05 
2.601 	 1.17904e-05 	 5.95612e-05 
2.603 	 1.14977e-05 	 5.80675e-05 
2.605 	 1.11717e-05 	 5.64143e-05 
2.607 	 1.08189e-05 	 5.46341e-05 
2.609 	 1.04457e-05 	 5.27591e-05 
2.611 	 1.00584e-05 	 5.08199e-05 
2.613 	 9.66281e-06 	 4.88450e-05 
2.615 	 9.26425e-06 	 4.68596e-05 
2.618 	 8.86728e-06 	 4.48860e-05 
2.620 	 8.47582e-06 	 4.29428e-05 
2.622 	 8.09311e-06 	 4.10454e-05 
2.624 	 7.72173e-06 	 3.92062e-05 
2.626 	 7.36367e-06 	 3.74345e-05 
2.628 	 7.02041e-06 	 3.57371e-05 
2.630 	 6.69294e-06 	 3.41188e-05 
2.632 	 6.38189e-06 	 3.25825e-05 
2.634 	 6.08755e-06 	 3.11293e-05 
2.636 	 5.80994e-06 	 2.97594e-05 
2.638 	 5.54886e-06 	 2.84718e-05 
2.640 	 5.30396e-06 	 2.72645e-05 
2.642 	 5.07473e-06 	 2.61350e-05 
2.644 	 4.86055e-06 	 2.50804e-05 
2.646 	 4.66070e-06 	 2.40970e-05 
2.648 	 4.47442e-06 	 2.31809e-05 
2.650 	 4.30084e-06 	 2.23279e-05 
2.652 	 4.13905e-06 	 2.15334e-05 
2.654 	 3.98809e-06 	 2.07923e-05 
2.656 	 3.84694e-06 	 2.00996e-05 
2.658 	 3.71456e-06 	 1.94497e-05 
2.660 	 3.58985e-06 	 1.88371e-05 
2.662 	 3.47174e-06 	 1.82561e-05 
2.664 	 3.35914e-06 	 1.77010e-05 
2.666 	 3.25105e-06 	 1.71664e-05 
2.668 	 3.14651e-06 	 1.66474e-05 
2.670 	 3.04469e-06 	 1.61396e-05 
2.672 	 2.94492e-06 	 1.56394e-05 
2.674 	 2.84668e-06 	 1.51442e-05 
2.676 	 2.74962e-06 	 1.46523e-05 
2.678 	 2.65358e-06 	 1.41629e-05 
2.680 	 2.55855e-06 	 1.36761e-05 
2.682 	 2.46465e-06 	 1.31928e-05 
2.684 	 2.37210e-06 	 1.27144e-05 
2.686 	 2.28116e-06 	 1.22424e-05 
2.688 	 2.19212e-06 	 1.17787e-05 
2.690 	 2.10529e-06 	 1.13250e-05 
2.692 	 2.02092e-06 	 1.08830e-05 
2.694 	 1.93924e-06 	 1.04541e-05 
2.696 	 1.86041e-06 	 1.00392e-05 
2.698 	 1.78457e-06 	 9.63928e-06 
2.700 	 1.71178e-06 	 9.25481e-06 
