Energy [eV] Ext Cross [um^2] Abs Cross [um^2] Sca Cross [um^2] 
2.480 	 8.29861e-03 	 4.77104e-03 	 3.52756e-03 
2.443 	 7.64124e-03 	 4.14342e-03 	 3.49782e-03 
2.407 	 7.33680e-03 	 3.75900e-03 	 3.57780e-03 
2.373 	 7.24494e-03 	 3.51888e-03 	 3.72606e-03 
2.339 	 7.28917e-03 	 3.36982e-03 	 3.91935e-03 
2.306 	 7.42838e-03 	 3.28438e-03 	 4.14400e-03 
2.274 	 7.62639e-03 	 3.23556e-03 	 4.39083e-03 
2.243 	 7.86556e-03 	 3.20995e-03 	 4.65561e-03 
2.213 	 8.14691e-03 	 3.21258e-03 	 4.93434e-03 
2.184 	 8.46028e-03 	 3.23627e-03 	 5.22401e-03 
2.155 	 8.79181e-03 	 3.26921e-03 	 5.52260e-03 
2.127 	 9.13958e-03 	 3.30985e-03 	 5.82973e-03 
2.100 	 9.49704e-03 	 3.35228e-03 	 6.14476e-03 
2.074 	 9.84500e-03 	 3.37685e-03 	 6.46815e-03 
2.048 	 1.01749e-02 	 3.37194e-03 	 6.80301e-03 
2.023 	 1.06162e-02 	 3.47616e-03 	 7.14004e-03 
1.998 	 1.11618e-02 	 3.69154e-03 	 7.47026e-03 
1.974 	 1.17128e-02 	 3.89707e-03 	 7.81569e-03 
1.951 	 1.22580e-02 	 4.08649e-03 	 8.17148e-03 
1.928 	 1.28157e-02 	 4.28096e-03 	 8.53479e-03 
1.905 	 1.33993e-02 	 4.49431e-03 	 8.90501e-03 
1.884 	 1.40195e-02 	 4.73798e-03 	 9.28154e-03 
1.862 	 1.46902e-02 	 5.02516e-03 	 9.66501e-03 
1.841 	 1.54347e-02 	 5.36729e-03 	 1.00674e-02 
1.821 	 1.62896e-02 	 5.73311e-03 	 1.05565e-02 
1.801 	 1.72631e-02 	 6.03585e-03 	 1.12272e-02 
1.782 	 1.83188e-02 	 6.46379e-03 	 1.18550e-02 
1.763 	 1.91981e-02 	 6.88659e-03 	 1.23115e-02 
1.744 	 1.97708e-02 	 6.99840e-03 	 1.27724e-02 
1.726 	 2.05174e-02 	 7.19075e-03 	 1.33267e-02 
1.708 	 2.15224e-02 	 7.57694e-03 	 1.39454e-02 
1.690 	 2.27354e-02 	 8.11608e-03 	 1.46194e-02 
1.673 	 2.41485e-02 	 8.79366e-03 	 1.53549e-02 
1.656 	 2.57881e-02 	 9.62325e-03 	 1.61649e-02 
1.640 	 2.77067e-02 	 1.06392e-02 	 1.70675e-02 
1.623 	 2.99855e-02 	 1.18978e-02 	 1.80877e-02 
1.608 	 3.27453e-02 	 1.34847e-02 	 1.92606e-02 
1.592 	 3.61688e-02 	 1.55311e-02 	 2.06377e-02 
1.577 	 4.05371e-02 	 1.82416e-02 	 2.22955e-02 
1.562 	 4.62936e-02 	 2.19419e-02 	 2.43517e-02 
1.547 	 5.41441e-02 	 2.71559e-02 	 2.69882e-02 
1.533 	 6.51703e-02 	 3.46958e-02 	 3.04744e-02 
1.519 	 8.07245e-02 	 4.55983e-02 	 3.51261e-02 
1.505 	 1.01051e-01 	 6.01201e-02 	 4.09304e-02 
1.491 	 1.20791e-01 	 7.43707e-02 	 4.64203e-02 
1.478 	 1.28014e-01 	 7.94052e-02 	 4.86091e-02 
1.464 	 1.21922e-01 	 7.44014e-02 	 4.75204e-02 
1.452 	 1.16105e-01 	 6.95716e-02 	 4.65337e-02 
1.439 	 1.18465e-01 	 7.13405e-02 	 4.71242e-02 
1.426 	 1.27886e-01 	 7.97825e-02 	 4.81035e-02 
1.414 	 1.36088e-01 	 8.96233e-02 	 4.64645e-02 
1.402 	 1.30572e-01 	 9.08541e-02 	 3.97180e-02 
1.390 	 1.09551e-01 	 7.93432e-02 	 3.02077e-02 
1.379 	 8.51949e-02 	 6.26382e-02 	 2.25567e-02 
1.367 	 6.62642e-02 	 4.80761e-02 	 1.81881e-02 
1.356 	 5.37362e-02 	 3.74957e-02 	 1.62404e-02 
1.345 	 4.59113e-02 	 3.02224e-02 	 1.56889e-02 
1.334 	 4.11410e-02 	 2.52526e-02 	 1.58884e-02 
1.323 	 3.83131e-02 	 2.18219e-02 	 1.64912e-02 
1.313 	 3.67410e-02 	 1.94239e-02 	 1.73172e-02 
1.302 	 3.60061e-02 	 1.77329e-02 	 1.82732e-02 
1.292 	 3.58503e-02 	 1.65393e-02 	 1.93110e-02 
1.282 	 3.61109e-02 	 1.57051e-02 	 2.04058e-02 
1.272 	 3.66837e-02 	 1.51381e-02 	 2.15456e-02 
1.262 	 3.75003e-02 	 1.47753e-02 	 2.27250e-02 
1.253 	 3.85156e-02 	 1.45727e-02 	 2.39429e-02 
1.243 	 3.96993e-02 	 1.44991e-02 	 2.52002e-02 
1.234 	 4.10317e-02 	 1.45323e-02 	 2.64994e-02 
1.225 	 4.24996e-02 	 1.46559e-02 	 2.78438e-02 
1.216 	 4.40954e-02 	 1.48581e-02 	 2.92373e-02 
1.207 	 4.58147e-02 	 1.51305e-02 	 3.06843e-02 
1.198 	 4.76562e-02 	 1.54667e-02 	 3.21895e-02 
1.189 	 4.96206e-02 	 1.58625e-02 	 3.37581e-02 
1.181 	 5.17104e-02 	 1.63148e-02 	 3.53955e-02 
1.172 	 5.39296e-02 	 1.68220e-02 	 3.71076e-02 
1.164 	 5.62836e-02 	 1.73832e-02 	 3.89004e-02 
1.156 	 5.87788e-02 	 1.79981e-02 	 4.07806e-02 
1.148 	 6.14229e-02 	 1.86676e-02 	 4.27554e-02 
1.140 	 6.42248e-02 	 1.93926e-02 	 4.48322e-02 
1.132 	 6.71943e-02 	 2.01749e-02 	 4.70194e-02 
1.124 	 7.03424e-02 	 2.10167e-02 	 4.93257e-02 
1.117 	 7.36813e-02 	 2.19208e-02 	 5.17605e-02 
1.109 	 7.72246e-02 	 2.28903e-02 	 5.43343e-02 
1.102 	 8.09870e-02 	 2.39290e-02 	 5.70580e-02 
1.094 	 8.49847e-02 	 2.50409e-02 	 5.99437e-02 
1.087 	 8.92354e-02 	 2.62309e-02 	 6.30045e-02 
1.080 	 9.37586e-02 	 2.75040e-02 	 6.62546e-02 
1.073 	 9.85755e-02 	 2.88662e-02 	 6.97093e-02 
1.066 	 1.03709e-01 	 3.03238e-02 	 7.33854e-02 
1.059 	 1.09185e-01 	 3.18838e-02 	 7.73013e-02 
1.052 	 1.15031e-01 	 3.35539e-02 	 8.14766e-02 
1.046 	 1.21275e-01 	 3.53427e-02 	 8.59328e-02 
1.039 	 1.27952e-01 	 3.72592e-02 	 9.06931e-02 
1.032 	 1.35096e-01 	 3.93136e-02 	 9.57829e-02 
1.026 	 1.42746e-01 	 4.15167e-02 	 1.01229e-01 
1.020 	 1.50942e-01 	 4.38802e-02 	 1.07061e-01 
1.013 	 1.59728e-01 	 4.64168e-02 	 1.13311e-01 
1.007 	 1.69152e-01 	 4.91401e-02 	 1.20012e-01 
1.001 	 1.79265e-01 	 5.20646e-02 	 1.27200e-01 
0.995 	 1.90119e-01 	 5.52055e-02 	 1.34913e-01 
0.989 	 2.01771e-01 	 5.85789e-02 	 1.43192e-01 
0.983 	 2.14277e-01 	 6.22013e-02 	 1.52076e-01 
0.977 	 2.27697e-01 	 6.60897e-02 	 1.61607e-01 
0.971 	 2.42088e-01 	 7.02608e-02 	 1.71828e-01 
0.966 	 2.57507e-01 	 7.47307e-02 	 1.82776e-01 
0.960 	 2.74004e-01 	 7.95145e-02 	 1.94490e-01 
0.955 	 2.91623e-01 	 8.46247e-02 	 2.06999e-01 
0.949 	 3.10395e-01 	 9.00706e-02 	 2.20325e-01 
0.944 	 3.30334e-01 	 9.58566e-02 	 2.34478e-01 
0.938 	 3.51430e-01 	 1.01980e-01 	 2.49449e-01 
0.933 	 3.73641e-01 	 1.08430e-01 	 2.65210e-01 
0.928 	 3.96886e-01 	 1.15184e-01 	 2.81702e-01 
0.922 	 4.21035e-01 	 1.22206e-01 	 2.98829e-01 
0.917 	 4.45897e-01 	 1.29441e-01 	 3.16456e-01 
0.912 	 4.71215e-01 	 1.36817e-01 	 3.34397e-01 
0.907 	 4.96656e-01 	 1.44241e-01 	 3.52414e-01 
0.902 	 5.21810e-01 	 1.51598e-01 	 3.70212e-01 
0.897 	 5.46195e-01 	 1.58749e-01 	 3.87445e-01 
0.892 	 5.69264e-01 	 1.65543e-01 	 4.03721e-01 
0.888 	 5.90431e-01 	 1.71813e-01 	 4.18618e-01 
0.883 	 6.09099e-01 	 1.77391e-01 	 4.31708e-01 
0.878 	 6.24696e-01 	 1.82117e-01 	 4.42579e-01 
0.873 	 6.36724e-01 	 1.85851e-01 	 4.50872e-01 
0.869 	 6.44795e-01 	 1.88487e-01 	 4.56308e-01 
0.864 	 6.48674e-01 	 1.89961e-01 	 4.58713e-01 
0.860 	 6.48294e-01 	 1.90259e-01 	 4.58036e-01 
0.855 	 6.43769e-01 	 1.89417e-01 	 4.54352e-01 
0.851 	 6.35380e-01 	 1.87522e-01 	 4.47858e-01 
0.847 	 6.23548e-01 	 1.84701e-01 	 4.38847e-01 
0.842 	 6.08798e-01 	 1.81111e-01 	 4.27688e-01 
0.838 	 5.91719e-01 	 1.76928e-01 	 4.14791e-01 
0.834 	 5.72919e-01 	 1.72338e-01 	 4.00582e-01 
0.829 	 5.52995e-01 	 1.67520e-01 	 3.85475e-01 
0.825 	 5.32504e-01 	 1.62649e-01 	 3.69855e-01 
0.821 	 5.11947e-01 	 1.57884e-01 	 3.54063e-01 
0.817 	 4.91763e-01 	 1.53370e-01 	 3.38393e-01 
0.813 	 4.72327e-01 	 1.49236e-01 	 3.23091e-01 
0.809 	 4.53957e-01 	 1.45602e-01 	 3.08355e-01 
0.805 	 4.36922e-01 	 1.42579e-01 	 2.94343e-01 
0.801 	 4.21455e-01 	 1.40275e-01 	 2.81181e-01 
0.797 	 4.07768e-01 	 1.38801e-01 	 2.68967e-01 
0.793 	 3.96062e-01 	 1.38278e-01 	 2.57784e-01 
0.790 	 3.86545e-01 	 1.38843e-01 	 2.47702e-01 
0.786 	 3.79446e-01 	 1.40655e-01 	 2.38790e-01 
0.782 	 3.75029e-01 	 1.43907e-01 	 2.31122e-01 
0.778 	 3.73608e-01 	 1.48830e-01 	 2.24778e-01 
0.775 	 3.75550e-01 	 1.55697e-01 	 2.19853e-01 
0.771 	 3.81278e-01 	 1.64821e-01 	 2.16457e-01 
0.768 	 3.91242e-01 	 1.76541e-01 	 2.14701e-01 
0.764 	 4.05848e-01 	 1.91167e-01 	 2.14681e-01 
0.760 	 4.25302e-01 	 2.08876e-01 	 2.16426e-01 
0.757 	 4.49328e-01 	 2.29519e-01 	 2.19809e-01 
0.753 	 4.76716e-01 	 2.52304e-01 	 2.24411e-01 
0.750 	 5.04775e-01 	 2.75423e-01 	 2.29352e-01 
0.747 	 5.29007e-01 	 2.95807e-01 	 2.33200e-01 
0.743 	 5.43601e-01 	 3.09457e-01 	 2.34144e-01 
0.740 	 5.43234e-01 	 3.12676e-01 	 2.30558e-01 
0.737 	 5.25595e-01 	 3.03812e-01 	 2.21784e-01 
0.733 	 4.92758e-01 	 2.84230e-01 	 2.08528e-01 
0.730 	 4.50101e-01 	 2.57601e-01 	 1.92500e-01 
0.727 	 4.03732e-01 	 2.28135e-01 	 1.75596e-01 
0.724 	 3.58434e-01 	 1.99156e-01 	 1.59279e-01 
0.720 	 3.17000e-01 	 1.72624e-01 	 1.44376e-01 
0.717 	 2.80561e-01 	 1.49357e-01 	 1.31204e-01 
0.714 	 2.49208e-01 	 1.29449e-01 	 1.19758e-01 
0.711 	 2.22510e-01 	 1.12628e-01 	 1.09883e-01 
0.708 	 1.99848e-01 	 9.84825e-02 	 1.01365e-01 
0.705 	 1.80583e-01 	 8.65878e-02 	 9.39951e-02 
0.702 	 1.64136e-01 	 7.65549e-02 	 8.75813e-02 
0.699 	 1.50014e-01 	 6.80514e-02 	 8.19626e-02 
0.696 	 1.37807e-01 	 6.08019e-02 	 7.70053e-02 
0.693 	 1.27183e-01 	 5.45819e-02 	 7.26007e-02 
0.690 	 1.17871e-01 	 4.92105e-02 	 6.86604e-02 
0.687 	 1.09655e-01 	 4.45416e-02 	 6.51130e-02 
0.684 	 1.02358e-01 	 4.04576e-02 	 6.19004e-02 
0.682 	 9.58386e-02 	 3.68634e-02 	 5.89752e-02 
0.679 	 8.99804e-02 	 3.36820e-02 	 5.62985e-02 
0.676 	 8.46884e-02 	 3.08503e-02 	 5.38381e-02 
0.673 	 7.98842e-02 	 2.83168e-02 	 5.15674e-02 
0.671 	 7.55029e-02 	 2.60390e-02 	 4.94639e-02 
0.668 	 7.14905e-02 	 2.39817e-02 	 4.75088e-02 
0.665 	 6.78016e-02 	 2.21154e-02 	 4.56862e-02 
0.662 	 6.43979e-02 	 2.04157e-02 	 4.39823e-02 
0.660 	 6.12469e-02 	 1.88616e-02 	 4.23853e-02 
0.657 	 5.83209e-02 	 1.74357e-02 	 4.08852e-02 
0.655 	 5.55960e-02 	 1.61230e-02 	 3.94730e-02 
0.652 	 5.30518e-02 	 1.49107e-02 	 3.81410e-02 
0.649 	 5.06703e-02 	 1.37878e-02 	 3.68825e-02 
0.647 	 4.84362e-02 	 1.27448e-02 	 3.56914e-02 
0.644 	 4.63358e-02 	 1.17734e-02 	 3.45624e-02 
0.642 	 4.43573e-02 	 1.08666e-02 	 3.34907e-02 
0.639 	 4.24900e-02 	 1.00179e-02 	 3.24721e-02 
0.637 	 4.07248e-02 	 9.22202e-03 	 3.15027e-02 
0.634 	 3.90532e-02 	 8.47398e-03 	 3.05792e-02 
0.632 	 3.74679e-02 	 7.76955e-03 	 2.96984e-02 
0.629 	 3.59623e-02 	 7.10491e-03 	 2.88574e-02 
0.627 	 3.45304e-02 	 6.47670e-03 	 2.80537e-02 
0.625 	 3.31669e-02 	 5.88191e-03 	 2.72850e-02 
0.622 	 3.18669e-02 	 5.31783e-03 	 2.65491e-02 
0.620 	 3.06260e-02 	 4.78205e-03 	 2.58439e-02 
