Energy [eV] EELS_b EELS_a 
2.500 	 1.79931e-10 	 7.25908e-10 
2.502 	 1.84278e-10 	 7.44251e-10 
2.504 	 1.88825e-10 	 7.63444e-10 
2.506 	 1.93584e-10 	 7.83534e-10 
2.508 	 1.98566e-10 	 8.04571e-10 
2.510 	 2.03783e-10 	 8.26605e-10 
2.512 	 2.09247e-10 	 8.49692e-10 
2.514 	 2.14973e-10 	 8.73888e-10 
2.516 	 2.20973e-10 	 8.99253e-10 
2.519 	 2.27262e-10 	 9.25849e-10 
2.521 	 2.33855e-10 	 9.53739e-10 
2.523 	 2.40767e-10 	 9.82989e-10 
2.525 	 2.48013e-10 	 1.01367e-09 
2.527 	 2.55608e-10 	 1.04584e-09 
2.529 	 2.63569e-10 	 1.07957e-09 
2.531 	 2.71911e-10 	 1.11493e-09 
2.533 	 2.80647e-10 	 1.15199e-09 
2.535 	 2.89793e-10 	 1.19081e-09 
2.537 	 2.99360e-10 	 1.23143e-09 
2.539 	 3.09359e-10 	 1.27392e-09 
2.541 	 3.19797e-10 	 1.31830e-09 
2.543 	 3.30681e-10 	 1.36460e-09 
2.545 	 3.42008e-10 	 1.41284e-09 
2.547 	 3.53775e-10 	 1.46297e-09 
2.549 	 3.65969e-10 	 1.51497e-09 
2.551 	 3.78569e-10 	 1.56875e-09 
2.553 	 3.91546e-10 	 1.62419e-09 
2.555 	 4.04856e-10 	 1.68112e-09 
2.557 	 4.18444e-10 	 1.73930e-09 
2.559 	 4.32240e-10 	 1.79843e-09 
2.561 	 4.46153e-10 	 1.85816e-09 
2.563 	 4.60076e-10 	 1.91802e-09 
2.565 	 4.73880e-10 	 1.97747e-09 
2.567 	 4.87415e-10 	 2.03588e-09 
2.569 	 5.00510e-10 	 2.09254e-09 
2.571 	 5.12975e-10 	 2.14663e-09 
2.573 	 5.24600e-10 	 2.19728e-09 
2.575 	 5.35166e-10 	 2.24354e-09 
2.577 	 5.44444e-10 	 2.28445e-09 
2.579 	 5.52208e-10 	 2.31904e-09 
2.581 	 5.58240e-10 	 2.34639e-09 
2.583 	 5.62345e-10 	 2.36565e-09 
2.585 	 5.64357e-10 	 2.37612e-09 
2.587 	 5.64154e-10 	 2.37725e-09 
2.589 	 5.61661e-10 	 2.36872e-09 
2.591 	 5.56860e-10 	 2.35044e-09 
2.593 	 5.49792e-10 	 2.32256e-09 
2.595 	 5.40556e-10 	 2.28548e-09 
2.597 	 5.29304e-10 	 2.23982e-09 
2.599 	 5.16234e-10 	 2.18642e-09 
2.601 	 5.01581e-10 	 2.12623e-09 
2.603 	 4.85603e-10 	 2.06035e-09 
2.605 	 4.68569e-10 	 1.98989e-09 
2.607 	 4.50752e-10 	 1.91601e-09 
2.609 	 4.32414e-10 	 1.83980e-09 
2.611 	 4.13799e-10 	 1.76230e-09 
2.613 	 3.95130e-10 	 1.68444e-09 
2.615 	 3.76600e-10 	 1.60705e-09 
2.618 	 3.58377e-10 	 1.53084e-09 
2.620 	 3.40599e-10 	 1.45640e-09 
2.622 	 3.23375e-10 	 1.38419e-09 
2.624 	 3.06790e-10 	 1.31458e-09 
2.626 	 2.90906e-10 	 1.24785e-09 
2.628 	 2.75763e-10 	 1.18416e-09 
2.630 	 2.61387e-10 	 1.12365e-09 
2.632 	 2.47786e-10 	 1.06635e-09 
2.634 	 2.34960e-10 	 1.01227e-09 
2.636 	 2.22896e-10 	 9.61363e-10 
2.638 	 2.11577e-10 	 9.13562e-10 
2.640 	 2.00977e-10 	 8.68769e-10 
2.642 	 1.91066e-10 	 8.26864e-10 
2.644 	 1.81813e-10 	 7.87716e-10 
2.646 	 1.73183e-10 	 7.51181e-10 
2.648 	 1.65137e-10 	 7.17104e-10 
2.650 	 1.57637e-10 	 6.85326e-10 
2.652 	 1.50644e-10 	 6.55677e-10 
2.654 	 1.44115e-10 	 6.27987e-10 
2.656 	 1.38009e-10 	 6.02079e-10 
2.658 	 1.32284e-10 	 5.77773e-10 
2.660 	 1.26898e-10 	 5.54891e-10 
2.662 	 1.21809e-10 	 5.33255e-10 
2.664 	 1.16978e-10 	 5.12695e-10 
2.666 	 1.12366e-10 	 4.93049e-10 
2.668 	 1.07940e-10 	 4.74171e-10 
2.670 	 1.03671e-10 	 4.55934e-10 
2.672 	 9.95330e-11 	 4.38231e-10 
2.674 	 9.55086e-11 	 4.20985e-10 
2.676 	 9.15846e-11 	 4.04139e-10 
2.678 	 8.77541e-11 	 3.87665e-10 
2.680 	 8.40148e-11 	 3.71554e-10 
2.682 	 8.03683e-11 	 3.55815e-10 
2.684 	 7.68192e-11 	 3.40471e-10 
2.686 	 7.33734e-11 	 3.25549e-10 
2.688 	 7.00376e-11 	 3.11081e-10 
2.690 	 6.68179e-11 	 2.97096e-10 
2.692 	 6.37196e-11 	 2.83621e-10 
2.694 	 6.07467e-11 	 2.70673e-10 
2.696 	 5.79014e-11 	 2.58267e-10 
2.698 	 5.51848e-11 	 2.46408e-10 
2.700 	 5.25962e-11 	 2.35095e-10 
