Energy [eV] EELS_b EELS_a 
2.500 	 8.56691e-09 	 5.03038e-07 
2.502 	 8.79854e-09 	 5.18145e-07 
2.504 	 9.04073e-09 	 5.33965e-07 
2.506 	 9.29405e-09 	 5.50539e-07 
2.508 	 9.55910e-09 	 5.67908e-07 
2.510 	 9.83650e-09 	 5.86117e-07 
2.512 	 1.01269e-08 	 6.05213e-07 
2.514 	 1.04309e-08 	 6.25245e-07 
2.516 	 1.07493e-08 	 6.46265e-07 
2.519 	 1.10828e-08 	 6.68325e-07 
2.521 	 1.14321e-08 	 6.91482e-07 
2.523 	 1.17979e-08 	 7.15790e-07 
2.525 	 1.21810e-08 	 7.41310e-07 
2.527 	 1.25822e-08 	 7.68098e-07 
2.529 	 1.30021e-08 	 7.96215e-07 
2.531 	 1.34415e-08 	 8.25719e-07 
2.533 	 1.39009e-08 	 8.56666e-07 
2.535 	 1.43811e-08 	 8.89109e-07 
2.537 	 1.48824e-08 	 9.23099e-07 
2.539 	 1.54053e-08 	 9.58678e-07 
2.541 	 1.59499e-08 	 9.95880e-07 
2.543 	 1.65163e-08 	 1.03473e-06 
2.545 	 1.71041e-08 	 1.07523e-06 
2.547 	 1.77128e-08 	 1.11736e-06 
2.549 	 1.83414e-08 	 1.16111e-06 
2.551 	 1.89885e-08 	 1.20639e-06 
2.553 	 1.96522e-08 	 1.25312e-06 
2.555 	 2.03299e-08 	 1.30115e-06 
2.557 	 2.10183e-08 	 1.35030e-06 
2.559 	 2.17134e-08 	 1.40033e-06 
2.561 	 2.24103e-08 	 1.45094e-06 
2.563 	 2.31032e-08 	 1.50177e-06 
2.565 	 2.37854e-08 	 1.55239e-06 
2.567 	 2.44492e-08 	 1.60230e-06 
2.569 	 2.50861e-08 	 1.65092e-06 
2.571 	 2.56867e-08 	 1.69761e-06 
2.573 	 2.62412e-08 	 1.74169e-06 
2.575 	 2.67392e-08 	 1.78242e-06 
2.577 	 2.71706e-08 	 1.81905e-06 
2.579 	 2.75252e-08 	 1.85082e-06 
2.581 	 2.77940e-08 	 1.87702e-06 
2.583 	 2.79688e-08 	 1.89700e-06 
2.585 	 2.80433e-08 	 1.91020e-06 
2.587 	 2.80131e-08 	 1.91621e-06 
2.589 	 2.78761e-08 	 1.91476e-06 
2.591 	 2.76328e-08 	 1.90574e-06 
2.593 	 2.72860e-08 	 1.88927e-06 
2.595 	 2.68411e-08 	 1.86559e-06 
2.597 	 2.63056e-08 	 1.83516e-06 
2.599 	 2.56888e-08 	 1.79855e-06 
2.601 	 2.50012e-08 	 1.75646e-06 
2.603 	 2.42545e-08 	 1.70967e-06 
2.605 	 2.34605e-08 	 1.65901e-06 
2.607 	 2.26311e-08 	 1.60530e-06 
2.609 	 2.17777e-08 	 1.54937e-06 
2.611 	 2.09110e-08 	 1.49200e-06 
2.613 	 2.00405e-08 	 1.43391e-06 
2.615 	 1.91749e-08 	 1.37572e-06 
2.618 	 1.83215e-08 	 1.31800e-06 
2.620 	 1.74864e-08 	 1.26123e-06 
2.622 	 1.66747e-08 	 1.20579e-06 
2.624 	 1.58904e-08 	 1.15201e-06 
2.626 	 1.51363e-08 	 1.10013e-06 
2.628 	 1.44146e-08 	 1.05033e-06 
2.630 	 1.37266e-08 	 1.00274e-06 
2.632 	 1.30731e-08 	 9.57432e-07 
2.634 	 1.24543e-08 	 9.14450e-07 
2.636 	 1.18700e-08 	 8.73796e-07 
2.638 	 1.13195e-08 	 8.35448e-07 
2.640 	 1.08019e-08 	 7.99359e-07 
2.642 	 1.03162e-08 	 7.65465e-07 
2.644 	 9.86109e-09 	 7.33686e-07 
2.646 	 9.43502e-09 	 7.03927e-07 
2.648 	 9.03644e-09 	 6.76085e-07 
2.650 	 8.66363e-09 	 6.50044e-07 
2.652 	 8.31481e-09 	 6.25682e-07 
2.654 	 7.98806e-09 	 6.02864e-07 
2.656 	 7.68141e-09 	 5.81452e-07 
2.658 	 7.39284e-09 	 5.61298e-07 
2.660 	 7.12027e-09 	 5.42252e-07 
2.662 	 6.86165e-09 	 5.24162e-07 
2.664 	 6.61495e-09 	 5.06878e-07 
2.666 	 6.37827e-09 	 4.90255e-07 
2.668 	 6.14988e-09 	 4.74163e-07 
2.670 	 5.92824e-09 	 4.58484e-07 
2.672 	 5.71212e-09 	 4.43125e-07 
2.674 	 5.50059e-09 	 4.28014e-07 
2.676 	 5.29302e-09 	 4.13105e-07 
2.678 	 5.08912e-09 	 3.98377e-07 
2.680 	 4.88886e-09 	 3.83829e-07 
2.682 	 4.69243e-09 	 3.69480e-07 
2.684 	 4.50018e-09 	 3.55362e-07 
2.686 	 4.31254e-09 	 3.41514e-07 
2.688 	 4.13000e-09 	 3.27978e-07 
2.690 	 3.95301e-09 	 3.14796e-07 
2.692 	 3.78194e-09 	 3.02003e-07 
2.694 	 3.61713e-09 	 2.89632e-07 
2.696 	 3.45878e-09 	 2.77704e-07 
2.698 	 3.30704e-09 	 2.66237e-07 
2.700 	 3.16195e-09 	 2.55238e-07 
