Energy [eV] EELS_b EELS_a 
2.500 	 3.60203e-12 	 1.69874e-09 
2.502 	 3.68105e-12 	 1.74355e-09 
2.504 	 3.76370e-12 	 1.79044e-09 
2.506 	 3.85017e-12 	 1.83951e-09 
2.508 	 3.94064e-12 	 1.89089e-09 
2.510 	 4.03533e-12 	 1.94470e-09 
2.512 	 4.13444e-12 	 2.00108e-09 
2.514 	 4.23819e-12 	 2.06016e-09 
2.516 	 4.34682e-12 	 2.12208e-09 
2.519 	 4.46055e-12 	 2.18700e-09 
2.521 	 4.57962e-12 	 2.25505e-09 
2.523 	 4.70426e-12 	 2.32640e-09 
2.525 	 4.83472e-12 	 2.40121e-09 
2.527 	 4.97122e-12 	 2.47962e-09 
2.529 	 5.11399e-12 	 2.56180e-09 
2.531 	 5.26323e-12 	 2.64790e-09 
2.533 	 5.41914e-12 	 2.73806e-09 
2.535 	 5.58188e-12 	 2.83242e-09 
2.537 	 5.75156e-12 	 2.93108e-09 
2.539 	 5.92827e-12 	 3.03415e-09 
2.541 	 6.11201e-12 	 3.14168e-09 
2.543 	 6.30271e-12 	 3.25369e-09 
2.545 	 6.50019e-12 	 3.37017e-09 
2.547 	 6.70417e-12 	 3.49102e-09 
2.549 	 6.91420e-12 	 3.61608e-09 
2.551 	 7.12968e-12 	 3.74508e-09 
2.553 	 7.34979e-12 	 3.87767e-09 
2.555 	 7.57348e-12 	 4.01336e-09 
2.557 	 7.79945e-12 	 4.15151e-09 
2.559 	 8.02609e-12 	 4.29131e-09 
2.561 	 8.25148e-12 	 4.43179e-09 
2.563 	 8.47337e-12 	 4.57177e-09 
2.565 	 8.68917e-12 	 4.70987e-09 
2.567 	 8.89595e-12 	 4.84450e-09 
2.569 	 9.09047e-12 	 4.97388e-09 
2.571 	 9.26924e-12 	 5.09605e-09 
2.573 	 9.42859e-12 	 5.20891e-09 
2.575 	 9.56478e-12 	 5.31026e-09 
2.577 	 9.67412e-12 	 5.39790e-09 
2.579 	 9.75313e-12 	 5.46968e-09 
2.581 	 9.79871e-12 	 5.52360e-09 
2.583 	 9.80832e-12 	 5.55793e-09 
2.585 	 9.78013e-12 	 5.57128e-09 
2.587 	 9.71315e-12 	 5.56270e-09 
2.589 	 9.60734e-12 	 5.53178e-09 
2.591 	 9.46362e-12 	 5.47861e-09 
2.593 	 9.28389e-12 	 5.40388e-09 
2.595 	 9.07090e-12 	 5.30877e-09 
2.597 	 8.82815e-12 	 5.19495e-09 
2.599 	 8.55971e-12 	 5.06448e-09 
2.601 	 8.27002e-12 	 4.91969e-09 
2.603 	 7.96370e-12 	 4.76310e-09 
2.605 	 7.64536e-12 	 4.59726e-09 
2.607 	 7.31942e-12 	 4.42473e-09 
2.609 	 6.98999e-12 	 4.24791e-09 
2.611 	 6.66080e-12 	 4.06904e-09 
2.613 	 6.33508e-12 	 3.89012e-09 
2.615 	 6.01560e-12 	 3.71289e-09 
2.618 	 5.70463e-12 	 3.53884e-09 
2.620 	 5.40395e-12 	 3.36919e-09 
2.622 	 5.11494e-12 	 3.20490e-09 
2.624 	 4.83857e-12 	 3.04672e-09 
2.626 	 4.57546e-12 	 2.89519e-09 
2.628 	 4.32598e-12 	 2.75065e-09 
2.630 	 4.09022e-12 	 2.61333e-09 
2.632 	 3.86810e-12 	 2.48330e-09 
2.634 	 3.65938e-12 	 2.36054e-09 
2.636 	 3.46368e-12 	 2.24495e-09 
2.638 	 3.28054e-12 	 2.13634e-09 
2.640 	 3.10944e-12 	 2.03451e-09 
2.642 	 2.94980e-12 	 1.93917e-09 
2.644 	 2.80100e-12 	 1.85003e-09 
2.646 	 2.66241e-12 	 1.76677e-09 
2.648 	 2.53335e-12 	 1.68904e-09 
2.650 	 2.41317e-12 	 1.61648e-09 
2.652 	 2.30117e-12 	 1.54871e-09 
2.654 	 2.19668e-12 	 1.48535e-09 
2.656 	 2.09901e-12 	 1.42598e-09 
2.658 	 2.00747e-12 	 1.37021e-09 
2.660 	 1.92138e-12 	 1.31762e-09 
2.662 	 1.84009e-12 	 1.26782e-09 
2.664 	 1.76298e-12 	 1.22040e-09 
2.666 	 1.68946e-12 	 1.17500e-09 
2.668 	 1.61900e-12 	 1.13128e-09 
2.670 	 1.55116e-12 	 1.08895e-09 
2.672 	 1.48556e-12 	 1.04777e-09 
2.674 	 1.42192e-12 	 1.00756e-09 
2.676 	 1.36005e-12 	 9.68197e-10 
2.678 	 1.29984e-12 	 9.29624e-10 
2.680 	 1.24126e-12 	 8.91829e-10 
2.682 	 1.18432e-12 	 8.54840e-10 
2.684 	 1.12909e-12 	 8.18718e-10 
2.686 	 1.07565e-12 	 7.83537e-10 
2.688 	 1.02408e-12 	 7.49379e-10 
2.690 	 9.74462e-13 	 7.16320e-10 
2.692 	 9.26863e-13 	 6.84426e-10 
2.694 	 8.81323e-13 	 6.53749e-10 
2.696 	 8.37862e-13 	 6.24323e-10 
2.698 	 7.96478e-13 	 5.96168e-10 
2.700 	 7.57148e-13 	 5.69286e-10 
