Energy [eV] EELS_b EELS_a 
2.500 	 -9.13127e-04 	 -1.07561e-03 
2.502 	 -9.20503e-04 	 -1.07771e-03 
2.504 	 -9.28212e-04 	 -1.08034e-03 
2.506 	 -9.36275e-04 	 -1.08357e-03 
2.508 	 -9.44715e-04 	 -1.08743e-03 
2.510 	 -9.53556e-04 	 -1.09199e-03 
2.512 	 -9.62827e-04 	 -1.09732e-03 
2.514 	 -9.72556e-04 	 -1.10348e-03 
2.516 	 -9.82778e-04 	 -1.11056e-03 
2.519 	 -9.93528e-04 	 -1.11865e-03 
2.521 	 -1.00485e-03 	 -1.12786e-03 
2.523 	 -1.01678e-03 	 -1.13829e-03 
2.525 	 -1.02937e-03 	 -1.15008e-03 
2.527 	 -1.04268e-03 	 -1.16339e-03 
2.529 	 -1.05677e-03 	 -1.17838e-03 
2.531 	 -1.07171e-03 	 -1.19525e-03 
2.533 	 -1.08757e-03 	 -1.21423e-03 
2.535 	 -1.10445e-03 	 -1.23559e-03 
2.537 	 -1.12245e-03 	 -1.25965e-03 
2.539 	 -1.14168e-03 	 -1.28679e-03 
2.541 	 -1.16228e-03 	 -1.31745e-03 
2.543 	 -1.18439e-03 	 -1.35217e-03 
2.545 	 -1.20820e-03 	 -1.39162e-03 
2.547 	 -1.23392e-03 	 -1.43660e-03 
2.549 	 -1.26180e-03 	 -1.48812e-03 
2.551 	 -1.29212e-03 	 -1.54745e-03 
2.553 	 -1.32525e-03 	 -1.61622e-03 
2.555 	 -1.36161e-03 	 -1.69653e-03 
2.557 	 -1.40172e-03 	 -1.79118e-03 
2.559 	 -1.44623e-03 	 -1.90389e-03 
2.561 	 -1.49595e-03 	 -2.03979e-03 
2.563 	 -1.55189e-03 	 -2.20605e-03 
2.565 	 -1.61539e-03 	 -2.41298e-03 
2.567 	 -1.68816e-03 	 -2.67579e-03 
2.569 	 -1.77250e-03 	 -3.01771e-03 
2.571 	 -1.87153e-03 	 -3.47553e-03 
2.573 	 -1.98959e-03 	 -4.11013e-03 
2.575 	 -2.13281e-03 	 -5.02788e-03 
2.577 	 -2.31010e-03 	 -6.42731e-03 
2.579 	 -2.53437e-03 	 -8.71179e-03 
2.581 	 -2.82360e-03 	 -1.27987e-02 
2.583 	 -3.19533e-03 	 -2.11301e-02 
2.585 	 -3.60439e-03 	 -4.19319e-02 
2.587 	 -3.25906e-03 	 -1.15866e-01 
2.589 	 1.09085e-02 	 -5.59228e-01 
2.591 	 2.17215e-02 	 -3.92976e-01 
2.593 	 8.39484e-03 	 -1.06426e-01 
2.595 	 4.46473e-03 	 -4.88985e-02 
2.597 	 2.79335e-03 	 -2.95806e-02 
2.599 	 1.89231e-03 	 -2.09023e-02 
2.601 	 1.33384e-03 	 -1.62963e-02 
2.603 	 9.55214e-04 	 -1.35837e-02 
2.605 	 6.82225e-04 	 -1.18732e-02 
2.607 	 4.76506e-04 	 -1.07441e-02 
2.609 	 3.16344e-04 	 -9.97568e-03 
2.611 	 1.88571e-04 	 -9.44231e-03 
2.613 	 8.47529e-05 	 -9.06763e-03 
2.615 	 -7.57590e-07 	 -8.80257e-03 
2.618 	 -7.18938e-05 	 -8.61414e-03 
2.620 	 -1.31490e-04 	 -8.47924e-03 
2.622 	 -1.81657e-04 	 -8.38120e-03 
2.624 	 -2.24015e-04 	 -8.30767e-03 
2.626 	 -2.59843e-04 	 -8.24935e-03 
2.628 	 -2.90182e-04 	 -8.19920e-03 
2.630 	 -3.15896e-04 	 -8.15187e-03 
2.632 	 -3.37719e-04 	 -8.10332e-03 
2.634 	 -3.56284e-04 	 -8.05056e-03 
2.636 	 -3.72139e-04 	 -7.99146e-03 
2.638 	 -3.85765e-04 	 -7.92455e-03 
2.640 	 -3.97581e-04 	 -7.84892e-03 
2.642 	 -4.07951e-04 	 -7.76409e-03 
2.644 	 -4.17193e-04 	 -7.66997e-03 
2.646 	 -4.25576e-04 	 -7.56675e-03 
2.648 	 -4.33330e-04 	 -7.45489e-03 
2.650 	 -4.40646e-04 	 -7.33504e-03 
2.652 	 -4.47683e-04 	 -7.20803e-03 
2.654 	 -4.54569e-04 	 -7.07479e-03 
2.656 	 -4.61407e-04 	 -6.93633e-03 
2.658 	 -4.68278e-04 	 -6.79371e-03 
2.660 	 -4.75247e-04 	 -6.64792e-03 
2.662 	 -4.82362e-04 	 -6.49992e-03 
2.664 	 -4.89663e-04 	 -6.35058e-03 
2.666 	 -4.97180e-04 	 -6.20062e-03 
2.668 	 -5.04940e-04 	 -6.05065e-03 
2.670 	 -5.12965e-04 	 -5.90110e-03 
2.672 	 -5.21276e-04 	 -5.75231e-03 
2.674 	 -5.29897e-04 	 -5.60444e-03 
2.676 	 -5.38855e-04 	 -5.45756e-03 
2.678 	 -5.48181e-04 	 -5.31166e-03 
2.680 	 -5.57918e-04 	 -5.16665e-03 
2.682 	 -5.68115e-04 	 -5.02240e-03 
2.684 	 -5.78841e-04 	 -4.87879e-03 
2.686 	 -5.90179e-04 	 -4.73576e-03 
2.688 	 -6.02238e-04 	 -4.59328e-03 
2.690 	 -6.15153e-04 	 -4.45151e-03 
2.692 	 -6.29093e-04 	 -4.31071e-03 
2.694 	 -6.44267e-04 	 -4.17137e-03 
2.696 	 -6.60930e-04 	 -4.03421e-03 
2.698 	 -6.79390e-04 	 -3.90012e-03 
2.700 	 -7.00022e-04 	 -3.77023e-03 
