Energy [eV] EELS_b EELS_a 
2.500 	 7.33297e-13 	 4.14566e-10 
2.502 	 7.44468e-13 	 4.22834e-10 
2.504 	 7.56239e-13 	 4.31514e-10 
2.506 	 7.68638e-13 	 4.40627e-10 
2.508 	 7.81691e-13 	 4.50193e-10 
2.510 	 7.95437e-13 	 4.60242e-10 
2.512 	 8.09905e-13 	 4.70798e-10 
2.514 	 8.25132e-13 	 4.81888e-10 
2.516 	 8.41157e-13 	 4.93542e-10 
2.519 	 8.58014e-13 	 5.05789e-10 
2.521 	 8.75749e-13 	 5.18665e-10 
2.523 	 8.94403e-13 	 5.32202e-10 
2.525 	 9.14020e-13 	 5.46438e-10 
2.527 	 9.34643e-13 	 5.61408e-10 
2.529 	 9.56321e-13 	 5.77153e-10 
2.531 	 9.79099e-13 	 5.93712e-10 
2.533 	 1.00302e-12 	 6.11128e-10 
2.535 	 1.02815e-12 	 6.29445e-10 
2.537 	 1.05452e-12 	 6.48707e-10 
2.539 	 1.08217e-12 	 6.68957e-10 
2.541 	 1.11115e-12 	 6.90241e-10 
2.543 	 1.14150e-12 	 7.12600e-10 
2.545 	 1.17325e-12 	 7.36077e-10 
2.547 	 1.20642e-12 	 7.60710e-10 
2.549 	 1.24103e-12 	 7.86531e-10 
2.551 	 1.27708e-12 	 8.13571e-10 
2.553 	 1.31454e-12 	 8.41848e-10 
2.555 	 1.35338e-12 	 8.71373e-10 
2.557 	 1.39354e-12 	 9.02140e-10 
2.559 	 1.43493e-12 	 9.34133e-10 
2.561 	 1.47742e-12 	 9.67309e-10 
2.563 	 1.52083e-12 	 1.00160e-09 
2.565 	 1.56497e-12 	 1.03693e-09 
2.567 	 1.60955e-12 	 1.07316e-09 
2.569 	 1.65425e-12 	 1.11014e-09 
2.571 	 1.69868e-12 	 1.14766e-09 
2.573 	 1.74240e-12 	 1.18548e-09 
2.575 	 1.78487e-12 	 1.22331e-09 
2.577 	 1.82553e-12 	 1.26080e-09 
2.579 	 1.86371e-12 	 1.29757e-09 
2.581 	 1.89875e-12 	 1.33317e-09 
2.583 	 1.92992e-12 	 1.36715e-09 
2.585 	 1.95648e-12 	 1.39899e-09 
2.587 	 1.97774e-12 	 1.42816e-09 
2.589 	 1.99301e-12 	 1.45414e-09 
2.591 	 2.00170e-12 	 1.47640e-09 
2.593 	 2.00332e-12 	 1.49445e-09 
2.595 	 1.99751e-12 	 1.50786e-09 
2.597 	 1.98408e-12 	 1.51623e-09 
2.599 	 1.96300e-12 	 1.51928e-09 
2.601 	 1.93444e-12 	 1.51682e-09 
2.603 	 1.89873e-12 	 1.50875e-09 
2.605 	 1.85638e-12 	 1.49511e-09 
2.607 	 1.80802e-12 	 1.47602e-09 
2.609 	 1.75443e-12 	 1.45174e-09 
2.611 	 1.69643e-12 	 1.42262e-09 
2.613 	 1.63492e-12 	 1.38910e-09 
2.615 	 1.57078e-12 	 1.35169e-09 
2.618 	 1.50490e-12 	 1.31096e-09 
2.620 	 1.43809e-12 	 1.26750e-09 
2.622 	 1.37112e-12 	 1.22194e-09 
2.624 	 1.30466e-12 	 1.17490e-09 
2.626 	 1.23929e-12 	 1.12694e-09 
2.628 	 1.17550e-12 	 1.07863e-09 
2.630 	 1.11370e-12 	 1.03047e-09 
2.632 	 1.05420e-12 	 9.82904e-10 
2.634 	 9.97221e-13 	 9.36303e-10 
2.636 	 9.42921e-13 	 8.90986e-10 
2.638 	 8.91392e-13 	 8.47202e-10 
2.640 	 8.42673e-13 	 8.05141e-10 
2.642 	 7.96754e-13 	 7.64936e-10 
2.644 	 7.53592e-13 	 7.26674e-10 
2.646 	 7.13111e-13 	 6.90396e-10 
2.648 	 6.75213e-13 	 6.56108e-10 
2.650 	 6.39780e-13 	 6.23784e-10 
2.652 	 6.06680e-13 	 5.93372e-10 
2.654 	 5.75772e-13 	 5.64801e-10 
2.656 	 5.46905e-13 	 5.37984e-10 
2.658 	 5.19926e-13 	 5.12817e-10 
2.660 	 4.94677e-13 	 4.89191e-10 
2.662 	 4.71002e-13 	 4.66987e-10 
2.664 	 4.48747e-13 	 4.46084e-10 
2.666 	 4.27763e-13 	 4.26361e-10 
2.668 	 4.07912e-13 	 4.07699e-10 
2.670 	 3.89067e-13 	 3.89986e-10 
2.672 	 3.71113e-13 	 3.73118e-10 
2.674 	 3.53953e-13 	 3.57003e-10 
2.676 	 3.37510e-13 	 3.41563e-10 
2.678 	 3.21722e-13 	 3.26734e-10 
2.680 	 3.06544e-13 	 3.12468e-10 
2.682 	 2.91948e-13 	 2.98730e-10 
2.684 	 2.77915e-13 	 2.85497e-10 
2.686 	 2.64437e-13 	 2.72756e-10 
2.688 	 2.51511e-13 	 2.60501e-10 
2.690 	 2.39134e-13 	 2.48728e-10 
2.692 	 2.27308e-13 	 2.37437e-10 
2.694 	 2.16027e-13 	 2.26627e-10 
2.696 	 2.05289e-13 	 2.16297e-10 
2.698 	 1.95082e-13 	 2.06440e-10 
2.700 	 1.85397e-13 	 1.97050e-10 
