Energy [eV] EELS_b EELS_a 
2.500 	 1.28870e-08 	 6.82677e-07 
2.502 	 1.32420e-08 	 7.03372e-07 
2.504 	 1.36132e-08 	 7.25046e-07 
2.506 	 1.40016e-08 	 7.47755e-07 
2.508 	 1.44081e-08 	 7.71557e-07 
2.510 	 1.48337e-08 	 7.96514e-07 
2.512 	 1.52794e-08 	 8.22690e-07 
2.514 	 1.57461e-08 	 8.50152e-07 
2.516 	 1.62351e-08 	 8.78972e-07 
2.519 	 1.67474e-08 	 9.09222e-07 
2.521 	 1.72841e-08 	 9.40978e-07 
2.523 	 1.78465e-08 	 9.74319e-07 
2.525 	 1.84356e-08 	 1.00932e-06 
2.527 	 1.90527e-08 	 1.04607e-06 
2.529 	 1.96989e-08 	 1.08465e-06 
2.531 	 2.03752e-08 	 1.12513e-06 
2.533 	 2.10827e-08 	 1.16760e-06 
2.535 	 2.18223e-08 	 1.21212e-06 
2.537 	 2.25947e-08 	 1.25876e-06 
2.539 	 2.34006e-08 	 1.30759e-06 
2.541 	 2.42403e-08 	 1.35865e-06 
2.543 	 2.51136e-08 	 1.41197e-06 
2.545 	 2.60203e-08 	 1.46755e-06 
2.547 	 2.69594e-08 	 1.52538e-06 
2.549 	 2.79294e-08 	 1.58541e-06 
2.551 	 2.89280e-08 	 1.64754e-06 
2.553 	 2.99523e-08 	 1.71165e-06 
2.555 	 3.09981e-08 	 1.77754e-06 
2.557 	 3.20605e-08 	 1.84494e-06 
2.559 	 3.31329e-08 	 1.91353e-06 
2.561 	 3.42079e-08 	 1.98290e-06 
2.563 	 3.52762e-08 	 2.05254e-06 
2.565 	 3.63274e-08 	 2.12186e-06 
2.567 	 3.73494e-08 	 2.19016e-06 
2.569 	 3.83291e-08 	 2.25665e-06 
2.571 	 3.92517e-08 	 2.32047e-06 
2.573 	 4.01021e-08 	 2.38066e-06 
2.575 	 4.08642e-08 	 2.43621e-06 
2.577 	 4.15222e-08 	 2.48610e-06 
2.579 	 4.20609e-08 	 2.52931e-06 
2.581 	 4.24660e-08 	 2.56485e-06 
2.583 	 4.27256e-08 	 2.59186e-06 
2.585 	 4.28300e-08 	 2.60959e-06 
2.587 	 4.27730e-08 	 2.61748e-06 
2.589 	 4.25518e-08 	 2.61517e-06 
2.591 	 4.21675e-08 	 2.60256e-06 
2.593 	 4.16250e-08 	 2.57979e-06 
2.595 	 4.09329e-08 	 2.54723e-06 
2.597 	 4.01033e-08 	 2.50550e-06 
2.599 	 3.91506e-08 	 2.45539e-06 
2.601 	 3.80915e-08 	 2.39786e-06 
2.603 	 3.69438e-08 	 2.33397e-06 
2.605 	 3.57258e-08 	 2.26485e-06 
2.607 	 3.44555e-08 	 2.19164e-06 
2.609 	 3.31505e-08 	 2.11544e-06 
2.611 	 3.18267e-08 	 2.03731e-06 
2.613 	 3.04989e-08 	 1.95822e-06 
2.615 	 2.91799e-08 	 1.87903e-06 
2.618 	 2.78807e-08 	 1.80050e-06 
2.620 	 2.66105e-08 	 1.72326e-06 
2.622 	 2.53768e-08 	 1.64786e-06 
2.624 	 2.41854e-08 	 1.57472e-06 
2.626 	 2.30407e-08 	 1.50416e-06 
2.628 	 2.19457e-08 	 1.43643e-06 
2.630 	 2.09023e-08 	 1.37171e-06 
2.632 	 1.99117e-08 	 1.31009e-06 
2.634 	 1.89739e-08 	 1.25164e-06 
2.636 	 1.80886e-08 	 1.19635e-06 
2.638 	 1.72548e-08 	 1.14419e-06 
2.640 	 1.64711e-08 	 1.09511e-06 
2.642 	 1.57358e-08 	 1.04901e-06 
2.644 	 1.50469e-08 	 1.00578e-06 
2.646 	 1.44021e-08 	 9.65301e-07 
2.648 	 1.37990e-08 	 9.27429e-07 
2.650 	 1.32350e-08 	 8.92006e-07 
2.652 	 1.27072e-08 	 8.58865e-07 
2.654 	 1.22129e-08 	 8.27823e-07 
2.656 	 1.17491e-08 	 7.98691e-07 
2.658 	 1.13125e-08 	 7.71266e-07 
2.660 	 1.09001e-08 	 7.45345e-07 
2.662 	 1.05086e-08 	 7.20717e-07 
2.664 	 1.01351e-08 	 6.97178e-07 
2.666 	 9.77661e-09 	 6.74529e-07 
2.668 	 9.43044e-09 	 6.52591e-07 
2.670 	 9.09429e-09 	 6.31205e-07 
2.672 	 8.76625e-09 	 6.10240e-07 
2.674 	 8.44491e-09 	 5.89599e-07 
2.676 	 8.12934e-09 	 5.69220e-07 
2.678 	 7.81909e-09 	 5.49073e-07 
2.680 	 7.51414e-09 	 5.29160e-07 
2.682 	 7.21479e-09 	 5.09507e-07 
2.684 	 6.92160e-09 	 4.90160e-07 
2.686 	 6.63527e-09 	 4.71172e-07 
2.688 	 6.35655e-09 	 4.52604e-07 
2.690 	 6.08614e-09 	 4.34512e-07 
2.692 	 5.82467e-09 	 4.16949e-07 
2.694 	 5.57264e-09 	 3.99958e-07 
2.696 	 5.33040e-09 	 3.83571e-07 
2.698 	 5.09818e-09 	 3.67812e-07 
2.700 	 4.87606e-09 	 3.52693e-07 
