Energy [eV] EELS_b EELS_a 
2.500 	 1.42738e-06 	 2.54456e-05 
2.502 	 1.47296e-06 	 2.63105e-05 
2.504 	 1.52080e-06 	 2.72190e-05 
2.506 	 1.57106e-06 	 2.81739e-05 
2.508 	 1.62387e-06 	 2.91781e-05 
2.510 	 1.67940e-06 	 3.02344e-05 
2.512 	 1.73780e-06 	 3.13462e-05 
2.514 	 1.79927e-06 	 3.25168e-05 
2.516 	 1.86399e-06 	 3.37499e-05 
2.519 	 1.93214e-06 	 3.50491e-05 
2.521 	 2.00396e-06 	 3.64185e-05 
2.523 	 2.07964e-06 	 3.78621e-05 
2.525 	 2.15943e-06 	 3.93843e-05 
2.527 	 2.24356e-06 	 4.09895e-05 
2.529 	 2.33227e-06 	 4.26822e-05 
2.531 	 2.42582e-06 	 4.44672e-05 
2.533 	 2.52446e-06 	 4.63489e-05 
2.535 	 2.62845e-06 	 4.83321e-05 
2.537 	 2.73805e-06 	 5.04211e-05 
2.539 	 2.85349e-06 	 5.26201e-05 
2.541 	 2.97501e-06 	 5.49330e-05 
2.543 	 3.10281e-06 	 5.73628e-05 
2.545 	 3.23705e-06 	 5.99118e-05 
2.547 	 3.37786e-06 	 6.25814e-05 
2.549 	 3.52530e-06 	 6.53713e-05 
2.551 	 3.67933e-06 	 6.82797e-05 
2.553 	 3.83983e-06 	 7.13024e-05 
2.555 	 4.00653e-06 	 7.44327e-05 
2.557 	 4.17902e-06 	 7.76605e-05 
2.559 	 4.35670e-06 	 8.09723e-05 
2.561 	 4.53874e-06 	 8.43502e-05 
2.563 	 4.72408e-06 	 8.77717e-05 
2.565 	 4.91137e-06 	 9.12091e-05 
2.567 	 5.09897e-06 	 9.46292e-05 
2.569 	 5.28490e-06 	 9.79937e-05 
2.571 	 5.46690e-06 	 1.01259e-04 
2.573 	 5.64238e-06 	 1.04376e-04 
2.575 	 5.80849e-06 	 1.07293e-04 
2.577 	 5.96220e-06 	 1.09955e-04 
2.579 	 6.10034e-06 	 1.12309e-04 
2.581 	 6.21978e-06 	 1.14300e-04 
2.583 	 6.31753e-06 	 1.15881e-04 
2.585 	 6.39090e-06 	 1.17010e-04 
2.587 	 6.43766e-06 	 1.17656e-04 
2.589 	 6.45621e-06 	 1.17796e-04 
2.591 	 6.44563e-06 	 1.17425e-04 
2.593 	 6.40581e-06 	 1.16547e-04 
2.595 	 6.33745e-06 	 1.15183e-04 
2.597 	 6.24202e-06 	 1.13362e-04 
2.599 	 6.12169e-06 	 1.11128e-04 
2.601 	 5.97917e-06 	 1.08530e-04 
2.603 	 5.81760e-06 	 1.05624e-04 
2.605 	 5.64032e-06 	 1.02466e-04 
2.607 	 5.45080e-06 	 9.91158e-05 
2.609 	 5.25239e-06 	 9.56288e-05 
2.611 	 5.04829e-06 	 9.20576e-05 
2.613 	 4.84141e-06 	 8.84496e-05 
2.615 	 4.63433e-06 	 8.48467e-05 
2.618 	 4.42928e-06 	 8.12848e-05 
2.620 	 4.22810e-06 	 7.77938e-05 
2.622 	 4.03231e-06 	 7.43980e-05 
2.624 	 3.84307e-06 	 7.11162e-05 
2.626 	 3.66126e-06 	 6.79629e-05 
2.628 	 3.48750e-06 	 6.49480e-05 
2.630 	 3.32219e-06 	 6.20782e-05 
2.632 	 3.16554e-06 	 5.93573e-05 
2.634 	 3.01761e-06 	 5.67863e-05 
2.636 	 2.87835e-06 	 5.43646e-05 
2.638 	 2.74759e-06 	 5.20897e-05 
2.640 	 2.62510e-06 	 4.99579e-05 
2.642 	 2.51058e-06 	 4.79643e-05 
2.644 	 2.40368e-06 	 4.61033e-05 
2.646 	 2.30402e-06 	 4.43684e-05 
2.648 	 2.21118e-06 	 4.27525e-05 
2.650 	 2.12472e-06 	 4.12478e-05 
2.652 	 2.04417e-06 	 3.98460e-05 
2.654 	 1.96902e-06 	 3.85380e-05 
2.656 	 1.89878e-06 	 3.73145e-05 
2.658 	 1.83290e-06 	 3.61655e-05 
2.660 	 1.77084e-06 	 3.50806e-05 
2.662 	 1.71207e-06 	 3.40493e-05 
2.664 	 1.65604e-06 	 3.30614e-05 
2.666 	 1.60226e-06 	 3.21068e-05 
2.668 	 1.55025e-06 	 3.11764e-05 
2.670 	 1.49960e-06 	 3.02623e-05 
2.672 	 1.44999e-06 	 2.93580e-05 
2.674 	 1.40116e-06 	 2.84587e-05 
2.676 	 1.35293e-06 	 2.75615e-05 
2.678 	 1.30524e-06 	 2.66653e-05 
2.680 	 1.25808e-06 	 2.57707e-05 
2.682 	 1.21150e-06 	 2.48795e-05 
2.684 	 1.16562e-06 	 2.39947e-05 
2.686 	 1.12056e-06 	 2.31197e-05 
2.688 	 1.07648e-06 	 2.22583e-05 
2.690 	 1.03351e-06 	 2.14139e-05 
2.692 	 9.91779e-07 	 2.05899e-05 
2.694 	 9.51398e-07 	 1.97890e-05 
2.696 	 9.12449e-07 	 1.90136e-05 
2.698 	 8.74989e-07 	 1.82654e-05 
2.700 	 8.39054e-07 	 1.75454e-05 
