Energy [eV] EELS_b EELS_a 
2.500 	 1.23431e-13 	 1.26960e-10 
2.502 	 1.24268e-13 	 1.28436e-10 
2.504 	 1.25174e-13 	 1.29994e-10 
2.506 	 1.26171e-13 	 1.31652e-10 
2.508 	 1.27235e-13 	 1.33398e-10 
2.510 	 1.28386e-13 	 1.35245e-10 
2.512 	 1.29626e-13 	 1.37194e-10 
2.514 	 1.30964e-13 	 1.39270e-10 
2.516 	 1.32388e-13 	 1.41448e-10 
2.519 	 1.33905e-13 	 1.43742e-10 
2.521 	 1.35540e-13 	 1.46178e-10 
2.523 	 1.37279e-13 	 1.48747e-10 
2.525 	 1.39128e-13 	 1.51455e-10 
2.527 	 1.41095e-13 	 1.54312e-10 
2.529 	 1.43186e-13 	 1.57328e-10 
2.531 	 1.45407e-13 	 1.60512e-10 
2.533 	 1.47764e-13 	 1.63873e-10 
2.535 	 1.50266e-13 	 1.67420e-10 
2.537 	 1.52917e-13 	 1.71165e-10 
2.539 	 1.55722e-13 	 1.75116e-10 
2.541 	 1.58691e-13 	 1.79284e-10 
2.543 	 1.61831e-13 	 1.83684e-10 
2.545 	 1.65153e-13 	 1.88329e-10 
2.547 	 1.68665e-13 	 1.93237e-10 
2.549 	 1.72364e-13 	 1.98406e-10 
2.551 	 1.76274e-13 	 2.03870e-10 
2.553 	 1.80392e-13 	 2.09630e-10 
2.555 	 1.84729e-13 	 2.15707e-10 
2.557 	 1.89289e-13 	 2.22111e-10 
2.559 	 1.94082e-13 	 2.28862e-10 
2.561 	 1.99112e-13 	 2.35973e-10 
2.563 	 2.04380e-13 	 2.43456e-10 
2.565 	 2.09890e-13 	 2.51326e-10 
2.567 	 2.15638e-13 	 2.59588e-10 
2.569 	 2.21622e-13 	 2.68256e-10 
2.571 	 2.27835e-13 	 2.77334e-10 
2.573 	 2.34265e-13 	 2.86824e-10 
2.575 	 2.40888e-13 	 2.96715e-10 
2.577 	 2.47683e-13 	 3.07001e-10 
2.579 	 2.54617e-13 	 3.17659e-10 
2.581 	 2.61653e-13 	 3.28665e-10 
2.583 	 2.68741e-13 	 3.39980e-10 
2.585 	 2.75817e-13 	 3.51545e-10 
2.587 	 2.82811e-13 	 3.63296e-10 
2.589 	 2.89649e-13 	 3.75151e-10 
2.591 	 2.96232e-13 	 3.87002e-10 
2.593 	 3.02461e-13 	 3.98731e-10 
2.595 	 3.08231e-13 	 4.10201e-10 
2.597 	 3.13419e-13 	 4.21249e-10 
2.599 	 3.17919e-13 	 4.31715e-10 
2.601 	 3.21601e-13 	 4.41393e-10 
2.603 	 3.24360e-13 	 4.50097e-10 
2.605 	 3.26098e-13 	 4.57632e-10 
2.607 	 3.26713e-13 	 4.63789e-10 
2.609 	 3.26143e-13 	 4.68389e-10 
2.611 	 3.24341e-13 	 4.71274e-10 
2.613 	 3.21282e-13 	 4.72301e-10 
2.615 	 3.16972e-13 	 4.71377e-10 
2.618 	 3.11452e-13 	 4.68460e-10 
2.620 	 3.04787e-13 	 4.63546e-10 
2.622 	 2.97063e-13 	 4.56685e-10 
2.624 	 2.88401e-13 	 4.47993e-10 
2.626 	 2.78938e-13 	 4.37623e-10 
2.628 	 2.68823e-13 	 4.25769e-10 
2.630 	 2.58208e-13 	 4.12649e-10 
2.632 	 2.47253e-13 	 3.98516e-10 
2.634 	 2.36108e-13 	 3.83615e-10 
2.636 	 2.24916e-13 	 3.68196e-10 
2.638 	 2.13799e-13 	 3.52485e-10 
2.640 	 2.02871e-13 	 3.36699e-10 
2.642 	 1.92221e-13 	 3.21025e-10 
2.644 	 1.81929e-13 	 3.05627e-10 
2.646 	 1.72051e-13 	 2.90635e-10 
2.648 	 1.62619e-13 	 2.76143e-10 
2.650 	 1.53671e-13 	 2.62239e-10 
2.652 	 1.45215e-13 	 2.48972e-10 
2.654 	 1.37253e-13 	 2.36374e-10 
2.656 	 1.29774e-13 	 2.24451e-10 
2.658 	 1.22774e-13 	 2.13217e-10 
2.660 	 1.16223e-13 	 2.02644e-10 
2.662 	 1.10103e-13 	 1.92711e-10 
2.664 	 1.04387e-13 	 1.83392e-10 
2.666 	 9.90421e-14 	 1.74646e-10 
2.668 	 9.40334e-14 	 1.66422e-10 
2.670 	 8.93395e-14 	 1.58689e-10 
2.672 	 8.49231e-14 	 1.51395e-10 
2.674 	 8.07529e-14 	 1.44491e-10 
2.676 	 7.68056e-14 	 1.37942e-10 
2.678 	 7.30628e-14 	 1.31716e-10 
2.680 	 6.94997e-14 	 1.25774e-10 
2.682 	 6.61015e-14 	 1.20092e-10 
2.684 	 6.28519e-14 	 1.14645e-10 
2.686 	 5.97469e-14 	 1.09423e-10 
2.688 	 5.67742e-14 	 1.04409e-10 
2.690 	 5.39312e-14 	 9.95962e-11 
2.692 	 5.12188e-14 	 9.49872e-11 
2.694 	 4.86208e-14 	 9.05588e-11 
2.696 	 4.61473e-14 	 8.63271e-11 
2.698 	 4.37925e-14 	 8.22839e-11 
2.700 	 4.15532e-14 	 7.84248e-11 
