Energy [eV] EELS_b EELS_a 
2.500 	 1.51855e-12 	 5.89557e-12 
2.502 	 1.54926e-12 	 6.02073e-12 
2.504 	 1.58141e-12 	 6.15169e-12 
2.506 	 1.61505e-12 	 6.28874e-12 
2.508 	 1.65027e-12 	 6.43221e-12 
2.510 	 1.68715e-12 	 6.58241e-12 
2.512 	 1.72577e-12 	 6.73970e-12 
2.514 	 1.76621e-12 	 6.90442e-12 
2.516 	 1.80856e-12 	 7.07694e-12 
2.519 	 1.85291e-12 	 7.25765e-12 
2.521 	 1.89936e-12 	 7.44693e-12 
2.523 	 1.94799e-12 	 7.64518e-12 
2.525 	 1.99891e-12 	 7.85280e-12 
2.527 	 2.05220e-12 	 8.07019e-12 
2.529 	 2.10796e-12 	 8.29774e-12 
2.531 	 2.16627e-12 	 8.53583e-12 
2.533 	 2.22721e-12 	 8.78481e-12 
2.535 	 2.29085e-12 	 9.04502e-12 
2.537 	 2.35726e-12 	 9.31674e-12 
2.539 	 2.42648e-12 	 9.60018e-12 
2.541 	 2.49852e-12 	 9.89549e-12 
2.543 	 2.57338e-12 	 1.02027e-11 
2.545 	 2.65103e-12 	 1.05217e-11 
2.547 	 2.73138e-12 	 1.08523e-11 
2.549 	 2.81430e-12 	 1.11940e-11 
2.551 	 2.89960e-12 	 1.15461e-11 
2.553 	 2.98703e-12 	 1.19078e-11 
2.555 	 3.07624e-12 	 1.22776e-11 
2.557 	 3.16681e-12 	 1.26540e-11 
2.559 	 3.25818e-12 	 1.30349e-11 
2.561 	 3.34972e-12 	 1.34177e-11 
2.563 	 3.44064e-12 	 1.37995e-11 
2.565 	 3.53004e-12 	 1.41768e-11 
2.567 	 3.61690e-12 	 1.45453e-11 
2.569 	 3.70004e-12 	 1.49005e-11 
2.571 	 3.77820e-12 	 1.52372e-11 
2.573 	 3.85002e-12 	 1.55501e-11 
2.575 	 3.91406e-12 	 1.58331e-11 
2.577 	 3.96886e-12 	 1.60804e-11 
2.579 	 4.01301e-12 	 1.62860e-11 
2.581 	 4.04516e-12 	 1.64442e-11 
2.583 	 4.06410e-12 	 1.65499e-11 
2.585 	 4.06883e-12 	 1.65986e-11 
2.587 	 4.05864e-12 	 1.65869e-11 
2.589 	 4.03309e-12 	 1.65128e-11 
2.591 	 3.99211e-12 	 1.63753e-11 
2.593 	 3.93599e-12 	 1.61752e-11 
2.595 	 3.86537e-12 	 1.59145e-11 
2.597 	 3.78123e-12 	 1.55969e-11 
2.599 	 3.68484e-12 	 1.52271e-11 
2.601 	 3.57771e-12 	 1.48110e-11 
2.603 	 3.46151e-12 	 1.43552e-11 
2.605 	 3.33802e-12 	 1.38667e-11 
2.607 	 3.20902e-12 	 1.33529e-11 
2.609 	 3.07628e-12 	 1.28211e-11 
2.611 	 2.94148e-12 	 1.22781e-11 
2.613 	 2.80616e-12 	 1.17305e-11 
2.615 	 2.67168e-12 	 1.11842e-11 
2.618 	 2.53924e-12 	 1.06442e-11 
2.620 	 2.40985e-12 	 1.01149e-11 
2.622 	 2.28433e-12 	 9.59992e-12 
2.624 	 2.16332e-12 	 9.10217e-12 
2.626 	 2.04729e-12 	 8.62381e-12 
2.628 	 1.93658e-12 	 8.16641e-12 
2.630 	 1.83139e-12 	 7.73100e-12 
2.632 	 1.73182e-12 	 7.31814e-12 
2.634 	 1.63788e-12 	 6.92800e-12 
2.636 	 1.54949e-12 	 6.56042e-12 
2.638 	 1.46654e-12 	 6.21499e-12 
2.640 	 1.38884e-12 	 5.89108e-12 
2.642 	 1.31620e-12 	 5.58792e-12 
2.644 	 1.24838e-12 	 5.30460e-12 
2.646 	 1.18511e-12 	 5.04011e-12 
2.648 	 1.12614e-12 	 4.79338e-12 
2.650 	 1.07118e-12 	 4.56329e-12 
2.652 	 1.01995e-12 	 4.34866e-12 
2.654 	 9.72149e-13 	 4.14830e-12 
2.656 	 9.27482e-13 	 3.96099e-12 
2.658 	 8.85652e-13 	 3.78550e-12 
2.660 	 8.46365e-13 	 3.62062e-12 
2.662 	 8.09334e-13 	 3.46514e-12 
2.664 	 7.74283e-13 	 3.31792e-12 
2.666 	 7.40954e-13 	 3.17787e-12 
2.668 	 7.09113e-13 	 3.04401e-12 
2.670 	 6.78554e-13 	 2.91546e-12 
2.672 	 6.49108e-13 	 2.79150e-12 
2.674 	 6.20641e-13 	 2.67157e-12 
2.676 	 5.93056e-13 	 2.55526e-12 
2.678 	 5.66295e-13 	 2.44230e-12 
2.680 	 5.40329e-13 	 2.33258e-12 
2.682 	 5.15155e-13 	 2.22608e-12 
2.684 	 4.90786e-13 	 2.12287e-12 
2.686 	 4.67249e-13 	 2.02307e-12 
2.688 	 4.44572e-13 	 1.92679e-12 
2.690 	 4.22782e-13 	 1.83418e-12 
2.692 	 4.01902e-13 	 1.74533e-12 
2.694 	 3.81944e-13 	 1.66032e-12 
2.696 	 3.62913e-13 	 1.57916e-12 
2.698 	 3.44805e-13 	 1.50186e-12 
2.700 	 3.27608e-13 	 1.42837e-12 
