Energy [eV] EELS_b EELS_a 
2.500 	 2.18958e-06 	 3.54536e-05 
2.502 	 2.25963e-06 	 3.66687e-05 
2.504 	 2.33317e-06 	 3.79454e-05 
2.506 	 2.41041e-06 	 3.92878e-05 
2.508 	 2.49157e-06 	 4.06998e-05 
2.510 	 2.57690e-06 	 4.21858e-05 
2.512 	 2.66665e-06 	 4.37503e-05 
2.514 	 2.76109e-06 	 4.53983e-05 
2.516 	 2.86053e-06 	 4.71349e-05 
2.519 	 2.96525e-06 	 4.89654e-05 
2.521 	 3.07558e-06 	 5.08957e-05 
2.523 	 3.19187e-06 	 5.29317e-05 
2.525 	 3.31445e-06 	 5.50797e-05 
2.527 	 3.44371e-06 	 5.73460e-05 
2.529 	 3.58002e-06 	 5.97373e-05 
2.531 	 3.72377e-06 	 6.22604e-05 
2.533 	 3.87536e-06 	 6.49222e-05 
2.535 	 4.03519e-06 	 6.77295e-05 
2.537 	 4.20366e-06 	 7.06889e-05 
2.539 	 4.38116e-06 	 7.38067e-05 
2.541 	 4.56805e-06 	 7.70887e-05 
2.543 	 4.76465e-06 	 8.05399e-05 
2.545 	 4.97126e-06 	 8.41642e-05 
2.547 	 5.18807e-06 	 8.79640e-05 
2.549 	 5.41520e-06 	 9.19396e-05 
2.551 	 5.65264e-06 	 9.60892e-05 
2.553 	 5.90025e-06 	 1.00408e-04 
2.555 	 6.15766e-06 	 1.04886e-04 
2.557 	 6.42431e-06 	 1.09512e-04 
2.559 	 6.69932e-06 	 1.14265e-04 
2.561 	 6.98153e-06 	 1.19123e-04 
2.563 	 7.26937e-06 	 1.24052e-04 
2.565 	 7.56087e-06 	 1.29015e-04 
2.567 	 7.85360e-06 	 1.33966e-04 
2.569 	 8.14464e-06 	 1.38848e-04 
2.571 	 8.43060e-06 	 1.43599e-04 
2.573 	 8.70759e-06 	 1.48151e-04 
2.575 	 8.97131e-06 	 1.52428e-04 
2.577 	 9.21714e-06 	 1.56351e-04 
2.579 	 9.44023e-06 	 1.59839e-04 
2.581 	 9.63571e-06 	 1.62816e-04 
2.583 	 9.79888e-06 	 1.65210e-04 
2.585 	 9.92546e-06 	 1.66958e-04 
2.587 	 1.00118e-05 	 1.68013e-04 
2.589 	 1.00551e-05 	 1.68341e-04 
2.591 	 1.00537e-05 	 1.67930e-04 
2.593 	 1.00070e-05 	 1.66786e-04 
2.595 	 9.91578e-06 	 1.64934e-04 
2.597 	 9.78186e-06 	 1.62418e-04 
2.599 	 9.60830e-06 	 1.59297e-04 
2.601 	 9.39902e-06 	 1.55642e-04 
2.603 	 9.15866e-06 	 1.51532e-04 
2.605 	 8.89228e-06 	 1.47052e-04 
2.607 	 8.60517e-06 	 1.42284e-04 
2.609 	 8.30255e-06 	 1.37311e-04 
2.611 	 7.98945e-06 	 1.32210e-04 
2.613 	 7.67050e-06 	 1.27048e-04 
2.615 	 7.34986e-06 	 1.21889e-04 
2.618 	 7.03115e-06 	 1.16784e-04 
2.620 	 6.71743e-06 	 1.11778e-04 
2.622 	 6.41120e-06 	 1.06906e-04 
2.624 	 6.11446e-06 	 1.02196e-04 
2.626 	 5.82874e-06 	 9.76699e-05 
2.628 	 5.55512e-06 	 9.33424e-05 
2.630 	 5.29436e-06 	 8.92233e-05 
2.632 	 5.04689e-06 	 8.53184e-05 
2.634 	 4.81290e-06 	 8.16296e-05 
2.636 	 4.59236e-06 	 7.81559e-05 
2.638 	 4.38508e-06 	 7.48941e-05 
2.640 	 4.19075e-06 	 7.18387e-05 
2.642 	 4.00893e-06 	 6.89829e-05 
2.644 	 3.83911e-06 	 6.63186e-05 
2.646 	 3.68072e-06 	 6.38363e-05 
2.648 	 3.53312e-06 	 6.15257e-05 
2.650 	 3.39561e-06 	 5.93757e-05 
2.652 	 3.26747e-06 	 5.73741e-05 
2.654 	 3.14792e-06 	 5.55078e-05 
2.656 	 3.03616e-06 	 5.37631e-05 
2.658 	 2.93134e-06 	 5.21255e-05 
2.660 	 2.83261e-06 	 5.05798e-05 
2.662 	 2.73910e-06 	 4.91108e-05 
2.664 	 2.64997e-06 	 4.77034e-05 
2.666 	 2.56440e-06 	 4.63431e-05 
2.668 	 2.48166e-06 	 4.50164e-05 
2.670 	 2.40108e-06 	 4.37118e-05 
2.672 	 2.32213e-06 	 4.24197e-05 
2.674 	 2.24440e-06 	 4.11333e-05 
2.676 	 2.16762e-06 	 3.98482e-05 
2.678 	 2.09166e-06 	 3.85629e-05 
2.680 	 2.01652e-06 	 3.72783e-05 
2.682 	 1.94228e-06 	 3.59972e-05 
2.684 	 1.86913e-06 	 3.47238e-05 
2.686 	 1.79726e-06 	 3.34634e-05 
2.688 	 1.72692e-06 	 3.22215e-05 
2.690 	 1.65833e-06 	 3.10033e-05 
2.692 	 1.59170e-06 	 2.98137e-05 
2.694 	 1.52721e-06 	 2.86570e-05 
2.696 	 1.46498e-06 	 2.75365e-05 
2.698 	 1.40511e-06 	 2.64548e-05 
2.700 	 1.34766e-06 	 2.54136e-05 
