Energy [eV] EELS_b EELS_a 
1.500 	 2.00429e-06 	 1.40919e-05 
1.510 	 2.06041e-06 	 1.46836e-05 
1.520 	 2.12229e-06 	 1.53229e-05 
1.530 	 2.19043e-06 	 1.60143e-05 
1.541 	 2.26540e-06 	 1.67632e-05 
1.551 	 2.34786e-06 	 1.75758e-05 
1.561 	 2.43855e-06 	 1.84589e-05 
1.571 	 2.53832e-06 	 1.94205e-05 
1.581 	 2.64817e-06 	 2.04697e-05 
1.591 	 2.76923e-06 	 2.16169e-05 
1.601 	 2.90283e-06 	 2.28744e-05 
1.611 	 3.05051e-06 	 2.42563e-05 
1.621 	 3.21408e-06 	 2.57791e-05 
1.632 	 3.39564e-06 	 2.74622e-05 
1.642 	 3.59769e-06 	 2.93285e-05 
1.652 	 3.82319e-06 	 3.14049e-05 
1.662 	 4.07566e-06 	 3.37238e-05 
1.672 	 4.35932e-06 	 3.63237e-05 
1.682 	 4.67929e-06 	 3.92517e-05 
1.692 	 5.04178e-06 	 4.25644e-05 
1.702 	 5.45439e-06 	 4.63317e-05 
1.712 	 5.92654e-06 	 5.06398e-05 
1.722 	 6.46991e-06 	 5.55960e-05 
1.733 	 7.09925e-06 	 6.13354e-05 
1.743 	 7.83325e-06 	 6.80300e-05 
1.753 	 8.69597e-06 	 7.59007e-05 
1.763 	 9.71865e-06 	 8.52350e-05 
1.773 	 1.09425e-05 	 9.64122e-05 
1.783 	 1.24226e-05 	 1.09940e-04 
1.793 	 1.42337e-05 	 1.26507e-04 
1.803 	 1.64789e-05 	 1.47066e-04 
1.813 	 1.93025e-05 	 1.72949e-04 
1.823 	 2.29106e-05 	 2.06064e-04 
1.834 	 2.76018e-05 	 2.49176e-04 
1.844 	 3.38145e-05 	 3.06352e-04 
1.854 	 4.21961e-05 	 3.83609e-04 
1.864 	 5.36867e-05 	 4.89705e-04 
1.874 	 6.95629e-05 	 6.36578e-04 
1.884 	 9.12064e-05 	 8.37267e-04 
1.894 	 1.18896e-04 	 1.09479e-03 
1.904 	 1.48524e-04 	 1.37169e-03 
1.914 	 1.68127e-04 	 1.55723e-03 
1.924 	 1.64681e-04 	 1.52964e-03 
1.935 	 1.40401e-04 	 1.30774e-03 
1.945 	 1.09724e-04 	 1.02479e-03 
1.955 	 8.29078e-05 	 7.76416e-04 
1.965 	 6.25744e-05 	 5.87554e-04 
1.975 	 4.78774e-05 	 4.50741e-04 
1.985 	 3.73235e-05 	 3.52307e-04 
1.995 	 2.96626e-05 	 2.80734e-04 
2.005 	 2.40048e-05 	 2.27795e-04 
2.015 	 1.97464e-05 	 1.87897e-04 
2.026 	 1.64813e-05 	 1.57269e-04 
2.036 	 1.39340e-05 	 1.33351e-04 
2.046 	 1.19149e-05 	 1.14380e-04 
2.056 	 1.02916e-05 	 9.91225e-05 
2.066 	 8.96955e-06 	 8.66977e-05 
2.076 	 7.88030e-06 	 7.64684e-05 
2.086 	 6.97348e-06 	 6.79657e-05 
2.096 	 6.21139e-06 	 6.08396e-05 
2.106 	 5.56548e-06 	 5.48258e-05 
2.116 	 5.01382e-06 	 4.97231e-05 
2.127 	 4.53938e-06 	 4.53771e-05 
2.137 	 4.12879e-06 	 4.16692e-05 
2.147 	 3.77144e-06 	 3.85090e-05 
2.157 	 3.45884e-06 	 3.58292e-05 
2.167 	 3.18415e-06 	 3.35821e-05 
2.177 	 2.94180e-06 	 3.17385e-05 
2.187 	 2.72729e-06 	 3.02883e-05 
2.197 	 2.53693e-06 	 2.92432e-05 
2.207 	 2.36774e-06 	 2.86419e-05 
2.217 	 2.21732e-06 	 2.85604e-05 
2.228 	 2.08384e-06 	 2.91268e-05 
2.238 	 1.96600e-06 	 3.05409e-05 
2.248 	 1.86298e-06 	 3.30883e-05 
2.258 	 1.77435e-06 	 3.70995e-05 
2.268 	 1.69939e-06 	 4.27080e-05 
2.278 	 1.63524e-06 	 4.91396e-05 
2.288 	 1.57431e-06 	 5.37820e-05 
2.298 	 1.50707e-06 	 5.32846e-05 
2.308 	 1.43213e-06 	 4.74658e-05 
2.318 	 1.35725e-06 	 3.95668e-05 
2.329 	 1.28916e-06 	 3.23392e-05 
2.339 	 1.22987e-06 	 2.66605e-05 
2.349 	 1.17881e-06 	 2.24182e-05 
2.359 	 1.13484e-06 	 1.92665e-05 
2.369 	 1.09694e-06 	 1.68959e-05 
2.379 	 1.06431e-06 	 1.50814e-05 
2.389 	 1.03641e-06 	 1.36709e-05 
2.399 	 1.01283e-06 	 1.25646e-05 
2.409 	 9.93291e-07 	 1.16986e-05 
2.420 	 9.77592e-07 	 1.10336e-05 
2.430 	 9.65665e-07 	 1.05403e-05 
2.440 	 9.57694e-07 	 1.01752e-05 
2.450 	 9.54317e-07 	 9.84584e-06 
2.460 	 9.56479e-07 	 9.42938e-06 
2.470 	 9.64630e-07 	 8.89047e-06 
2.480 	 9.78533e-07 	 8.31601e-06 
2.490 	 9.98096e-07 	 7.79535e-06 
2.500 	 1.02379e-06 	 7.36001e-06 
