Energy [eV] EELS_b EELS_a 
2.500 	 1.42738e-06 	 6.82468e-06 
2.502 	 1.47296e-06 	 7.05022e-06 
2.504 	 1.52080e-06 	 7.28709e-06 
2.506 	 1.57106e-06 	 7.53598e-06 
2.508 	 1.62387e-06 	 7.79763e-06 
2.510 	 1.67940e-06 	 8.07284e-06 
2.512 	 1.73780e-06 	 8.36243e-06 
2.514 	 1.79927e-06 	 8.66730e-06 
2.516 	 1.86399e-06 	 8.98838e-06 
2.519 	 1.93214e-06 	 9.32665e-06 
2.521 	 2.00396e-06 	 9.68317e-06 
2.523 	 2.07964e-06 	 1.00590e-05 
2.525 	 2.15943e-06 	 1.04553e-05 
2.527 	 2.24356e-06 	 1.08733e-05 
2.529 	 2.33227e-06 	 1.13141e-05 
2.531 	 2.42582e-06 	 1.17791e-05 
2.533 	 2.52446e-06 	 1.22694e-05 
2.535 	 2.62845e-06 	 1.27863e-05 
2.537 	 2.73805e-06 	 1.33311e-05 
2.539 	 2.85349e-06 	 1.39049e-05 
2.541 	 2.97501e-06 	 1.45089e-05 
2.543 	 3.10281e-06 	 1.51440e-05 
2.545 	 3.23705e-06 	 1.58109e-05 
2.547 	 3.37786e-06 	 1.65102e-05 
2.549 	 3.52530e-06 	 1.72421e-05 
2.551 	 3.67933e-06 	 1.80062e-05 
2.553 	 3.83983e-06 	 1.88020e-05 
2.555 	 4.00653e-06 	 1.96278e-05 
2.557 	 4.17902e-06 	 2.04814e-05 
2.559 	 4.35670e-06 	 2.13597e-05 
2.561 	 4.53874e-06 	 2.22585e-05 
2.563 	 4.72408e-06 	 2.31722e-05 
2.565 	 4.91137e-06 	 2.40939e-05 
2.567 	 5.09897e-06 	 2.50154e-05 
2.569 	 5.28490e-06 	 2.59268e-05 
2.571 	 5.46690e-06 	 2.68168e-05 
2.573 	 5.64238e-06 	 2.76726e-05 
2.575 	 5.80849e-06 	 2.84803e-05 
2.577 	 5.96220e-06 	 2.92251e-05 
2.579 	 6.10034e-06 	 2.98919e-05 
2.581 	 6.21978e-06 	 3.04658e-05 
2.583 	 6.31753e-06 	 3.09326e-05 
2.585 	 6.39090e-06 	 3.12798e-05 
2.587 	 6.43766e-06 	 3.14975e-05 
2.589 	 6.45621e-06 	 3.15784e-05 
2.591 	 6.44563e-06 	 3.15189e-05 
2.593 	 6.40581e-06 	 3.13190e-05 
2.595 	 6.33745e-06 	 3.09828e-05 
2.597 	 6.24202e-06 	 3.05177e-05 
2.599 	 6.12169e-06 	 2.99345e-05 
2.601 	 5.97917e-06 	 2.92463e-05 
2.603 	 5.81760e-06 	 2.84682e-05 
2.605 	 5.64032e-06 	 2.76162e-05 
2.607 	 5.45080e-06 	 2.67066e-05 
2.609 	 5.25239e-06 	 2.57554e-05 
2.611 	 5.04829e-06 	 2.47776e-05 
2.613 	 4.84141e-06 	 2.37868e-05 
2.615 	 4.63433e-06 	 2.27953e-05 
2.618 	 4.42928e-06 	 2.18135e-05 
2.620 	 4.22810e-06 	 2.08501e-05 
2.622 	 4.03231e-06 	 1.99121e-05 
2.624 	 3.84307e-06 	 1.90052e-05 
2.626 	 3.66126e-06 	 1.81335e-05 
2.628 	 3.48750e-06 	 1.73000e-05 
2.630 	 3.32219e-06 	 1.65067e-05 
2.632 	 3.16554e-06 	 1.57545e-05 
2.634 	 3.01761e-06 	 1.50438e-05 
2.636 	 2.87835e-06 	 1.43745e-05 
2.638 	 2.74759e-06 	 1.37458e-05 
2.640 	 2.62510e-06 	 1.31567e-05 
2.642 	 2.51058e-06 	 1.26058e-05 
2.644 	 2.40368e-06 	 1.20915e-05 
2.646 	 2.30402e-06 	 1.16120e-05 
2.648 	 2.21118e-06 	 1.11653e-05 
2.650 	 2.12472e-06 	 1.07493e-05 
2.652 	 2.04417e-06 	 1.03617e-05 
2.654 	 1.96902e-06 	 1.00002e-05 
2.656 	 1.89878e-06 	 9.66207e-06 
2.658 	 1.83290e-06 	 9.34481e-06 
2.660 	 1.77084e-06 	 9.04568e-06 
2.662 	 1.71207e-06 	 8.76195e-06 
2.664 	 1.65604e-06 	 8.49094e-06 
2.666 	 1.60226e-06 	 8.23006e-06 
2.668 	 1.55025e-06 	 7.97695e-06 
2.670 	 1.49960e-06 	 7.72953e-06 
2.672 	 1.44999e-06 	 7.48612e-06 
2.674 	 1.40116e-06 	 7.24544e-06 
2.676 	 1.35293e-06 	 7.00668e-06 
2.678 	 1.30524e-06 	 6.76950e-06 
2.680 	 1.25808e-06 	 6.53393e-06 
2.682 	 1.21150e-06 	 6.30037e-06 
2.684 	 1.16562e-06 	 6.06943e-06 
2.686 	 1.12056e-06 	 5.84191e-06 
2.688 	 1.07648e-06 	 5.61862e-06 
2.690 	 1.03351e-06 	 5.40039e-06 
2.692 	 9.91779e-07 	 5.18796e-06 
2.694 	 9.51398e-07 	 4.98196e-06 
2.696 	 9.12449e-07 	 4.78288e-06 
2.698 	 8.74989e-07 	 4.59109e-06 
2.700 	 8.39054e-07 	 4.40682e-06 
