Energy [eV] EELS_b EELS_a 
2.500 	 1.69287e-11 	 5.26619e-09 
2.502 	 1.73207e-11 	 5.41001e-09 
2.504 	 1.77310e-11 	 5.56058e-09 
2.506 	 1.81604e-11 	 5.71827e-09 
2.508 	 1.86101e-11 	 5.88348e-09 
2.510 	 1.90812e-11 	 6.05663e-09 
2.512 	 1.95747e-11 	 6.23816e-09 
2.514 	 2.00919e-11 	 6.42852e-09 
2.516 	 2.06339e-11 	 6.62820e-09 
2.519 	 2.12021e-11 	 6.83770e-09 
2.521 	 2.17977e-11 	 7.05753e-09 
2.523 	 2.24221e-11 	 7.28822e-09 
2.525 	 2.30765e-11 	 7.53031e-09 
2.527 	 2.37624e-11 	 7.78435e-09 
2.529 	 2.44811e-11 	 8.05088e-09 
2.531 	 2.52338e-11 	 8.33044e-09 
2.533 	 2.60218e-11 	 8.62355e-09 
2.535 	 2.68461e-11 	 8.93069e-09 
2.537 	 2.77077e-11 	 9.25231e-09 
2.539 	 2.86074e-11 	 9.58877e-09 
2.541 	 2.95455e-11 	 9.94037e-09 
2.543 	 3.05222e-11 	 1.03073e-08 
2.545 	 3.15370e-11 	 1.06895e-08 
2.547 	 3.25892e-11 	 1.10868e-08 
2.549 	 3.36769e-11 	 1.14988e-08 
2.551 	 3.47979e-11 	 1.19247e-08 
2.553 	 3.59485e-11 	 1.23636e-08 
2.555 	 3.71241e-11 	 1.28139e-08 
2.557 	 3.83188e-11 	 1.32736e-08 
2.559 	 3.95251e-11 	 1.37404e-08 
2.561 	 4.07338e-11 	 1.42110e-08 
2.563 	 4.19339e-11 	 1.46817e-08 
2.565 	 4.31125e-11 	 1.51481e-08 
2.567 	 4.42549e-11 	 1.56049e-08 
2.569 	 4.53444e-11 	 1.60464e-08 
2.571 	 4.63628e-11 	 1.64660e-08 
2.573 	 4.72906e-11 	 1.68567e-08 
2.575 	 4.81074e-11 	 1.72111e-08 
2.577 	 4.87928e-11 	 1.75217e-08 
2.579 	 4.93271e-11 	 1.77811e-08 
2.581 	 4.96922e-11 	 1.79823e-08 
2.583 	 4.98727e-11 	 1.81193e-08 
2.585 	 4.98565e-11 	 1.81870e-08 
2.587 	 4.96360e-11 	 1.81820e-08 
2.589 	 4.92088e-11 	 1.81024e-08 
2.591 	 4.85775e-11 	 1.79483e-08 
2.593 	 4.77504e-11 	 1.77215e-08 
2.595 	 4.67404e-11 	 1.74259e-08 
2.597 	 4.55651e-11 	 1.70668e-08 
2.599 	 4.42453e-11 	 1.66510e-08 
2.601 	 4.28045e-11 	 1.61863e-08 
2.603 	 4.12671e-11 	 1.56809e-08 
2.605 	 3.96579e-11 	 1.51436e-08 
2.607 	 3.80011e-11 	 1.45829e-08 
2.609 	 3.63189e-11 	 1.40068e-08 
2.611 	 3.46319e-11 	 1.34230e-08 
2.613 	 3.29580e-11 	 1.28383e-08 
2.615 	 3.13125e-11 	 1.22584e-08 
2.618 	 2.97080e-11 	 1.16885e-08 
2.620 	 2.81546e-11 	 1.11326e-08 
2.622 	 2.66599e-11 	 1.05940e-08 
2.624 	 2.52295e-11 	 1.00753e-08 
2.626 	 2.38670e-11 	 9.57824e-09 
2.628 	 2.25747e-11 	 9.10409e-09 
2.630 	 2.13532e-11 	 8.65357e-09 
2.632 	 2.02023e-11 	 8.22697e-09 
2.634 	 1.91208e-11 	 7.82424e-09 
2.636 	 1.81068e-11 	 7.44505e-09 
2.638 	 1.71582e-11 	 7.08883e-09 
2.640 	 1.62721e-11 	 6.75486e-09 
2.642 	 1.54456e-11 	 6.44225e-09 
2.644 	 1.46755e-11 	 6.15004e-09 
2.646 	 1.39584e-11 	 5.87716e-09 
2.648 	 1.32909e-11 	 5.62247e-09 
2.650 	 1.26696e-11 	 5.38478e-09 
2.652 	 1.20909e-11 	 5.16284e-09 
2.654 	 1.15512e-11 	 4.95537e-09 
2.656 	 1.10469e-11 	 4.76103e-09 
2.658 	 1.05743e-11 	 4.57849e-09 
2.660 	 1.01301e-11 	 4.40637e-09 
2.662 	 9.71060e-12 	 4.24333e-09 
2.664 	 9.31261e-12 	 4.08804e-09 
2.666 	 8.93304e-12 	 3.93929e-09 
2.668 	 8.56909e-12 	 3.79594e-09 
2.670 	 8.21837e-12 	 3.65700e-09 
2.672 	 7.87890e-12 	 3.52169e-09 
2.674 	 7.54921e-12 	 3.38939e-09 
2.676 	 7.22826e-12 	 3.25970e-09 
2.678 	 6.91549e-12 	 3.13243e-09 
2.680 	 6.61071e-12 	 3.00753e-09 
2.682 	 6.31406e-12 	 2.88513e-09 
2.684 	 6.02588e-12 	 2.76543e-09 
2.686 	 5.74663e-12 	 2.64870e-09 
2.688 	 5.47679e-12 	 2.53521e-09 
2.690 	 5.21683e-12 	 2.42526e-09 
2.692 	 4.96713e-12 	 2.31906e-09 
2.694 	 4.72795e-12 	 2.21682e-09 
2.696 	 4.49944e-12 	 2.11866e-09 
2.698 	 4.28162e-12 	 2.02465e-09 
2.700 	 4.07439e-12 	 1.93483e-09 
