Energy [eV] EELS_b EELS_a 
2.500 	 3.03699e-11 	 1.21243e-10 
2.502 	 3.10825e-11 	 1.24215e-10 
2.504 	 3.18284e-11 	 1.27325e-10 
2.506 	 3.26092e-11 	 1.30582e-10 
2.508 	 3.34270e-11 	 1.33993e-10 
2.510 	 3.42837e-11 	 1.37566e-10 
2.512 	 3.51813e-11 	 1.41311e-10 
2.514 	 3.61222e-11 	 1.45237e-10 
2.516 	 3.71084e-11 	 1.49353e-10 
2.519 	 3.81425e-11 	 1.53670e-10 
2.521 	 3.92267e-11 	 1.58197e-10 
2.523 	 4.03636e-11 	 1.62945e-10 
2.525 	 4.15557e-11 	 1.67925e-10 
2.527 	 4.28055e-11 	 1.73147e-10 
2.529 	 4.41154e-11 	 1.78623e-10 
2.531 	 4.54880e-11 	 1.84363e-10 
2.533 	 4.69256e-11 	 1.90377e-10 
2.535 	 4.84303e-11 	 1.96675e-10 
2.537 	 5.00040e-11 	 2.03264e-10 
2.539 	 5.16482e-11 	 2.10152e-10 
2.541 	 5.33641e-11 	 2.17344e-10 
2.543 	 5.51520e-11 	 2.24843e-10 
2.545 	 5.70115e-11 	 2.32647e-10 
2.547 	 5.89413e-11 	 2.40751e-10 
2.549 	 6.09388e-11 	 2.49147e-10 
2.551 	 6.30000e-11 	 2.57817e-10 
2.553 	 6.51189e-11 	 2.66738e-10 
2.555 	 6.72876e-11 	 2.75879e-10 
2.557 	 6.94958e-11 	 2.85197e-10 
2.559 	 7.17304e-11 	 2.94639e-10 
2.561 	 7.39752e-11 	 3.04139e-10 
2.563 	 7.62108e-11 	 3.13617e-10 
2.565 	 7.84142e-11 	 3.22978e-10 
2.567 	 8.05587e-11 	 3.32112e-10 
2.569 	 8.26144e-11 	 3.40895e-10 
2.571 	 8.45482e-11 	 3.49190e-10 
2.573 	 8.63241e-11 	 3.56848e-10 
2.575 	 8.79048e-11 	 3.63712e-10 
2.577 	 8.92521e-11 	 3.69624e-10 
2.579 	 9.03289e-11 	 3.74427e-10 
2.581 	 9.11008e-11 	 3.77976e-10 
2.583 	 9.15375e-11 	 3.80144e-10 
2.585 	 9.16151e-11 	 3.80827e-10 
2.587 	 9.13174e-11 	 3.79955e-10 
2.589 	 9.06376e-11 	 3.77494e-10 
2.591 	 8.95782e-11 	 3.73452e-10 
2.593 	 8.81522e-11 	 3.67878e-10 
2.595 	 8.63819e-11 	 3.60859e-10 
2.597 	 8.42978e-11 	 3.52520e-10 
2.599 	 8.19375e-11 	 3.43011e-10 
2.601 	 7.93434e-11 	 3.32508e-10 
2.603 	 7.65605e-11 	 3.21194e-10 
2.605 	 7.36349e-11 	 3.09260e-10 
2.607 	 7.06112e-11 	 2.96890e-10 
2.609 	 6.75319e-11 	 2.84260e-10 
2.611 	 6.44356e-11 	 2.71533e-10 
2.613 	 6.13563e-11 	 2.58849e-10 
2.615 	 5.83234e-11 	 2.46334e-10 
2.618 	 5.53611e-11 	 2.34090e-10 
2.620 	 5.24890e-11 	 2.22199e-10 
2.622 	 4.97222e-11 	 2.10728e-10 
2.624 	 4.70716e-11 	 1.99723e-10 
2.626 	 4.45448e-11 	 1.89218e-10 
2.628 	 4.21461e-11 	 1.79234e-10 
2.630 	 3.98774e-11 	 1.69780e-10 
2.632 	 3.77386e-11 	 1.60858e-10 
2.634 	 3.57278e-11 	 1.52461e-10 
2.636 	 3.38421e-11 	 1.44579e-10 
2.638 	 3.20771e-11 	 1.37195e-10 
2.640 	 3.04281e-11 	 1.30290e-10 
2.642 	 2.88897e-11 	 1.23843e-10 
2.644 	 2.74560e-11 	 1.17831e-10 
2.646 	 2.61209e-11 	 1.12228e-10 
2.648 	 2.48781e-11 	 1.07010e-10 
2.650 	 2.37212e-11 	 1.02149e-10 
2.652 	 2.26436e-11 	 9.76182e-11 
2.654 	 2.16386e-11 	 9.33908e-11 
2.656 	 2.06995e-11 	 8.94385e-11 
2.658 	 1.98198e-11 	 8.57332e-11 
2.660 	 1.89926e-11 	 8.22473e-11 
2.662 	 1.82117e-11 	 7.89534e-11 
2.664 	 1.74707e-11 	 7.58253e-11 
2.666 	 1.67640e-11 	 7.28386e-11 
2.668 	 1.60862e-11 	 6.99710e-11 
2.670 	 1.54330e-11 	 6.72034e-11 
2.672 	 1.48006e-11 	 6.45201e-11 
2.674 	 1.41862e-11 	 6.19091e-11 
2.676 	 1.35879e-11 	 5.93622e-11 
2.678 	 1.30046e-11 	 5.68751e-11 
2.680 	 1.24360e-11 	 5.44465e-11 
2.682 	 1.18823e-11 	 5.20777e-11 
2.684 	 1.13441e-11 	 4.97718e-11 
2.686 	 1.08224e-11 	 4.75330e-11 
2.688 	 1.03180e-11 	 4.53655e-11 
2.690 	 9.83191e-12 	 4.32735e-11 
2.692 	 9.36477e-12 	 4.12606e-11 
2.694 	 8.91714e-12 	 3.93294e-11 
2.696 	 8.48929e-12 	 3.74813e-11 
2.698 	 8.08131e-12 	 3.57171e-11 
2.700 	 7.69303e-12 	 3.40363e-11 
