Energy [eV] EELS_b EELS_a 
2.500 	 6.54826e-08 	 2.81881e-07 
2.502 	 6.74242e-08 	 2.90492e-07 
2.504 	 6.94585e-08 	 2.99517e-07 
2.506 	 7.15907e-08 	 3.08979e-07 
2.508 	 7.38264e-08 	 3.18903e-07 
2.510 	 7.61715e-08 	 3.29316e-07 
2.512 	 7.86321e-08 	 3.40245e-07 
2.514 	 8.12146e-08 	 3.51720e-07 
2.516 	 8.39258e-08 	 3.63770e-07 
2.519 	 8.67725e-08 	 3.76427e-07 
2.521 	 8.97620e-08 	 3.89724e-07 
2.523 	 9.29017e-08 	 4.03695e-07 
2.525 	 9.61991e-08 	 4.18373e-07 
2.527 	 9.96617e-08 	 4.33794e-07 
2.529 	 1.03297e-07 	 4.49992e-07 
2.531 	 1.07113e-07 	 4.67000e-07 
2.533 	 1.11116e-07 	 4.84853e-07 
2.535 	 1.15312e-07 	 5.03580e-07 
2.537 	 1.19709e-07 	 5.23211e-07 
2.539 	 1.24309e-07 	 5.43768e-07 
2.541 	 1.29118e-07 	 5.65269e-07 
2.543 	 1.34137e-07 	 5.87724e-07 
2.545 	 1.39364e-07 	 6.11134e-07 
2.547 	 1.44797e-07 	 6.35486e-07 
2.549 	 1.50428e-07 	 6.60752e-07 
2.551 	 1.56245e-07 	 6.86887e-07 
2.553 	 1.62234e-07 	 7.13821e-07 
2.555 	 1.68370e-07 	 7.41462e-07 
2.557 	 1.74625e-07 	 7.69685e-07 
2.559 	 1.80962e-07 	 7.98332e-07 
2.561 	 1.87335e-07 	 8.27207e-07 
2.563 	 1.93691e-07 	 8.56075e-07 
2.565 	 1.99964e-07 	 8.84659e-07 
2.567 	 2.06083e-07 	 9.12638e-07 
2.569 	 2.11965e-07 	 9.39653e-07 
2.571 	 2.17520e-07 	 9.65309e-07 
2.573 	 2.22652e-07 	 9.89181e-07 
2.575 	 2.27264e-07 	 1.01083e-06 
2.577 	 2.31255e-07 	 1.02981e-06 
2.579 	 2.34532e-07 	 1.04570e-06 
2.581 	 2.37008e-07 	 1.05810e-06 
2.583 	 2.38609e-07 	 1.06666e-06 
2.585 	 2.39280e-07 	 1.07113e-06 
2.587 	 2.38985e-07 	 1.07132e-06 
2.589 	 2.37712e-07 	 1.06716e-06 
2.591 	 2.35473e-07 	 1.05867e-06 
2.593 	 2.32304e-07 	 1.04599e-06 
2.595 	 2.28265e-07 	 1.02936e-06 
2.597 	 2.23433e-07 	 1.00911e-06 
2.599 	 2.17901e-07 	 9.85640e-07 
2.601 	 2.11773e-07 	 9.59391e-07 
2.603 	 2.05159e-07 	 9.30845e-07 
2.605 	 1.98169e-07 	 9.00489e-07 
2.607 	 1.90910e-07 	 8.68802e-07 
2.609 	 1.83484e-07 	 8.36239e-07 
2.611 	 1.75983e-07 	 8.03219e-07 
2.613 	 1.68490e-07 	 7.70118e-07 
2.615 	 1.61076e-07 	 7.37263e-07 
2.618 	 1.53800e-07 	 7.04933e-07 
2.620 	 1.46713e-07 	 6.73359e-07 
2.622 	 1.39852e-07 	 6.42724e-07 
2.624 	 1.33248e-07 	 6.13172e-07 
2.626 	 1.26921e-07 	 5.84808e-07 
2.628 	 1.20885e-07 	 5.57705e-07 
2.630 	 1.15150e-07 	 5.31908e-07 
2.632 	 1.09717e-07 	 5.07438e-07 
2.634 	 1.04586e-07 	 4.84299e-07 
2.636 	 9.97530e-08 	 4.62475e-07 
2.638 	 9.52101e-08 	 4.41942e-07 
2.640 	 9.09484e-08 	 4.22663e-07 
2.642 	 8.69570e-08 	 4.04593e-07 
2.644 	 8.32239e-08 	 3.87680e-07 
2.646 	 7.97356e-08 	 3.71867e-07 
2.648 	 7.64780e-08 	 3.57093e-07 
2.650 	 7.34359e-08 	 3.43290e-07 
2.652 	 7.05935e-08 	 3.30389e-07 
2.654 	 6.79342e-08 	 3.18315e-07 
2.656 	 6.54410e-08 	 3.06990e-07 
2.658 	 6.30960e-08 	 2.96335e-07 
2.660 	 6.08815e-08 	 2.86266e-07 
2.662 	 5.87794e-08 	 2.76702e-07 
2.664 	 5.67724e-08 	 2.67562e-07 
2.666 	 5.48437e-08 	 2.58768e-07 
2.668 	 5.29784e-08 	 2.50251e-07 
2.670 	 5.11632e-08 	 2.41948e-07 
2.672 	 4.93874e-08 	 2.33810e-07 
2.674 	 4.76430e-08 	 2.25800e-07 
2.676 	 4.59248e-08 	 2.17894e-07 
2.678 	 4.42306e-08 	 2.10080e-07 
2.680 	 4.25604e-08 	 2.02361e-07 
2.682 	 4.09163e-08 	 1.94747e-07 
2.684 	 3.93018e-08 	 1.87256e-07 
2.686 	 3.77212e-08 	 1.79908e-07 
2.688 	 3.61792e-08 	 1.72728e-07 
2.690 	 3.46803e-08 	 1.65737e-07 
2.692 	 3.32282e-08 	 1.58954e-07 
2.694 	 3.18263e-08 	 1.52397e-07 
2.696 	 3.04770e-08 	 1.46077e-07 
2.698 	 2.91817e-08 	 1.40004e-07 
2.700 	 2.79412e-08 	 1.34181e-07 
