Energy [eV] EELS_b EELS_a 
2.500 	 5.69188e-09 	 3.71072e-07 
2.502 	 5.84307e-09 	 3.82118e-07 
2.504 	 6.00113e-09 	 3.93685e-07 
2.506 	 6.16643e-09 	 4.05802e-07 
2.508 	 6.33933e-09 	 4.18499e-07 
2.510 	 6.52025e-09 	 4.31810e-07 
2.512 	 6.70960e-09 	 4.45767e-07 
2.514 	 6.90782e-09 	 4.60408e-07 
2.516 	 7.11536e-09 	 4.75770e-07 
2.519 	 7.33267e-09 	 4.91890e-07 
2.521 	 7.56022e-09 	 5.08811e-07 
2.523 	 7.79851e-09 	 5.26573e-07 
2.525 	 8.04801e-09 	 5.45218e-07 
2.527 	 8.30920e-09 	 5.64790e-07 
2.529 	 8.58255e-09 	 5.85331e-07 
2.531 	 8.86851e-09 	 6.06885e-07 
2.533 	 9.16751e-09 	 6.29493e-07 
2.535 	 9.47992e-09 	 6.53194e-07 
2.537 	 9.80606e-09 	 6.78025e-07 
2.539 	 1.01462e-08 	 7.04018e-07 
2.541 	 1.05004e-08 	 7.31198e-07 
2.543 	 1.08687e-08 	 7.59581e-07 
2.545 	 1.12510e-08 	 7.89174e-07 
2.547 	 1.16469e-08 	 8.19968e-07 
2.549 	 1.20558e-08 	 8.51940e-07 
2.551 	 1.24767e-08 	 8.85044e-07 
2.553 	 1.29085e-08 	 9.19210e-07 
2.555 	 1.33496e-08 	 9.54337e-07 
2.557 	 1.37978e-08 	 9.90292e-07 
2.559 	 1.42505e-08 	 1.02690e-06 
2.561 	 1.47047e-08 	 1.06396e-06 
2.563 	 1.51567e-08 	 1.10118e-06 
2.565 	 1.56020e-08 	 1.13828e-06 
2.567 	 1.60358e-08 	 1.17486e-06 
2.569 	 1.64526e-08 	 1.21053e-06 
2.571 	 1.68463e-08 	 1.24481e-06 
2.573 	 1.72106e-08 	 1.27720e-06 
2.575 	 1.75386e-08 	 1.30716e-06 
2.577 	 1.78238e-08 	 1.33413e-06 
2.579 	 1.80594e-08 	 1.35755e-06 
2.581 	 1.82395e-08 	 1.37691e-06 
2.583 	 1.83586e-08 	 1.39171e-06 
2.585 	 1.84125e-08 	 1.40154e-06 
2.587 	 1.83981e-08 	 1.40609e-06 
2.589 	 1.83138e-08 	 1.40515e-06 
2.591 	 1.81597e-08 	 1.39865e-06 
2.593 	 1.79375e-08 	 1.38665e-06 
2.595 	 1.76505e-08 	 1.36934e-06 
2.597 	 1.73035e-08 	 1.34703e-06 
2.599 	 1.69023e-08 	 1.32016e-06 
2.601 	 1.64540e-08 	 1.28923e-06 
2.603 	 1.59660e-08 	 1.25483e-06 
2.605 	 1.54461e-08 	 1.21755e-06 
2.607 	 1.49021e-08 	 1.17801e-06 
2.609 	 1.43416e-08 	 1.13683e-06 
2.611 	 1.37715e-08 	 1.09457e-06 
2.613 	 1.31985e-08 	 1.05177e-06 
2.615 	 1.26280e-08 	 1.00889e-06 
2.618 	 1.20652e-08 	 9.66357e-07 
2.620 	 1.15140e-08 	 9.24519e-07 
2.622 	 1.09780e-08 	 8.83667e-07 
2.624 	 1.04598e-08 	 8.44035e-07 
2.626 	 9.96130e-09 	 8.05806e-07 
2.628 	 9.48407e-09 	 7.69113e-07 
2.630 	 9.02901e-09 	 7.34049e-07 
2.632 	 8.59666e-09 	 7.00672e-07 
2.634 	 8.18716e-09 	 6.69011e-07 
2.636 	 7.80038e-09 	 6.39068e-07 
2.638 	 7.43597e-09 	 6.10826e-07 
2.640 	 7.09333e-09 	 5.84251e-07 
2.642 	 6.77175e-09 	 5.59294e-07 
2.644 	 6.47037e-09 	 5.35896e-07 
2.646 	 6.18824e-09 	 5.13988e-07 
2.648 	 5.92430e-09 	 4.93493e-07 
2.650 	 5.67743e-09 	 4.74326e-07 
2.652 	 5.44644e-09 	 4.56395e-07 
2.654 	 5.23008e-09 	 4.39603e-07 
2.656 	 5.02706e-09 	 4.23847e-07 
2.658 	 4.83604e-09 	 4.09020e-07 
2.660 	 4.65565e-09 	 3.95012e-07 
2.662 	 4.48455e-09 	 3.81710e-07 
2.664 	 4.32142e-09 	 3.69005e-07 
2.666 	 4.16499e-09 	 3.56792e-07 
2.668 	 4.01413e-09 	 3.44975e-07 
2.670 	 3.86784e-09 	 3.33468e-07 
2.672 	 3.72530e-09 	 3.22203e-07 
2.674 	 3.58590e-09 	 3.11128e-07 
2.676 	 3.44924e-09 	 3.00208e-07 
2.678 	 3.31509e-09 	 2.89426e-07 
2.680 	 3.18345e-09 	 2.78784e-07 
2.682 	 3.05442e-09 	 2.68294e-07 
2.684 	 2.92822e-09 	 2.57979e-07 
2.686 	 2.80514e-09 	 2.47866e-07 
2.688 	 2.68547e-09 	 2.37985e-07 
2.690 	 2.56949e-09 	 2.28366e-07 
2.692 	 2.45746e-09 	 2.19036e-07 
2.694 	 2.34958e-09 	 2.10015e-07 
2.696 	 2.24597e-09 	 2.01321e-07 
2.698 	 2.14672e-09 	 1.92965e-07 
2.700 	 2.05185e-09 	 1.84952e-07 
