Energy [eV] Ext Cross [um^2] Abs Cross [um^2] Sca Cross [um^2] 
2.480 	 1.34907e-01 	 5.56610e-03 	 1.29341e-01 
2.443 	 1.37923e-01 	 5.23658e-03 	 1.32686e-01 
2.407 	 1.41049e-01 	 4.96846e-03 	 1.36081e-01 
2.373 	 1.44266e-01 	 4.74815e-03 	 1.39517e-01 
2.339 	 1.47556e-01 	 4.56565e-03 	 1.42991e-01 
2.306 	 1.50909e-01 	 4.41361e-03 	 1.46495e-01 
2.274 	 1.54314e-01 	 4.28647e-03 	 1.50028e-01 
2.243 	 1.57765e-01 	 4.17986e-03 	 1.53585e-01 
2.213 	 1.61254e-01 	 4.09054e-03 	 1.57164e-01 
2.184 	 1.64779e-01 	 4.01574e-03 	 1.60763e-01 
2.155 	 1.68334e-01 	 3.95340e-03 	 1.64380e-01 
2.127 	 1.71916e-01 	 3.90180e-03 	 1.68015e-01 
2.100 	 1.75524e-01 	 3.85954e-03 	 1.71664e-01 
2.074 	 1.79154e-01 	 3.82545e-03 	 1.75328e-01 
2.048 	 1.82804e-01 	 3.79856e-03 	 1.79006e-01 
2.023 	 1.86473e-01 	 3.77808e-03 	 1.82695e-01 
1.998 	 1.90160e-01 	 3.76331e-03 	 1.86396e-01 
1.974 	 1.93862e-01 	 3.75365e-03 	 1.90108e-01 
1.951 	 1.97579e-01 	 3.74868e-03 	 1.93830e-01 
1.928 	 2.01309e-01 	 3.74790e-03 	 1.97561e-01 
1.905 	 2.05051e-01 	 3.75092e-03 	 2.01300e-01 
1.884 	 2.08804e-01 	 3.75749e-03 	 2.05046e-01 
1.862 	 2.12566e-01 	 3.76732e-03 	 2.08799e-01 
1.841 	 2.16337e-01 	 3.78014e-03 	 2.12557e-01 
1.821 	 2.20116e-01 	 3.79571e-03 	 2.16320e-01 
1.801 	 2.23900e-01 	 3.81385e-03 	 2.20087e-01 
1.782 	 2.27690e-01 	 3.83441e-03 	 2.23855e-01 
1.763 	 2.31483e-01 	 3.85722e-03 	 2.27625e-01 
1.744 	 2.35278e-01 	 3.88214e-03 	 2.31395e-01 
1.726 	 2.39073e-01 	 3.90904e-03 	 2.35164e-01 
1.708 	 2.42867e-01 	 3.93779e-03 	 2.38930e-01 
1.690 	 2.46659e-01 	 3.96830e-03 	 2.42691e-01 
1.673 	 2.50447e-01 	 4.00047e-03 	 2.46446e-01 
1.656 	 2.54228e-01 	 4.03421e-03 	 2.50194e-01 
1.640 	 2.58001e-01 	 4.06943e-03 	 2.53932e-01 
1.623 	 2.61764e-01 	 4.10605e-03 	 2.57658e-01 
1.608 	 2.65515e-01 	 4.14400e-03 	 2.61371e-01 
1.592 	 2.69251e-01 	 4.18320e-03 	 2.65067e-01 
1.577 	 2.72970e-01 	 4.22357e-03 	 2.68746e-01 
1.562 	 2.76669e-01 	 4.26506e-03 	 2.72404e-01 
1.547 	 2.80347e-01 	 4.30760e-03 	 2.76039e-01 
1.533 	 2.84000e-01 	 4.35113e-03 	 2.79649e-01 
1.519 	 2.87625e-01 	 4.39558e-03 	 2.83229e-01 
1.505 	 2.91220e-01 	 4.44090e-03 	 2.86779e-01 
1.491 	 2.94781e-01 	 4.48703e-03 	 2.90294e-01 
1.478 	 2.98305e-01 	 4.53389e-03 	 2.93771e-01 
1.464 	 3.01790e-01 	 4.58144e-03 	 2.97208e-01 
1.452 	 3.05230e-01 	 4.62960e-03 	 3.00601e-01 
1.439 	 3.08624e-01 	 4.67833e-03 	 3.03946e-01 
1.426 	 3.11968e-01 	 4.72756e-03 	 3.07240e-01 
1.414 	 3.15257e-01 	 4.77723e-03 	 3.10480e-01 
1.402 	 3.18488e-01 	 4.82727e-03 	 3.13661e-01 
1.390 	 3.21657e-01 	 4.87761e-03 	 3.16779e-01 
1.379 	 3.24760e-01 	 4.92821e-03 	 3.19832e-01 
1.367 	 3.27794e-01 	 4.97899e-03 	 3.22815e-01 
1.356 	 3.30754e-01 	 5.02989e-03 	 3.25724e-01 
1.345 	 3.33636e-01 	 5.08085e-03 	 3.28555e-01 
1.334 	 3.36436e-01 	 5.13179e-03 	 3.31304e-01 
1.323 	 3.39150e-01 	 5.18264e-03 	 3.33968e-01 
1.313 	 3.41774e-01 	 5.23334e-03 	 3.36541e-01 
1.302 	 3.44304e-01 	 5.28382e-03 	 3.39020e-01 
1.292 	 3.46735e-01 	 5.33401e-03 	 3.41401e-01 
1.282 	 3.49064e-01 	 5.38384e-03 	 3.43680e-01 
1.272 	 3.51287e-01 	 5.43323e-03 	 3.45854e-01 
1.262 	 3.53399e-01 	 5.48212e-03 	 3.47917e-01 
1.253 	 3.55398e-01 	 5.53043e-03 	 3.49868e-01 
1.243 	 3.57279e-01 	 5.57810e-03 	 3.51701e-01 
1.234 	 3.59039e-01 	 5.62505e-03 	 3.53414e-01 
1.225 	 3.60674e-01 	 5.67122e-03 	 3.55002e-01 
1.216 	 3.62181e-01 	 5.71653e-03 	 3.56464e-01 
1.207 	 3.63557e-01 	 5.76092e-03 	 3.57796e-01 
1.198 	 3.64800e-01 	 5.80432e-03 	 3.58995e-01 
1.189 	 3.65905e-01 	 5.84666e-03 	 3.60059e-01 
1.181 	 3.66872e-01 	 5.88788e-03 	 3.60985e-01 
1.172 	 3.67698e-01 	 5.92791e-03 	 3.61770e-01 
1.164 	 3.68381e-01 	 5.96670e-03 	 3.62414e-01 
1.156 	 3.68919e-01 	 6.00420e-03 	 3.62915e-01 
1.148 	 3.69311e-01 	 6.04033e-03 	 3.63270e-01 
1.140 	 3.69555e-01 	 6.07506e-03 	 3.63480e-01 
1.132 	 3.69652e-01 	 6.10832e-03 	 3.63543e-01 
1.124 	 3.69599e-01 	 6.14007e-03 	 3.63459e-01 
1.117 	 3.69398e-01 	 6.17028e-03 	 3.63228e-01 
1.109 	 3.69048e-01 	 6.19889e-03 	 3.62849e-01 
1.102 	 3.68550e-01 	 6.22587e-03 	 3.62324e-01 
1.094 	 3.67904e-01 	 6.25119e-03 	 3.61652e-01 
1.087 	 3.67111e-01 	 6.27483e-03 	 3.60836e-01 
1.080 	 3.66173e-01 	 6.29675e-03 	 3.59876e-01 
1.073 	 3.65092e-01 	 6.31694e-03 	 3.58775e-01 
1.066 	 3.63869e-01 	 6.33537e-03 	 3.57533e-01 
1.059 	 3.62506e-01 	 6.35203e-03 	 3.56154e-01 
1.052 	 3.61007e-01 	 6.36691e-03 	 3.54640e-01 
1.046 	 3.59373e-01 	 6.38001e-03 	 3.52993e-01 
1.039 	 3.57609e-01 	 6.39133e-03 	 3.51217e-01 
1.032 	 3.55716e-01 	 6.40088e-03 	 3.49316e-01 
1.026 	 3.53700e-01 	 6.40865e-03 	 3.47291e-01 
1.020 	 3.51563e-01 	 6.41467e-03 	 3.45149e-01 
1.013 	 3.49310e-01 	 6.41895e-03 	 3.42891e-01 
1.007 	 3.46944e-01 	 6.42150e-03 	 3.40523e-01 
1.001 	 3.44470e-01 	 6.42235e-03 	 3.38048e-01 
0.995 	 3.41893e-01 	 6.42152e-03 	 3.35471e-01 
0.989 	 3.39216e-01 	 6.41903e-03 	 3.32797e-01 
0.983 	 3.36445e-01 	 6.41492e-03 	 3.30030e-01 
0.977 	 3.33584e-01 	 6.40923e-03 	 3.27175e-01 
0.971 	 3.30638e-01 	 6.40198e-03 	 3.24236e-01 
0.966 	 3.27613e-01 	 6.39322e-03 	 3.21219e-01 
0.960 	 3.24512e-01 	 6.38299e-03 	 3.18129e-01 
0.955 	 3.21340e-01 	 6.37133e-03 	 3.14969e-01 
0.949 	 3.18104e-01 	 6.35829e-03 	 3.11746e-01 
0.944 	 3.14807e-01 	 6.34391e-03 	 3.08463e-01 
0.938 	 3.11455e-01 	 6.32825e-03 	 3.05126e-01 
0.933 	 3.08051e-01 	 6.31134e-03 	 3.01740e-01 
0.928 	 3.04602e-01 	 6.29324e-03 	 2.98309e-01 
0.922 	 3.01112e-01 	 6.27400e-03 	 2.94838e-01 
0.917 	 2.97584e-01 	 6.25366e-03 	 2.91331e-01 
0.912 	 2.94025e-01 	 6.23228e-03 	 2.87792e-01 
0.907 	 2.90437e-01 	 6.20991e-03 	 2.84227e-01 
0.902 	 2.86826e-01 	 6.18660e-03 	 2.80640e-01 
0.897 	 2.83196e-01 	 6.16241e-03 	 2.77034e-01 
0.892 	 2.79550e-01 	 6.13737e-03 	 2.73413e-01 
0.888 	 2.75893e-01 	 6.11154e-03 	 2.69782e-01 
0.883 	 2.72228e-01 	 6.08498e-03 	 2.66143e-01 
0.878 	 2.68559e-01 	 6.05772e-03 	 2.62501e-01 
0.873 	 2.64889e-01 	 6.02982e-03 	 2.58860e-01 
0.869 	 2.61222e-01 	 6.00132e-03 	 2.55221e-01 
0.864 	 2.57561e-01 	 5.97227e-03 	 2.51589e-01 
0.860 	 2.53909e-01 	 5.94272e-03 	 2.47966e-01 
0.855 	 2.50268e-01 	 5.91270e-03 	 2.44355e-01 
0.851 	 2.46642e-01 	 5.88225e-03 	 2.40759e-01 
0.847 	 2.43032e-01 	 5.85143e-03 	 2.37181e-01 
0.842 	 2.39442e-01 	 5.82026e-03 	 2.33622e-01 
0.838 	 2.35874e-01 	 5.78879e-03 	 2.30085e-01 
0.834 	 2.32329e-01 	 5.75706e-03 	 2.26572e-01 
0.829 	 2.28811e-01 	 5.72510e-03 	 2.23085e-01 
0.825 	 2.25319e-01 	 5.69295e-03 	 2.19626e-01 
0.821 	 2.21858e-01 	 5.66064e-03 	 2.16197e-01 
0.817 	 2.18427e-01 	 5.62821e-03 	 2.12799e-01 
0.813 	 2.15028e-01 	 5.59567e-03 	 2.09433e-01 
0.809 	 2.11664e-01 	 5.56307e-03 	 2.06100e-01 
0.805 	 2.08334e-01 	 5.53043e-03 	 2.02803e-01 
0.801 	 2.05040e-01 	 5.49778e-03 	 1.99542e-01 
0.797 	 2.01784e-01 	 5.46514e-03 	 1.96318e-01 
0.793 	 1.98565e-01 	 5.43252e-03 	 1.93132e-01 
0.790 	 1.95385e-01 	 5.39997e-03 	 1.89985e-01 
0.786 	 1.92245e-01 	 5.36749e-03 	 1.86877e-01 
0.782 	 1.89144e-01 	 5.33510e-03 	 1.83809e-01 
0.778 	 1.86085e-01 	 5.30283e-03 	 1.80782e-01 
0.775 	 1.83066e-01 	 5.27068e-03 	 1.77795e-01 
0.771 	 1.80089e-01 	 5.23869e-03 	 1.74850e-01 
0.768 	 1.77153e-01 	 5.20686e-03 	 1.71947e-01 
0.764 	 1.74260e-01 	 5.17521e-03 	 1.69085e-01 
0.760 	 1.71409e-01 	 5.14375e-03 	 1.66265e-01 
0.757 	 1.68599e-01 	 5.11249e-03 	 1.63487e-01 
0.753 	 1.65833e-01 	 5.08146e-03 	 1.60751e-01 
0.750 	 1.63108e-01 	 5.05065e-03 	 1.58057e-01 
0.747 	 1.60426e-01 	 5.02008e-03 	 1.55406e-01 
0.743 	 1.57785e-01 	 4.98976e-03 	 1.52796e-01 
0.740 	 1.55187e-01 	 4.95969e-03 	 1.50228e-01 
0.737 	 1.52631e-01 	 4.92989e-03 	 1.47701e-01 
0.733 	 1.50116e-01 	 4.90036e-03 	 1.45216e-01 
0.730 	 1.47642e-01 	 4.87111e-03 	 1.42771e-01 
0.727 	 1.45210e-01 	 4.84214e-03 	 1.40368e-01 
0.724 	 1.42818e-01 	 4.81345e-03 	 1.38005e-01 
0.720 	 1.40466e-01 	 4.78506e-03 	 1.35681e-01 
0.717 	 1.38155e-01 	 4.75695e-03 	 1.33398e-01 
0.714 	 1.35883e-01 	 4.72915e-03 	 1.31154e-01 
0.711 	 1.33650e-01 	 4.70165e-03 	 1.28949e-01 
0.708 	 1.31456e-01 	 4.67445e-03 	 1.26782e-01 
0.705 	 1.29301e-01 	 4.64755e-03 	 1.24653e-01 
0.702 	 1.27183e-01 	 4.62096e-03 	 1.22562e-01 
0.699 	 1.25102e-01 	 4.59468e-03 	 1.20507e-01 
0.696 	 1.23059e-01 	 4.56870e-03 	 1.18490e-01 
0.693 	 1.21051e-01 	 4.54303e-03 	 1.16508e-01 
0.690 	 1.19080e-01 	 4.51768e-03 	 1.14562e-01 
0.687 	 1.17144e-01 	 4.49263e-03 	 1.12651e-01 
0.684 	 1.15243e-01 	 4.46789e-03 	 1.10775e-01 
0.682 	 1.13376e-01 	 4.44346e-03 	 1.08933e-01 
0.679 	 1.11544e-01 	 4.41933e-03 	 1.07124e-01 
0.676 	 1.09744e-01 	 4.39551e-03 	 1.05349e-01 
0.673 	 1.07977e-01 	 4.37200e-03 	 1.03605e-01 
0.671 	 1.06243e-01 	 4.34879e-03 	 1.01894e-01 
0.668 	 1.04540e-01 	 4.32588e-03 	 1.00214e-01 
0.665 	 1.02869e-01 	 4.30327e-03 	 9.85654e-02 
0.662 	 1.01228e-01 	 4.28096e-03 	 9.69469e-02 
0.660 	 9.96172e-02 	 4.25895e-03 	 9.53583e-02 
0.657 	 9.80363e-02 	 4.23723e-03 	 9.37990e-02 
0.655 	 9.64844e-02 	 4.21580e-03 	 9.22686e-02 
0.652 	 9.49613e-02 	 4.19466e-03 	 9.07666e-02 
0.649 	 9.34662e-02 	 4.17380e-03 	 8.92924e-02 
0.647 	 9.19987e-02 	 4.15323e-03 	 8.78455e-02 
0.644 	 9.05584e-02 	 4.13294e-03 	 8.64255e-02 
0.642 	 8.91447e-02 	 4.11292e-03 	 8.50318e-02 
0.639 	 8.77571e-02 	 4.09318e-03 	 8.36639e-02 
0.637 	 8.63952e-02 	 4.07371e-03 	 8.23215e-02 
0.634 	 8.50584e-02 	 4.05451e-03 	 8.10039e-02 
0.632 	 8.37464e-02 	 4.03558e-03 	 7.97108e-02 
0.629 	 8.24586e-02 	 4.01691e-03 	 7.84417e-02 
0.627 	 8.11946e-02 	 3.99850e-03 	 7.71961e-02 
0.625 	 7.99539e-02 	 3.98034e-03 	 7.59735e-02 
0.622 	 7.87361e-02 	 3.96244e-03 	 7.47736e-02 
0.620 	 7.75407e-02 	 3.94478e-03 	 7.35959e-02 
