Energy [eV] EELS_b EELS_a 
2.500 	 5.26143e-06 	 6.98479e-05 
2.502 	 5.42972e-06 	 7.22751e-05 
2.504 	 5.60632e-06 	 7.48271e-05 
2.506 	 5.79173e-06 	 7.75116e-05 
2.508 	 5.98649e-06 	 8.03373e-05 
2.510 	 6.19117e-06 	 8.33129e-05 
2.512 	 6.40639e-06 	 8.64481e-05 
2.514 	 6.63277e-06 	 8.97529e-05 
2.516 	 6.87102e-06 	 9.32383e-05 
2.519 	 7.12186e-06 	 9.69155e-05 
2.521 	 7.38604e-06 	 1.00797e-04 
2.523 	 7.66437e-06 	 1.04894e-04 
2.525 	 7.95768e-06 	 1.09222e-04 
2.527 	 8.26686e-06 	 1.13794e-04 
2.529 	 8.59281e-06 	 1.18624e-04 
2.531 	 8.93647e-06 	 1.23727e-04 
2.533 	 9.29879e-06 	 1.29118e-04 
2.535 	 9.68074e-06 	 1.34813e-04 
2.537 	 1.00833e-05 	 1.40827e-04 
2.539 	 1.05074e-05 	 1.47175e-04 
2.541 	 1.09539e-05 	 1.53871e-04 
2.543 	 1.14237e-05 	 1.60927e-04 
2.545 	 1.19174e-05 	 1.68355e-04 
2.547 	 1.24358e-05 	 1.76163e-04 
2.549 	 1.29790e-05 	 1.84356e-04 
2.551 	 1.35473e-05 	 1.92934e-04 
2.553 	 1.41404e-05 	 2.01890e-04 
2.555 	 1.47577e-05 	 2.11213e-04 
2.557 	 1.53980e-05 	 2.20879e-04 
2.559 	 1.60595e-05 	 2.30857e-04 
2.561 	 1.67398e-05 	 2.41101e-04 
2.563 	 1.74354e-05 	 2.51551e-04 
2.565 	 1.81420e-05 	 2.62133e-04 
2.567 	 1.88544e-05 	 2.72753e-04 
2.569 	 1.95659e-05 	 2.83301e-04 
2.571 	 2.02690e-05 	 2.93647e-04 
2.573 	 2.09549e-05 	 3.03647e-04 
2.575 	 2.16138e-05 	 3.13139e-04 
2.577 	 2.22350e-05 	 3.21953e-04 
2.579 	 2.28071e-05 	 3.29914e-04 
2.581 	 2.33186e-05 	 3.36846e-04 
2.583 	 2.37582e-05 	 3.42585e-04 
2.585 	 2.41152e-05 	 3.46987e-04 
2.587 	 2.43804e-05 	 3.49933e-04 
2.589 	 2.45462e-05 	 3.51338e-04 
2.591 	 2.46073e-05 	 3.51159e-04 
2.593 	 2.45610e-05 	 3.49394e-04 
2.595 	 2.44076e-05 	 3.46088e-04 
2.597 	 2.41501e-05 	 3.41323e-04 
2.599 	 2.37941e-05 	 3.35220e-04 
2.601 	 2.33477e-05 	 3.27926e-04 
2.603 	 2.28208e-05 	 3.19608e-04 
2.605 	 2.22246e-05 	 3.10447e-04 
2.607 	 2.15713e-05 	 3.00624e-04 
2.609 	 2.08730e-05 	 2.90318e-04 
2.611 	 2.01418e-05 	 2.79694e-04 
2.613 	 1.93891e-05 	 2.68908e-04 
2.615 	 1.86254e-05 	 2.58095e-04 
2.618 	 1.78600e-05 	 2.47372e-04 
2.620 	 1.71009e-05 	 2.36838e-04 
2.622 	 1.63551e-05 	 2.26573e-04 
2.624 	 1.56280e-05 	 2.16641e-04 
2.626 	 1.49241e-05 	 2.07091e-04 
2.628 	 1.42467e-05 	 1.97956e-04 
2.630 	 1.35984e-05 	 1.89260e-04 
2.632 	 1.29806e-05 	 1.81018e-04 
2.634 	 1.23944e-05 	 1.73235e-04 
2.636 	 1.18402e-05 	 1.65910e-04 
2.638 	 1.13179e-05 	 1.59036e-04 
2.640 	 1.08270e-05 	 1.52604e-04 
2.642 	 1.03666e-05 	 1.46598e-04 
2.644 	 9.93589e-06 	 1.41001e-04 
2.646 	 9.53343e-06 	 1.35794e-04 
2.648 	 9.15784e-06 	 1.30955e-04 
2.650 	 8.80752e-06 	 1.26459e-04 
2.652 	 8.48072e-06 	 1.22280e-04 
2.654 	 8.17556e-06 	 1.18390e-04 
2.656 	 7.89007e-06 	 1.14759e-04 
2.658 	 7.62214e-06 	 1.11355e-04 
2.660 	 7.36964e-06 	 1.08145e-04 
2.662 	 7.13037e-06 	 1.05096e-04 
2.664 	 6.90218e-06 	 1.02173e-04 
2.666 	 6.68300e-06 	 9.93456e-05 
2.668 	 6.47090e-06 	 9.65835e-05 
2.670 	 6.26419e-06 	 9.38611e-05 
2.672 	 6.06150e-06 	 9.11575e-05 
2.674 	 5.86175e-06 	 8.84573e-05 
2.676 	 5.66425e-06 	 8.57512e-05 
2.678 	 5.46866e-06 	 8.30361e-05 
2.680 	 5.27495e-06 	 8.03141e-05 
2.682 	 5.08339e-06 	 7.75916e-05 
2.684 	 4.89440e-06 	 7.48788e-05 
2.686 	 4.70857e-06 	 7.21872e-05 
2.688 	 4.52649e-06 	 6.95295e-05 
2.690 	 4.34879e-06 	 6.69181e-05 
2.692 	 4.17600e-06 	 6.43642e-05 
2.694 	 4.00861e-06 	 6.18774e-05 
2.696 	 3.84697e-06 	 5.94657e-05 
2.698 	 3.69135e-06 	 5.71352e-05 
2.700 	 3.54192e-06 	 5.48902e-05 
