Energy [eV] EELS_b EELS_a 
2.500 	 1.36053e-09 	 1.29177e-07 
2.502 	 1.39485e-09 	 1.32927e-07 
2.504 	 1.43074e-09 	 1.36852e-07 
2.506 	 1.46826e-09 	 1.40964e-07 
2.508 	 1.50750e-09 	 1.45273e-07 
2.510 	 1.54857e-09 	 1.49790e-07 
2.512 	 1.59154e-09 	 1.54526e-07 
2.514 	 1.63653e-09 	 1.59494e-07 
2.516 	 1.68363e-09 	 1.64707e-07 
2.519 	 1.73295e-09 	 1.70178e-07 
2.521 	 1.78459e-09 	 1.75920e-07 
2.523 	 1.83868e-09 	 1.81949e-07 
2.525 	 1.89532e-09 	 1.88278e-07 
2.527 	 1.95462e-09 	 1.94922e-07 
2.529 	 2.01670e-09 	 2.01897e-07 
2.531 	 2.08166e-09 	 2.09217e-07 
2.533 	 2.14961e-09 	 2.16897e-07 
2.535 	 2.22064e-09 	 2.24951e-07 
2.537 	 2.29483e-09 	 2.33391e-07 
2.539 	 2.37225e-09 	 2.42229e-07 
2.541 	 2.45294e-09 	 2.51475e-07 
2.543 	 2.53692e-09 	 2.61135e-07 
2.545 	 2.62417e-09 	 2.71211e-07 
2.547 	 2.71464e-09 	 2.81703e-07 
2.549 	 2.80820e-09 	 2.92604e-07 
2.551 	 2.90468e-09 	 3.03898e-07 
2.553 	 3.00383e-09 	 3.15564e-07 
2.555 	 3.10531e-09 	 3.27569e-07 
2.557 	 3.20869e-09 	 3.39868e-07 
2.559 	 3.31339e-09 	 3.52404e-07 
2.561 	 3.41876e-09 	 3.65105e-07 
2.563 	 3.52397e-09 	 3.77882e-07 
2.565 	 3.62805e-09 	 3.90626e-07 
2.567 	 3.72990e-09 	 4.03214e-07 
2.569 	 3.82827e-09 	 4.15502e-07 
2.571 	 3.92178e-09 	 4.27328e-07 
2.573 	 4.00891e-09 	 4.38516e-07 
2.575 	 4.08810e-09 	 4.48879e-07 
2.577 	 4.15773e-09 	 4.58221e-07 
2.579 	 4.21621e-09 	 4.66346e-07 
2.581 	 4.26201e-09 	 4.73067e-07 
2.583 	 4.29377e-09 	 4.78211e-07 
2.585 	 4.31035e-09 	 4.81630e-07 
2.587 	 4.31089e-09 	 4.83208e-07 
2.589 	 4.29487e-09 	 4.82872e-07 
2.591 	 4.26218e-09 	 4.80591e-07 
2.593 	 4.21307e-09 	 4.76382e-07 
2.595 	 4.14823e-09 	 4.70312e-07 
2.597 	 4.06868e-09 	 4.62491e-07 
2.599 	 3.97577e-09 	 4.53069e-07 
2.601 	 3.87112e-09 	 4.42226e-07 
2.603 	 3.75650e-09 	 4.30164e-07 
2.605 	 3.63379e-09 	 4.17099e-07 
2.607 	 3.50488e-09 	 4.03249e-07 
2.609 	 3.37161e-09 	 3.88829e-07 
2.611 	 3.23574e-09 	 3.74042e-07 
2.613 	 3.09887e-09 	 3.59075e-07 
2.615 	 2.96242e-09 	 3.44095e-07 
2.618 	 2.82762e-09 	 3.29247e-07 
2.620 	 2.69553e-09 	 3.14655e-07 
2.622 	 2.56699e-09 	 3.00420e-07 
2.624 	 2.44268e-09 	 2.86624e-07 
2.626 	 2.32312e-09 	 2.73328e-07 
2.628 	 2.20866e-09 	 2.60580e-07 
2.630 	 2.09956e-09 	 2.48409e-07 
2.632 	 1.99595e-09 	 2.36835e-07 
2.634 	 1.89787e-09 	 2.25866e-07 
2.636 	 1.80529e-09 	 2.15502e-07 
2.638 	 1.71813e-09 	 2.05734e-07 
2.640 	 1.63623e-09 	 1.96551e-07 
2.642 	 1.55942e-09 	 1.87934e-07 
2.644 	 1.48750e-09 	 1.79860e-07 
2.646 	 1.42022e-09 	 1.72306e-07 
2.648 	 1.35734e-09 	 1.65244e-07 
2.650 	 1.29857e-09 	 1.58643e-07 
2.652 	 1.24363e-09 	 1.52472e-07 
2.654 	 1.19223e-09 	 1.46696e-07 
2.656 	 1.14404e-09 	 1.41281e-07 
2.658 	 1.09876e-09 	 1.36189e-07 
2.660 	 1.05606e-09 	 1.31382e-07 
2.662 	 1.01563e-09 	 1.26822e-07 
2.664 	 9.77146e-10 	 1.22472e-07 
2.666 	 9.40326e-10 	 1.18297e-07 
2.668 	 9.04898e-10 	 1.14263e-07 
2.670 	 8.70632e-10 	 1.10343e-07 
2.672 	 8.37334e-10 	 1.06512e-07 
2.674 	 8.04859e-10 	 1.02753e-07 
2.676 	 7.73108e-10 	 9.90544e-08 
2.678 	 7.42029e-10 	 9.54102e-08 
2.680 	 7.11608e-10 	 9.18201e-08 
2.682 	 6.81866e-10 	 8.82877e-08 
2.684 	 6.52846e-10 	 8.48200e-08 
2.686 	 6.24603e-10 	 8.14258e-08 
2.688 	 5.97199e-10 	 7.81146e-08 
2.690 	 5.70691e-10 	 7.48955e-08 
2.692 	 5.45130e-10 	 7.17768e-08 
2.694 	 5.20553e-10 	 6.87652e-08 
2.696 	 4.96987e-10 	 6.58658e-08 
2.698 	 4.74444e-10 	 6.30817e-08 
2.700 	 4.52925e-10 	 6.04148e-08 
