Energy [eV] EELS_b EELS_a 
2.500 	 1.39420e-11 	 5.53958e-11 
2.502 	 1.42632e-11 	 5.67288e-11 
2.504 	 1.45993e-11 	 5.81238e-11 
2.506 	 1.49511e-11 	 5.95841e-11 
2.508 	 1.53195e-11 	 6.11133e-11 
2.510 	 1.57053e-11 	 6.27151e-11 
2.512 	 1.61096e-11 	 6.43934e-11 
2.514 	 1.65331e-11 	 6.61522e-11 
2.516 	 1.69770e-11 	 6.79957e-11 
2.519 	 1.74423e-11 	 6.99283e-11 
2.521 	 1.79299e-11 	 7.19544e-11 
2.523 	 1.84410e-11 	 7.40786e-11 
2.525 	 1.89767e-11 	 7.63055e-11 
2.527 	 1.95381e-11 	 7.86398e-11 
2.529 	 2.01261e-11 	 8.10860e-11 
2.531 	 2.07419e-11 	 8.36486e-11 
2.533 	 2.13864e-11 	 8.63317e-11 
2.535 	 2.20605e-11 	 8.91393e-11 
2.537 	 2.27649e-11 	 9.20746e-11 
2.539 	 2.35001e-11 	 9.51403e-11 
2.541 	 2.42666e-11 	 9.83380e-11 
2.543 	 2.50644e-11 	 1.01668e-10 
2.545 	 2.58930e-11 	 1.05130e-10 
2.547 	 2.67516e-11 	 1.08720e-10 
2.549 	 2.76390e-11 	 1.12433e-10 
2.551 	 2.85529e-11 	 1.16261e-10 
2.553 	 2.94905e-11 	 1.20192e-10 
2.555 	 3.04479e-11 	 1.24212e-10 
2.557 	 3.14201e-11 	 1.28299e-10 
2.559 	 3.24009e-11 	 1.32428e-10 
2.561 	 3.33827e-11 	 1.36570e-10 
2.563 	 3.43565e-11 	 1.40687e-10 
2.565 	 3.53117e-11 	 1.44735e-10 
2.567 	 3.62361e-11 	 1.48664e-10 
2.569 	 3.71161e-11 	 1.52420e-10 
2.571 	 3.79369e-11 	 1.55939e-10 
2.573 	 3.86824e-11 	 1.59157e-10 
2.575 	 3.93363e-11 	 1.62005e-10 
2.577 	 3.98820e-11 	 1.64413e-10 
2.579 	 4.03035e-11 	 1.66315e-10 
2.581 	 4.05863e-11 	 1.67650e-10 
2.583 	 4.07180e-11 	 1.68365e-10 
2.585 	 4.06892e-11 	 1.68420e-10 
2.587 	 4.04940e-11 	 1.67787e-10 
2.589 	 4.01306e-11 	 1.66458e-10 
2.591 	 3.96017e-11 	 1.64440e-10 
2.593 	 3.89141e-11 	 1.61761e-10 
2.595 	 3.80787e-11 	 1.58462e-10 
2.597 	 3.71099e-11 	 1.54603e-10 
2.599 	 3.60248e-11 	 1.50251e-10 
2.601 	 3.48426e-11 	 1.45485e-10 
2.603 	 3.35831e-11 	 1.40386e-10 
2.605 	 3.22666e-11 	 1.35037e-10 
2.607 	 3.09124e-11 	 1.29518e-10 
2.609 	 2.95388e-11 	 1.23906e-10 
2.611 	 2.81623e-11 	 1.18268e-10 
2.613 	 2.67973e-11 	 1.12666e-10 
2.615 	 2.54561e-11 	 1.07150e-10 
2.618 	 2.41489e-11 	 1.01765e-10 
2.620 	 2.28838e-11 	 9.65443e-11 
2.622 	 2.16669e-11 	 9.15148e-11 
2.624 	 2.05026e-11 	 8.66960e-11 
2.626 	 1.93938e-11 	 8.21010e-11 
2.628 	 1.83423e-11 	 7.77375e-11 
2.630 	 1.73485e-11 	 7.36089e-11 
2.632 	 1.64123e-11 	 6.97150e-11 
2.634 	 1.55326e-11 	 6.60524e-11 
2.636 	 1.47079e-11 	 6.26156e-11 
2.638 	 1.39364e-11 	 5.93972e-11 
2.640 	 1.32158e-11 	 5.63886e-11 
2.642 	 1.25436e-11 	 5.35801e-11 
2.644 	 1.19173e-11 	 5.09612e-11 
2.646 	 1.13341e-11 	 4.85211e-11 
2.648 	 1.07913e-11 	 4.62484e-11 
2.650 	 1.02860e-11 	 4.41314e-11 
2.652 	 9.81533e-12 	 4.21583e-11 
2.654 	 9.37635e-12 	 4.03171e-11 
2.656 	 8.96615e-12 	 3.85956e-11 
2.658 	 8.58181e-12 	 3.69816e-11 
2.660 	 8.22043e-12 	 3.54630e-11 
2.662 	 7.87922e-12 	 3.40281e-11 
2.664 	 7.55549e-12 	 3.26655e-11 
2.666 	 7.24674e-12 	 3.13645e-11 
2.668 	 6.95071e-12 	 3.01158e-11 
2.670 	 6.66546e-12 	 2.89110e-11 
2.672 	 6.38939e-12 	 2.77433e-11 
2.674 	 6.12130e-12 	 2.66076e-11 
2.676 	 5.86035e-12 	 2.55004e-11 
2.678 	 5.60608e-12 	 2.44199e-11 
2.680 	 5.35836e-12 	 2.33655e-11 
2.682 	 5.11728e-12 	 2.23377e-11 
2.684 	 4.88312e-12 	 2.13380e-11 
2.686 	 4.65625e-12 	 2.03679e-11 
2.688 	 4.43706e-12 	 1.94293e-11 
2.690 	 4.22593e-12 	 1.85241e-11 
2.692 	 4.02316e-12 	 1.76535e-11 
2.694 	 3.82896e-12 	 1.68188e-11 
2.696 	 3.64345e-12 	 1.60205e-11 
2.698 	 3.46664e-12 	 1.52587e-11 
2.700 	 3.29845e-12 	 1.45334e-11 
