Energy [eV] EELS_b EELS_a 
2.500 	 5.01679e-07 	 1.12944e-05 
2.502 	 5.17500e-07 	 1.16696e-05 
2.504 	 5.34105e-07 	 1.20635e-05 
2.506 	 5.51542e-07 	 1.24772e-05 
2.508 	 5.69863e-07 	 1.29118e-05 
2.510 	 5.89120e-07 	 1.33687e-05 
2.512 	 6.09371e-07 	 1.38491e-05 
2.514 	 6.30676e-07 	 1.43544e-05 
2.516 	 6.53098e-07 	 1.48862e-05 
2.519 	 6.76704e-07 	 1.54459e-05 
2.521 	 7.01565e-07 	 1.60352e-05 
2.523 	 7.27753e-07 	 1.66557e-05 
2.525 	 7.55344e-07 	 1.73093e-05 
2.527 	 7.84417e-07 	 1.79976e-05 
2.529 	 8.15053e-07 	 1.87224e-05 
2.531 	 8.47334e-07 	 1.94857e-05 
2.533 	 8.81340e-07 	 2.02892e-05 
2.535 	 9.17155e-07 	 2.11346e-05 
2.537 	 9.54855e-07 	 2.20237e-05 
2.539 	 9.94515e-07 	 2.29580e-05 
2.541 	 1.03620e-06 	 2.39388e-05 
2.543 	 1.07997e-06 	 2.49671e-05 
2.545 	 1.12585e-06 	 2.60436e-05 
2.547 	 1.17388e-06 	 2.71685e-05 
2.549 	 1.22405e-06 	 2.83413e-05 
2.551 	 1.27631e-06 	 2.95608e-05 
2.553 	 1.33059e-06 	 3.08248e-05 
2.555 	 1.38677e-06 	 3.21298e-05 
2.557 	 1.44466e-06 	 3.34714e-05 
2.559 	 1.50400e-06 	 3.48432e-05 
2.561 	 1.56447e-06 	 3.62373e-05 
2.563 	 1.62564e-06 	 3.76437e-05 
2.565 	 1.68700e-06 	 3.90505e-05 
2.567 	 1.74793e-06 	 4.04436e-05 
2.569 	 1.80770e-06 	 4.18066e-05 
2.571 	 1.86550e-06 	 4.31213e-05 
2.573 	 1.92041e-06 	 4.43676e-05 
2.575 	 1.97145e-06 	 4.55243e-05 
2.577 	 2.01759e-06 	 4.65692e-05 
2.579 	 2.05780e-06 	 4.74805e-05 
2.581 	 2.09107e-06 	 4.82374e-05 
2.583 	 2.11651e-06 	 4.88211e-05 
2.585 	 2.13334e-06 	 4.92159e-05 
2.587 	 2.14097e-06 	 4.94100e-05 
2.589 	 2.13906e-06 	 4.93965e-05 
2.591 	 2.12751e-06 	 4.91738e-05 
2.593 	 2.10648e-06 	 4.87457e-05 
2.595 	 2.07639e-06 	 4.81212e-05 
2.597 	 2.03792e-06 	 4.73142e-05 
2.599 	 1.99191e-06 	 4.63423e-05 
2.601 	 1.93937e-06 	 4.52264e-05 
2.603 	 1.88139e-06 	 4.39891e-05 
2.605 	 1.81910e-06 	 4.26539e-05 
2.607 	 1.75363e-06 	 4.12443e-05 
2.609 	 1.68604e-06 	 3.97827e-05 
2.611 	 1.61731e-06 	 3.82900e-05 
2.613 	 1.54831e-06 	 3.67852e-05 
2.615 	 1.47982e-06 	 3.52847e-05 
2.618 	 1.41247e-06 	 3.38029e-05 
2.620 	 1.34678e-06 	 3.23514e-05 
2.622 	 1.28316e-06 	 3.09399e-05 
2.624 	 1.22194e-06 	 2.95759e-05 
2.626 	 1.16332e-06 	 2.82649e-05 
2.628 	 1.10746e-06 	 2.70109e-05 
2.630 	 1.05445e-06 	 2.58166e-05 
2.632 	 1.00432e-06 	 2.46834e-05 
2.634 	 9.57062e-07 	 2.36116e-05 
2.636 	 9.12625e-07 	 2.26011e-05 
2.638 	 8.70944e-07 	 2.16508e-05 
2.640 	 8.31927e-07 	 2.07591e-05 
2.642 	 7.95467e-07 	 1.99242e-05 
2.644 	 7.61445e-07 	 1.91436e-05 
2.646 	 7.29730e-07 	 1.84149e-05 
2.648 	 7.00185e-07 	 1.77351e-05 
2.650 	 6.72662e-07 	 1.71011e-05 
2.652 	 6.47010e-07 	 1.65094e-05 
2.654 	 6.23070e-07 	 1.59566e-05 
2.656 	 6.00677e-07 	 1.54387e-05 
2.658 	 5.79662e-07 	 1.49518e-05 
2.660 	 5.59854e-07 	 1.44917e-05 
2.662 	 5.41081e-07 	 1.40542e-05 
2.664 	 5.23175e-07 	 1.36351e-05 
2.666 	 5.05978e-07 	 1.32304e-05 
2.668 	 4.89343e-07 	 1.28366e-05 
2.670 	 4.73144e-07 	 1.24504e-05 
2.672 	 4.57277e-07 	 1.20691e-05 
2.674 	 4.41663e-07 	 1.16909e-05 
2.676 	 4.26254e-07 	 1.13147e-05 
2.678 	 4.11023e-07 	 1.09398e-05 
2.680 	 3.95973e-07 	 1.05666e-05 
2.682 	 3.81122e-07 	 1.01958e-05 
2.684 	 3.66505e-07 	 9.82839e-06 
2.686 	 3.52163e-07 	 9.46580e-06 
2.688 	 3.38142e-07 	 9.10943e-06 
2.690 	 3.24486e-07 	 8.76067e-06 
2.692 	 3.11234e-07 	 8.42078e-06 
2.694 	 2.98420e-07 	 8.09083e-06 
2.696 	 2.86069e-07 	 7.77168e-06 
2.698 	 2.74197e-07 	 7.46395e-06 
2.700 	 2.62815e-07 	 7.16805e-06 
