Energy [eV] EELS_b EELS_a 
2.500 	 1.20243e-07 	 3.73334e-06 
2.502 	 1.23893e-07 	 3.85313e-06 
2.504 	 1.27720e-07 	 3.97874e-06 
2.506 	 1.31734e-07 	 4.11052e-06 
2.508 	 1.35946e-07 	 4.24882e-06 
2.510 	 1.40367e-07 	 4.39403e-06 
2.512 	 1.45011e-07 	 4.54655e-06 
2.514 	 1.49888e-07 	 4.70679e-06 
2.516 	 1.55014e-07 	 4.87519e-06 
2.519 	 1.60401e-07 	 5.05221e-06 
2.521 	 1.66063e-07 	 5.23833e-06 
2.523 	 1.72017e-07 	 5.43405e-06 
2.525 	 1.78277e-07 	 5.63985e-06 
2.527 	 1.84858e-07 	 5.85627e-06 
2.529 	 1.91777e-07 	 6.08382e-06 
2.531 	 1.99048e-07 	 6.32301e-06 
2.533 	 2.06687e-07 	 6.57435e-06 
2.535 	 2.14708e-07 	 6.83832e-06 
2.537 	 2.23124e-07 	 7.11537e-06 
2.539 	 2.31946e-07 	 7.40590e-06 
2.541 	 2.41184e-07 	 7.71024e-06 
2.543 	 2.50842e-07 	 8.02859e-06 
2.545 	 2.60923e-07 	 8.36107e-06 
2.547 	 2.71422e-07 	 8.70760e-06 
2.549 	 2.82330e-07 	 9.06793e-06 
2.551 	 2.93627e-07 	 9.44153e-06 
2.553 	 3.05284e-07 	 9.82759e-06 
2.555 	 3.17263e-07 	 1.02250e-05 
2.557 	 3.29510e-07 	 1.06320e-05 
2.559 	 3.41956e-07 	 1.10468e-05 
2.561 	 3.54516e-07 	 1.14667e-05 
2.563 	 3.67086e-07 	 1.18886e-05 
2.565 	 3.79544e-07 	 1.23088e-05 
2.567 	 3.91745e-07 	 1.27229e-05 
2.569 	 4.03529e-07 	 1.31260e-05 
2.571 	 4.14718e-07 	 1.35126e-05 
2.573 	 4.25120e-07 	 1.38767e-05 
2.575 	 4.34535e-07 	 1.42121e-05 
2.577 	 4.42762e-07 	 1.45124e-05 
2.579 	 4.49606e-07 	 1.47713e-05 
2.581 	 4.54888e-07 	 1.49830e-05 
2.583 	 4.58453e-07 	 1.51421e-05 
2.585 	 4.60182e-07 	 1.52443e-05 
2.587 	 4.59996e-07 	 1.52865e-05 
2.589 	 4.57864e-07 	 1.52670e-05 
2.591 	 4.53805e-07 	 1.51856e-05 
2.593 	 4.47889e-07 	 1.50435e-05 
2.595 	 4.40231e-07 	 1.48436e-05 
2.597 	 4.30986e-07 	 1.45900e-05 
2.599 	 4.20341e-07 	 1.42879e-05 
2.601 	 4.08505e-07 	 1.39433e-05 
2.603 	 3.95698e-07 	 1.35629e-05 
2.605 	 3.82143e-07 	 1.31535e-05 
2.607 	 3.68054e-07 	 1.27220e-05 
2.609 	 3.53636e-07 	 1.22748e-05 
2.611 	 3.39073e-07 	 1.18181e-05 
2.613 	 3.24529e-07 	 1.13575e-05 
2.615 	 3.10145e-07 	 1.08978e-05 
2.618 	 2.96041e-07 	 1.04434e-05 
2.620 	 2.82311e-07 	 9.99767e-06 
2.622 	 2.69031e-07 	 9.56364e-06 
2.624 	 2.56259e-07 	 9.14355e-06 
2.626 	 2.44035e-07 	 8.73916e-06 
2.628 	 2.32384e-07 	 8.35174e-06 
2.630 	 2.21323e-07 	 7.98212e-06 
2.632 	 2.10856e-07 	 7.63082e-06 
2.634 	 2.00979e-07 	 7.29801e-06 
2.636 	 1.91683e-07 	 6.98367e-06 
2.638 	 1.82954e-07 	 6.68753e-06 
2.640 	 1.74772e-07 	 6.40919e-06 
2.642 	 1.67116e-07 	 6.14808e-06 
2.644 	 1.59961e-07 	 5.90355e-06 
2.646 	 1.53281e-07 	 5.67484e-06 
2.648 	 1.47048e-07 	 5.46109e-06 
2.650 	 1.41232e-07 	 5.26138e-06 
2.652 	 1.35802e-07 	 5.07471e-06 
2.654 	 1.30726e-07 	 4.90000e-06 
2.656 	 1.25970e-07 	 4.73611e-06 
2.658 	 1.21499e-07 	 4.58185e-06 
2.660 	 1.17279e-07 	 4.43599e-06 
2.662 	 1.13274e-07 	 4.29727e-06 
2.664 	 1.09452e-07 	 4.16446e-06 
2.666 	 1.05778e-07 	 4.03638e-06 
2.668 	 1.02224e-07 	 3.91194e-06 
2.670 	 9.87639e-08 	 3.79019e-06 
2.672 	 9.53768e-08 	 3.67034e-06 
2.674 	 9.20472e-08 	 3.55183e-06 
2.676 	 8.87650e-08 	 3.43430e-06 
2.678 	 8.55256e-08 	 3.31760e-06 
2.680 	 8.23293e-08 	 3.20176e-06 
2.682 	 7.91801e-08 	 3.08699e-06 
2.684 	 7.60851e-08 	 2.97359e-06 
2.686 	 7.30528e-08 	 2.86194e-06 
2.688 	 7.00924e-08 	 2.75244e-06 
2.690 	 6.72127e-08 	 2.64547e-06 
2.692 	 6.44215e-08 	 2.54139e-06 
2.694 	 6.17253e-08 	 2.44050e-06 
2.696 	 5.91289e-08 	 2.34302e-06 
2.698 	 5.66356e-08 	 2.24913e-06 
2.700 	 5.42469e-08 	 2.15893e-06 
