Energy [eV] EELS_b EELS_a 
2.500 	 2.21122e-07 	 9.84795e-07 
2.502 	 2.27965e-07 	 1.01612e-06 
2.504 	 2.35145e-07 	 1.04899e-06 
2.506 	 2.42680e-07 	 1.08349e-06 
2.508 	 2.50592e-07 	 1.11972e-06 
2.510 	 2.58904e-07 	 1.15779e-06 
2.512 	 2.67638e-07 	 1.19779e-06 
2.514 	 2.76821e-07 	 1.23986e-06 
2.516 	 2.86477e-07 	 1.28411e-06 
2.519 	 2.96635e-07 	 1.33066e-06 
2.521 	 3.07323e-07 	 1.37964e-06 
2.523 	 3.18572e-07 	 1.43120e-06 
2.525 	 3.30410e-07 	 1.48547e-06 
2.527 	 3.42871e-07 	 1.54261e-06 
2.529 	 3.55985e-07 	 1.60274e-06 
2.531 	 3.69786e-07 	 1.66603e-06 
2.533 	 3.84304e-07 	 1.73262e-06 
2.535 	 3.99569e-07 	 1.80264e-06 
2.537 	 4.15612e-07 	 1.87624e-06 
2.539 	 4.32457e-07 	 1.95353e-06 
2.541 	 4.50127e-07 	 2.03462e-06 
2.543 	 4.68639e-07 	 2.11958e-06 
2.545 	 4.88000e-07 	 2.20845e-06 
2.547 	 5.08210e-07 	 2.30124e-06 
2.549 	 5.29257e-07 	 2.39789e-06 
2.551 	 5.51114e-07 	 2.49828e-06 
2.553 	 5.73733e-07 	 2.60222e-06 
2.555 	 5.97049e-07 	 2.70939e-06 
2.557 	 6.20967e-07 	 2.81939e-06 
2.559 	 6.45365e-07 	 2.93166e-06 
2.561 	 6.70088e-07 	 3.04551e-06 
2.563 	 6.94941e-07 	 3.16008e-06 
2.565 	 7.19695e-07 	 3.27432e-06 
2.567 	 7.44075e-07 	 3.38702e-06 
2.569 	 7.67771e-07 	 3.49678e-06 
2.571 	 7.90433e-07 	 3.60204e-06 
2.573 	 8.11683e-07 	 3.70109e-06 
2.575 	 8.31119e-07 	 3.79213e-06 
2.577 	 8.48331e-07 	 3.87331e-06 
2.579 	 8.62918e-07 	 3.94281e-06 
2.581 	 8.74503e-07 	 3.99892e-06 
2.583 	 8.82754e-07 	 4.04014e-06 
2.585 	 8.87406e-07 	 4.06522e-06 
2.587 	 8.88275e-07 	 4.07329e-06 
2.589 	 8.85271e-07 	 4.06391e-06 
2.591 	 8.78410e-07 	 4.03708e-06 
2.593 	 8.67806e-07 	 3.99325e-06 
2.595 	 8.53676e-07 	 3.93332e-06 
2.597 	 8.36319e-07 	 3.85859e-06 
2.599 	 8.16103e-07 	 3.77065e-06 
2.601 	 7.93443e-07 	 3.67132e-06 
2.603 	 7.68782e-07 	 3.56256e-06 
2.605 	 7.42569e-07 	 3.44638e-06 
2.607 	 7.15242e-07 	 3.32473e-06 
2.609 	 6.87213e-07 	 3.19948e-06 
2.611 	 6.58858e-07 	 3.07234e-06 
2.613 	 6.30513e-07 	 2.94484e-06 
2.615 	 6.02462e-07 	 2.81830e-06 
2.618 	 5.74947e-07 	 2.69385e-06 
2.620 	 5.48162e-07 	 2.57239e-06 
2.622 	 5.22259e-07 	 2.45467e-06 
2.624 	 4.97353e-07 	 2.34124e-06 
2.626 	 4.73526e-07 	 2.23251e-06 
2.628 	 4.50831e-07 	 2.12874e-06 
2.630 	 4.29295e-07 	 2.03011e-06 
2.632 	 4.08928e-07 	 1.93669e-06 
2.634 	 3.89724e-07 	 1.84848e-06 
2.636 	 3.71662e-07 	 1.76540e-06 
2.638 	 3.54713e-07 	 1.68735e-06 
2.640 	 3.38839e-07 	 1.61417e-06 
2.642 	 3.23997e-07 	 1.54569e-06 
2.644 	 3.10138e-07 	 1.48168e-06 
2.646 	 2.97208e-07 	 1.42194e-06 
2.648 	 2.85154e-07 	 1.36619e-06 
2.650 	 2.73915e-07 	 1.31420e-06 
2.652 	 2.63431e-07 	 1.26567e-06 
2.654 	 2.53637e-07 	 1.22031e-06 
2.656 	 2.44468e-07 	 1.17782e-06 
2.658 	 2.35855e-07 	 1.13789e-06 
2.660 	 2.27730e-07 	 1.10018e-06 
2.662 	 2.20023e-07 	 1.06438e-06 
2.664 	 2.12669e-07 	 1.03017e-06 
2.666 	 2.05602e-07 	 9.97249e-07 
2.668 	 1.98766e-07 	 9.65333e-07 
2.670 	 1.92108e-07 	 9.34182e-07 
2.672 	 1.85589e-07 	 9.03600e-07 
2.674 	 1.79176e-07 	 8.73440e-07 
2.676 	 1.72851e-07 	 8.43609e-07 
2.678 	 1.66604e-07 	 8.14066e-07 
2.680 	 1.60435e-07 	 7.84816e-07 
2.682 	 1.54353e-07 	 7.55905e-07 
2.684 	 1.48371e-07 	 7.27403e-07 
2.686 	 1.42506e-07 	 6.99399e-07 
2.688 	 1.36777e-07 	 6.71986e-07 
2.690 	 1.31201e-07 	 6.45255e-07 
2.692 	 1.25793e-07 	 6.19289e-07 
2.694 	 1.20567e-07 	 5.94155e-07 
2.696 	 1.15532e-07 	 5.69907e-07 
2.698 	 1.10695e-07 	 5.46582e-07 
2.700 	 1.06060e-07 	 5.24201e-07 
