Energy [eV] EELS_b EELS_a 
2.500 	 9.36038e-07 	 4.39688e-06 
2.502 	 9.65817e-07 	 4.54123e-06 
2.504 	 9.97079e-07 	 4.69281e-06 
2.506 	 1.02991e-06 	 4.85207e-06 
2.508 	 1.06442e-06 	 5.01947e-06 
2.510 	 1.10070e-06 	 5.19550e-06 
2.512 	 1.13885e-06 	 5.38072e-06 
2.514 	 1.17901e-06 	 5.57566e-06 
2.516 	 1.22128e-06 	 5.78093e-06 
2.519 	 1.26580e-06 	 5.99715e-06 
2.521 	 1.31271e-06 	 6.22497e-06 
2.523 	 1.36213e-06 	 6.46510e-06 
2.525 	 1.41423e-06 	 6.71823e-06 
2.527 	 1.46916e-06 	 6.98511e-06 
2.529 	 1.52706e-06 	 7.26651e-06 
2.531 	 1.58811e-06 	 7.56319e-06 
2.533 	 1.65247e-06 	 7.87595e-06 
2.535 	 1.72030e-06 	 8.20556e-06 
2.537 	 1.79177e-06 	 8.55278e-06 
2.539 	 1.86701e-06 	 8.91834e-06 
2.541 	 1.94618e-06 	 9.30288e-06 
2.543 	 2.02940e-06 	 9.70698e-06 
2.545 	 2.11677e-06 	 1.01311e-05 
2.547 	 2.20835e-06 	 1.05755e-05 
2.549 	 2.30416e-06 	 1.10401e-05 
2.551 	 2.40416e-06 	 1.15249e-05 
2.553 	 2.50825e-06 	 1.20292e-05 
2.555 	 2.61624e-06 	 1.25519e-05 
2.557 	 2.72781e-06 	 1.30915e-05 
2.559 	 2.84256e-06 	 1.36460e-05 
2.561 	 2.95989e-06 	 1.42124e-05 
2.563 	 3.07908e-06 	 1.47872e-05 
2.565 	 3.19921e-06 	 1.53657e-05 
2.567 	 3.31916e-06 	 1.59427e-05 
2.569 	 3.43760e-06 	 1.65116e-05 
2.571 	 3.55303e-06 	 1.70652e-05 
2.573 	 3.66371e-06 	 1.75953e-05 
2.575 	 3.76779e-06 	 1.80930e-05 
2.577 	 3.86327e-06 	 1.85490e-05 
2.579 	 3.94811e-06 	 1.89536e-05 
2.581 	 4.02032e-06 	 1.92976e-05 
2.583 	 4.07801e-06 	 1.95722e-05 
2.585 	 4.11953e-06 	 1.97700e-05 
2.587 	 4.14355e-06 	 1.98849e-05 
2.589 	 4.14917e-06 	 1.99128e-05 
2.591 	 4.13596e-06 	 1.98521e-05 
2.593 	 4.10400e-06 	 1.97033e-05 
2.595 	 4.05391e-06 	 1.94694e-05 
2.597 	 3.98678e-06 	 1.91557e-05 
2.599 	 3.90413e-06 	 1.87693e-05 
2.601 	 3.80783e-06 	 1.83189e-05 
2.603 	 3.69994e-06 	 1.78142e-05 
2.605 	 3.58267e-06 	 1.72654e-05 
2.607 	 3.45823e-06 	 1.66827e-05 
2.609 	 3.32876e-06 	 1.60762e-05 
2.611 	 3.19628e-06 	 1.54550e-05 
2.613 	 3.06259e-06 	 1.48277e-05 
2.615 	 2.92928e-06 	 1.42016e-05 
2.618 	 2.79771e-06 	 1.35831e-05 
2.620 	 2.66898e-06 	 1.29773e-05 
2.622 	 2.54401e-06 	 1.23885e-05 
2.624 	 2.42347e-06 	 1.18201e-05 
2.626 	 2.30787e-06 	 1.12743e-05 
2.628 	 2.19756e-06 	 1.07530e-05 
2.630 	 2.09275e-06 	 1.02572e-05 
2.632 	 1.99354e-06 	 9.78737e-06 
2.634 	 1.89995e-06 	 9.34376e-06 
2.636 	 1.81190e-06 	 8.92612e-06 
2.638 	 1.72929e-06 	 8.53394e-06 
2.640 	 1.65194e-06 	 8.16651e-06 
2.642 	 1.57965e-06 	 7.82294e-06 
2.644 	 1.51219e-06 	 7.50220e-06 
2.646 	 1.44932e-06 	 7.20313e-06 
2.648 	 1.39075e-06 	 6.92449e-06 
2.650 	 1.33622e-06 	 6.66494e-06 
2.652 	 1.28540e-06 	 6.42306e-06 
2.654 	 1.23800e-06 	 6.19734e-06 
2.656 	 1.19368e-06 	 5.98622e-06 
2.658 	 1.15211e-06 	 5.78805e-06 
2.660 	 1.11295e-06 	 5.60117e-06 
2.662 	 1.07585e-06 	 5.42389e-06 
2.664 	 1.04048e-06 	 5.25454e-06 
2.666 	 1.00652e-06 	 5.09154e-06 
2.668 	 9.73676e-07 	 4.93344e-06 
2.670 	 9.41695e-07 	 4.77897e-06 
2.672 	 9.10368e-07 	 4.62707e-06 
2.674 	 8.79537e-07 	 4.47699e-06 
2.676 	 8.49097e-07 	 4.32821e-06 
2.678 	 8.19001e-07 	 4.18052e-06 
2.680 	 7.89247e-07 	 4.03396e-06 
2.682 	 7.59873e-07 	 3.88875e-06 
2.684 	 7.30947e-07 	 3.74528e-06 
2.686 	 7.02551e-07 	 3.60403e-06 
2.688 	 6.74777e-07 	 3.46549e-06 
2.690 	 6.47713e-07 	 3.33017e-06 
2.692 	 6.21440e-07 	 3.19851e-06 
2.694 	 5.96023e-07 	 3.07089e-06 
2.696 	 5.71514e-07 	 2.94761e-06 
2.698 	 5.47948e-07 	 2.82889e-06 
2.700 	 5.25347e-07 	 2.71487e-06 
