Energy [eV] EELS_b EELS_a 
2.500 	 1.70933e-13 	 1.63623e-10 
2.502 	 1.71773e-13 	 1.65317e-10 
2.504 	 1.72707e-13 	 1.67114e-10 
2.506 	 1.73745e-13 	 1.69026e-10 
2.508 	 1.74890e-13 	 1.71057e-10 
2.510 	 1.76139e-13 	 1.73208e-10 
2.512 	 1.77496e-13 	 1.75481e-10 
2.514 	 1.78975e-13 	 1.77896e-10 
2.516 	 1.80572e-13 	 1.80446e-10 
2.519 	 1.82297e-13 	 1.83146e-10 
2.521 	 1.84153e-13 	 1.86004e-10 
2.523 	 1.86147e-13 	 1.89025e-10 
2.525 	 1.88286e-13 	 1.92220e-10 
2.527 	 1.90577e-13 	 1.95599e-10 
2.529 	 1.93030e-13 	 1.99173e-10 
2.531 	 1.95639e-13 	 2.02942e-10 
2.533 	 1.98429e-13 	 2.06933e-10 
2.535 	 2.01396e-13 	 2.11147e-10 
2.537 	 2.04559e-13 	 2.15605e-10 
2.539 	 2.07919e-13 	 2.20311e-10 
2.541 	 2.11490e-13 	 2.25286e-10 
2.543 	 2.15284e-13 	 2.30546e-10 
2.545 	 2.19303e-13 	 2.36096e-10 
2.547 	 2.23567e-13 	 2.41965e-10 
2.549 	 2.28085e-13 	 2.48167e-10 
2.551 	 2.32869e-13 	 2.54715e-10 
2.553 	 2.37928e-13 	 2.61633e-10 
2.555 	 2.43275e-13 	 2.68934e-10 
2.557 	 2.48921e-13 	 2.76639e-10 
2.559 	 2.54877e-13 	 2.84765e-10 
2.561 	 2.61154e-13 	 2.93333e-10 
2.563 	 2.67760e-13 	 3.02358e-10 
2.565 	 2.74702e-13 	 3.11855e-10 
2.567 	 2.81985e-13 	 3.21839e-10 
2.569 	 2.89614e-13 	 3.32323e-10 
2.571 	 2.97581e-13 	 3.43306e-10 
2.573 	 3.05890e-13 	 3.54802e-10 
2.575 	 3.14518e-13 	 3.66793e-10 
2.577 	 3.23458e-13 	 3.79279e-10 
2.579 	 3.32674e-13 	 3.92229e-10 
2.581 	 3.42133e-13 	 4.05615e-10 
2.583 	 3.51786e-13 	 4.19385e-10 
2.585 	 3.61571e-13 	 4.33476e-10 
2.587 	 3.71414e-13 	 4.47808e-10 
2.589 	 3.81224e-13 	 4.62281e-10 
2.591 	 3.90891e-13 	 4.76768e-10 
2.593 	 4.00292e-13 	 4.91125e-10 
2.595 	 4.09289e-13 	 5.05189e-10 
2.597 	 4.17724e-13 	 5.18765e-10 
2.599 	 4.25435e-13 	 5.31657e-10 
2.601 	 4.32244e-13 	 5.43641e-10 
2.603 	 4.37980e-13 	 5.54492e-10 
2.605 	 4.42469e-13 	 5.63983e-10 
2.607 	 4.45554e-13 	 5.71899e-10 
2.609 	 4.47093e-13 	 5.78034e-10 
2.611 	 4.46984e-13 	 5.82225e-10 
2.613 	 4.45135e-13 	 5.84315e-10 
2.615 	 4.41524e-13 	 5.84222e-10 
2.618 	 4.36140e-13 	 5.81879e-10 
2.620 	 4.29052e-13 	 5.77299e-10 
2.622 	 4.20339e-13 	 5.70514e-10 
2.624 	 4.10131e-13 	 5.61615e-10 
2.626 	 3.98597e-13 	 5.50745e-10 
2.628 	 3.85927e-13 	 5.38076e-10 
2.630 	 3.72317e-13 	 5.23807e-10 
2.632 	 3.57990e-13 	 5.08177e-10 
2.634 	 3.43150e-13 	 4.91420e-10 
2.636 	 3.28006e-13 	 4.73787e-10 
2.638 	 3.12746e-13 	 4.55533e-10 
2.640 	 2.97549e-13 	 4.36899e-10 
2.642 	 2.82564e-13 	 4.18114e-10 
2.644 	 2.67923e-13 	 3.99385e-10 
2.646 	 2.53731e-13 	 3.80898e-10 
2.648 	 2.40070e-13 	 3.62809e-10 
2.650 	 2.27002e-13 	 3.45246e-10 
2.652 	 2.14568e-13 	 3.28312e-10 
2.654 	 2.02790e-13 	 3.12079e-10 
2.656 	 1.91678e-13 	 2.96601e-10 
2.658 	 1.81225e-13 	 2.81904e-10 
2.660 	 1.71417e-13 	 2.67995e-10 
2.662 	 1.62227e-13 	 2.54868e-10 
2.664 	 1.53625e-13 	 2.42497e-10 
2.666 	 1.45573e-13 	 2.30849e-10 
2.668 	 1.38036e-13 	 2.19888e-10 
2.670 	 1.30969e-13 	 2.09559e-10 
2.672 	 1.24333e-13 	 1.99820e-10 
2.674 	 1.18087e-13 	 1.90615e-10 
2.676 	 1.12195e-13 	 1.81894e-10 
2.678 	 1.06622e-13 	 1.73616e-10 
2.680 	 1.01339e-13 	 1.65736e-10 
2.682 	 9.63192e-14 	 1.58220e-10 
2.684 	 9.15405e-14 	 1.51034e-10 
2.686 	 8.69893e-14 	 1.44161e-10 
2.688 	 8.26505e-14 	 1.37579e-10 
2.690 	 7.85135e-14 	 1.31275e-10 
2.692 	 7.45702e-14 	 1.25240e-10 
2.694 	 7.08144e-14 	 1.19464e-10 
2.696 	 6.72406e-14 	 1.13941e-10 
2.698 	 6.38418e-14 	 1.08665e-10 
2.700 	 6.06136e-14 	 1.03630e-10 
