Energy [eV] Ext Cross [um^2] Abs Cross [um^2] Sca Cross [um^2] 
2.480 	 1.00827e-01 	 1.06642e-02 	 9.01632e-02 
2.443 	 1.09039e-01 	 1.06701e-02 	 9.83690e-02 
2.407 	 1.15577e-01 	 1.05603e-02 	 1.05016e-01 
2.373 	 1.20244e-01 	 1.03410e-02 	 1.09903e-01 
2.339 	 1.22980e-01 	 1.00244e-02 	 1.12956e-01 
2.306 	 1.23849e-01 	 9.62774e-03 	 1.14221e-01 
2.274 	 1.23021e-01 	 9.17060e-03 	 1.13851e-01 
2.243 	 1.20740e-01 	 8.67290e-03 	 1.12067e-01 
2.213 	 1.17287e-01 	 8.15375e-03 	 1.09133e-01 
2.184 	 1.12946e-01 	 7.62912e-03 	 1.05317e-01 
2.155 	 1.07986e-01 	 7.11221e-03 	 1.00874e-01 
2.127 	 1.02641e-01 	 6.61284e-03 	 9.60286e-02 
2.100 	 9.71072e-02 	 6.13782e-03 	 9.09694e-02 
2.074 	 9.15377e-02 	 5.69138e-03 	 8.58463e-02 
2.048 	 8.60490e-02 	 5.27566e-03 	 8.07733e-02 
2.023 	 8.07249e-02 	 4.89132e-03 	 7.58336e-02 
1.998 	 7.56221e-02 	 4.53781e-03 	 7.10843e-02 
1.974 	 7.07762e-02 	 4.21392e-03 	 6.65623e-02 
1.951 	 6.62070e-02 	 3.91805e-03 	 6.22889e-02 
1.928 	 6.19213e-02 	 3.64819e-03 	 5.82731e-02 
1.905 	 5.79175e-02 	 3.40225e-03 	 5.45152e-02 
1.884 	 5.41885e-02 	 3.17829e-03 	 5.10102e-02 
1.862 	 5.07231e-02 	 2.97432e-03 	 4.77488e-02 
1.841 	 4.75074e-02 	 2.78847e-03 	 4.47189e-02 
1.821 	 4.45264e-02 	 2.61897e-03 	 4.19074e-02 
1.801 	 4.17645e-02 	 2.46426e-03 	 3.93002e-02 
1.782 	 3.92063e-02 	 2.32290e-03 	 3.68834e-02 
1.763 	 3.68367e-02 	 2.19357e-03 	 3.46432e-02 
1.744 	 3.46414e-02 	 2.07507e-03 	 3.25663e-02 
1.726 	 3.26065e-02 	 1.96635e-03 	 3.06402e-02 
1.708 	 3.07196e-02 	 1.86645e-03 	 2.88531e-02 
1.690 	 2.89686e-02 	 1.77452e-03 	 2.71941e-02 
1.673 	 2.73426e-02 	 1.68980e-03 	 2.56528e-02 
1.656 	 2.58316e-02 	 1.61159e-03 	 2.42200e-02 
1.640 	 2.44261e-02 	 1.53930e-03 	 2.28868e-02 
1.623 	 2.31178e-02 	 1.47237e-03 	 2.16454e-02 
1.608 	 2.18988e-02 	 1.41031e-03 	 2.04885e-02 
1.592 	 2.07621e-02 	 1.35269e-03 	 1.94094e-02 
1.577 	 1.97010e-02 	 1.29910e-03 	 1.84019e-02 
1.562 	 1.87097e-02 	 1.24920e-03 	 1.74605e-02 
1.547 	 1.77827e-02 	 1.20267e-03 	 1.65800e-02 
1.533 	 1.69150e-02 	 1.15923e-03 	 1.57558e-02 
1.519 	 1.61022e-02 	 1.11860e-03 	 1.49836e-02 
1.505 	 1.53401e-02 	 1.08058e-03 	 1.42595e-02 
1.491 	 1.46249e-02 	 1.04493e-03 	 1.35800e-02 
1.478 	 1.39531e-02 	 1.01148e-03 	 1.29416e-02 
1.464 	 1.33216e-02 	 9.80053e-04 	 1.23415e-02 
1.452 	 1.27274e-02 	 9.50488e-04 	 1.17769e-02 
1.439 	 1.21679e-02 	 9.22647e-04 	 1.12453e-02 
1.426 	 1.16407e-02 	 8.96401e-04 	 1.07443e-02 
1.414 	 1.11434e-02 	 8.71631e-04 	 1.02718e-02 
1.402 	 1.06740e-02 	 8.48231e-04 	 9.82581e-03 
1.390 	 1.02307e-02 	 8.26101e-04 	 9.40459e-03 
1.379 	 9.81161e-03 	 8.05154e-04 	 9.00645e-03 
1.367 	 9.41517e-03 	 7.85308e-04 	 8.62986e-03 
1.356 	 9.03989e-03 	 7.66489e-04 	 8.27341e-03 
1.345 	 8.68440e-03 	 7.48626e-04 	 7.93578e-03 
1.334 	 8.34743e-03 	 7.31656e-04 	 7.61577e-03 
1.323 	 8.02778e-03 	 7.15521e-04 	 7.31226e-03 
1.313 	 7.72439e-03 	 7.00167e-04 	 7.02422e-03 
1.302 	 7.43624e-03 	 6.85545e-04 	 6.75070e-03 
1.292 	 7.16240e-03 	 6.71609e-04 	 6.49079e-03 
1.282 	 6.90200e-03 	 6.58318e-04 	 6.24368e-03 
1.272 	 6.65423e-03 	 6.45631e-04 	 6.00860e-03 
1.262 	 6.41834e-03 	 6.33513e-04 	 5.78483e-03 
1.253 	 6.19364e-03 	 6.21931e-04 	 5.57171e-03 
1.243 	 5.97949e-03 	 6.10852e-04 	 5.36863e-03 
1.234 	 5.77526e-03 	 6.00248e-04 	 5.17501e-03 
1.225 	 5.58041e-03 	 5.90093e-04 	 4.99032e-03 
1.216 	 5.39440e-03 	 5.80361e-04 	 4.81404e-03 
1.207 	 5.21675e-03 	 5.71029e-04 	 4.64572e-03 
1.198 	 5.04699e-03 	 5.62075e-04 	 4.48491e-03 
1.189 	 4.88469e-03 	 5.53479e-04 	 4.33121e-03 
1.181 	 4.72946e-03 	 5.45221e-04 	 4.18424e-03 
1.172 	 4.58092e-03 	 5.37285e-04 	 4.04363e-03 
1.164 	 4.43871e-03 	 5.29653e-04 	 3.90905e-03 
1.156 	 4.30250e-03 	 5.22310e-04 	 3.78019e-03 
1.148 	 4.17199e-03 	 5.15242e-04 	 3.65675e-03 
1.140 	 4.04688e-03 	 5.08434e-04 	 3.53844e-03 
1.132 	 3.92690e-03 	 5.01875e-04 	 3.42502e-03 
1.124 	 3.81179e-03 	 4.95551e-04 	 3.31624e-03 
1.117 	 3.70130e-03 	 4.89451e-04 	 3.21185e-03 
1.109 	 3.59522e-03 	 4.83565e-04 	 3.11166e-03 
1.102 	 3.49333e-03 	 4.77884e-04 	 3.01544e-03 
1.094 	 3.39542e-03 	 4.72397e-04 	 2.92302e-03 
1.087 	 3.30130e-03 	 4.67095e-04 	 2.83420e-03 
1.080 	 3.21079e-03 	 4.61970e-04 	 2.74882e-03 
1.073 	 3.12373e-03 	 4.57015e-04 	 2.66672e-03 
1.066 	 3.03996e-03 	 4.52221e-04 	 2.58774e-03 
1.059 	 2.95931e-03 	 4.47582e-04 	 2.51173e-03 
1.052 	 2.88165e-03 	 4.43090e-04 	 2.43856e-03 
1.046 	 2.80685e-03 	 4.38740e-04 	 2.36811e-03 
1.039 	 2.73476e-03 	 4.34525e-04 	 2.30024e-03 
1.032 	 2.66529e-03 	 4.30441e-04 	 2.23484e-03 
1.026 	 2.59830e-03 	 4.26481e-04 	 2.17181e-03 
1.020 	 2.53368e-03 	 4.22640e-04 	 2.11104e-03 
1.013 	 2.47135e-03 	 4.18914e-04 	 2.05243e-03 
1.007 	 2.41119e-03 	 4.15299e-04 	 1.99589e-03 
1.001 	 2.35311e-03 	 4.11788e-04 	 1.94133e-03 
0.995 	 2.29704e-03 	 4.08379e-04 	 1.88866e-03 
0.989 	 2.24287e-03 	 4.05068e-04 	 1.83780e-03 
0.983 	 2.19053e-03 	 4.01850e-04 	 1.78868e-03 
0.977 	 2.13996e-03 	 3.98722e-04 	 1.74123e-03 
0.971 	 2.09106e-03 	 3.95680e-04 	 1.69538e-03 
0.966 	 2.04378e-03 	 3.92722e-04 	 1.65106e-03 
0.960 	 1.99805e-03 	 3.89845e-04 	 1.60821e-03 
0.955 	 1.95381e-03 	 3.87045e-04 	 1.56677e-03 
0.949 	 1.91100e-03 	 3.84319e-04 	 1.52668e-03 
0.944 	 1.86956e-03 	 3.81666e-04 	 1.48790e-03 
0.938 	 1.82944e-03 	 3.79081e-04 	 1.45036e-03 
0.933 	 1.79059e-03 	 3.76564e-04 	 1.41402e-03 
0.928 	 1.75295e-03 	 3.74111e-04 	 1.37884e-03 
0.922 	 1.71649e-03 	 3.71721e-04 	 1.34477e-03 
0.917 	 1.68115e-03 	 3.69390e-04 	 1.31176e-03 
0.912 	 1.64690e-03 	 3.67118e-04 	 1.27978e-03 
0.907 	 1.61369e-03 	 3.64901e-04 	 1.24878e-03 
0.902 	 1.58148e-03 	 3.62739e-04 	 1.21874e-03 
0.897 	 1.55024e-03 	 3.60629e-04 	 1.18961e-03 
0.892 	 1.51994e-03 	 3.58570e-04 	 1.16137e-03 
0.888 	 1.49053e-03 	 3.56560e-04 	 1.13397e-03 
0.883 	 1.46199e-03 	 3.54598e-04 	 1.10739e-03 
0.878 	 1.43428e-03 	 3.52681e-04 	 1.08160e-03 
0.873 	 1.40738e-03 	 3.50809e-04 	 1.05657e-03 
0.869 	 1.38125e-03 	 3.48980e-04 	 1.03227e-03 
0.864 	 1.35587e-03 	 3.47193e-04 	 1.00868e-03 
0.860 	 1.33121e-03 	 3.45446e-04 	 9.85767e-04 
0.855 	 1.30725e-03 	 3.43738e-04 	 9.63515e-04 
0.851 	 1.28397e-03 	 3.42068e-04 	 9.41898e-04 
0.847 	 1.26133e-03 	 3.40434e-04 	 9.20894e-04 
0.842 	 1.23932e-03 	 3.38837e-04 	 9.00482e-04 
0.838 	 1.21792e-03 	 3.37274e-04 	 8.80642e-04 
0.834 	 1.19710e-03 	 3.35744e-04 	 8.61354e-04 
0.829 	 1.17685e-03 	 3.34248e-04 	 8.42600e-04 
0.825 	 1.15714e-03 	 3.32783e-04 	 8.24361e-04 
0.821 	 1.13797e-03 	 3.31349e-04 	 8.06622e-04 
0.817 	 1.11931e-03 	 3.29944e-04 	 7.89364e-04 
0.813 	 1.10114e-03 	 3.28569e-04 	 7.72573e-04 
0.809 	 1.08346e-03 	 3.27222e-04 	 7.56233e-04 
0.805 	 1.06623e-03 	 3.25903e-04 	 7.40329e-04 
0.801 	 1.04946e-03 	 3.24611e-04 	 7.24847e-04 
0.797 	 1.03312e-03 	 3.23344e-04 	 7.09774e-04 
0.793 	 1.01720e-03 	 3.22103e-04 	 6.95096e-04 
0.790 	 1.00169e-03 	 3.20886e-04 	 6.80802e-04 
0.786 	 9.86571e-04 	 3.19693e-04 	 6.66878e-04 
0.782 	 9.71837e-04 	 3.18523e-04 	 6.53314e-04 
0.778 	 9.57473e-04 	 3.17375e-04 	 6.40098e-04 
0.775 	 9.43469e-04 	 3.16250e-04 	 6.27219e-04 
0.771 	 9.29812e-04 	 3.15145e-04 	 6.14667e-04 
0.768 	 9.16493e-04 	 3.14062e-04 	 6.02431e-04 
0.764 	 9.03502e-04 	 3.12999e-04 	 5.90503e-04 
0.760 	 8.90828e-04 	 3.11956e-04 	 5.78873e-04 
0.757 	 8.78463e-04 	 3.10932e-04 	 5.67531e-04 
0.753 	 8.66396e-04 	 3.09926e-04 	 5.56470e-04 
0.750 	 8.54619e-04 	 3.08940e-04 	 5.45680e-04 
0.747 	 8.43124e-04 	 3.07971e-04 	 5.35154e-04 
0.743 	 8.31903e-04 	 3.07019e-04 	 5.24884e-04 
0.740 	 8.20947e-04 	 3.06085e-04 	 5.14862e-04 
0.737 	 8.10248e-04 	 3.05167e-04 	 5.05081e-04 
0.733 	 7.99800e-04 	 3.04266e-04 	 4.95535e-04 
0.730 	 7.89595e-04 	 3.03380e-04 	 4.86215e-04 
0.727 	 7.79626e-04 	 3.02510e-04 	 4.77117e-04 
0.724 	 7.69887e-04 	 3.01654e-04 	 4.68233e-04 
0.720 	 7.60371e-04 	 3.00814e-04 	 4.59557e-04 
0.717 	 7.51071e-04 	 2.99987e-04 	 4.51084e-04 
0.714 	 7.41982e-04 	 2.99175e-04 	 4.42807e-04 
0.711 	 7.33098e-04 	 2.98376e-04 	 4.34722e-04 
0.708 	 7.24414e-04 	 2.97591e-04 	 4.26823e-04 
0.705 	 7.15923e-04 	 2.96819e-04 	 4.19104e-04 
0.702 	 7.07620e-04 	 2.96059e-04 	 4.11561e-04 
0.699 	 6.99501e-04 	 2.95312e-04 	 4.04189e-04 
0.696 	 6.91560e-04 	 2.94577e-04 	 3.96983e-04 
0.693 	 6.83792e-04 	 2.93853e-04 	 3.89939e-04 
0.690 	 6.76194e-04 	 2.93142e-04 	 3.83052e-04 
0.687 	 6.68760e-04 	 2.92442e-04 	 3.76318e-04 
0.684 	 6.61486e-04 	 2.91752e-04 	 3.69733e-04 
0.682 	 6.54368e-04 	 2.91074e-04 	 3.63294e-04 
0.679 	 6.47401e-04 	 2.90407e-04 	 3.56995e-04 
0.676 	 6.40583e-04 	 2.89749e-04 	 3.50833e-04 
0.673 	 6.33908e-04 	 2.89103e-04 	 3.44806e-04 
0.671 	 6.27374e-04 	 2.88466e-04 	 3.38908e-04 
0.668 	 6.20976e-04 	 2.87838e-04 	 3.33138e-04 
0.665 	 6.14712e-04 	 2.87221e-04 	 3.27491e-04 
0.662 	 6.08577e-04 	 2.86612e-04 	 3.21965e-04 
0.660 	 6.02569e-04 	 2.86013e-04 	 3.16555e-04 
0.657 	 5.96683e-04 	 2.85423e-04 	 3.11260e-04 
0.655 	 5.90918e-04 	 2.84842e-04 	 3.06077e-04 
0.652 	 5.85271e-04 	 2.84269e-04 	 3.01002e-04 
0.649 	 5.79737e-04 	 2.83704e-04 	 2.96032e-04 
0.647 	 5.74315e-04 	 2.83148e-04 	 2.91166e-04 
0.644 	 5.69001e-04 	 2.82600e-04 	 2.86401e-04 
0.642 	 5.63794e-04 	 2.82060e-04 	 2.81733e-04 
0.639 	 5.58689e-04 	 2.81528e-04 	 2.77161e-04 
0.637 	 5.53686e-04 	 2.81003e-04 	 2.72683e-04 
0.634 	 5.48781e-04 	 2.80486e-04 	 2.68295e-04 
0.632 	 5.43972e-04 	 2.79976e-04 	 2.63996e-04 
0.629 	 5.39257e-04 	 2.79474e-04 	 2.59784e-04 
0.627 	 5.34634e-04 	 2.78978e-04 	 2.55656e-04 
0.625 	 5.30099e-04 	 2.78489e-04 	 2.51610e-04 
0.622 	 5.25652e-04 	 2.78007e-04 	 2.47645e-04 
0.620 	 5.21290e-04 	 2.77532e-04 	 2.43758e-04 
