Energy [eV] EELS_b EELS_a 
2.500 	 3.38147e-06 	 4.96299e-05 
2.502 	 3.48971e-06 	 5.13435e-05 
2.504 	 3.60333e-06 	 5.31447e-05 
2.506 	 3.72264e-06 	 5.50390e-05 
2.508 	 3.84799e-06 	 5.70323e-05 
2.510 	 3.97976e-06 	 5.91307e-05 
2.512 	 4.11835e-06 	 6.13409e-05 
2.514 	 4.26416e-06 	 6.36699e-05 
2.516 	 4.41765e-06 	 6.61250e-05 
2.519 	 4.57928e-06 	 6.87142e-05 
2.521 	 4.74956e-06 	 7.14458e-05 
2.523 	 4.92899e-06 	 7.43284e-05 
2.525 	 5.11813e-06 	 7.73710e-05 
2.527 	 5.31754e-06 	 8.05833e-05 
2.529 	 5.52782e-06 	 8.39749e-05 
2.531 	 5.74956e-06 	 8.75558e-05 
2.533 	 5.98338e-06 	 9.13362e-05 
2.535 	 6.22991e-06 	 9.53263e-05 
2.537 	 6.48977e-06 	 9.95361e-05 
2.539 	 6.76356e-06 	 1.03975e-04 
2.541 	 7.05186e-06 	 1.08653e-04 
2.543 	 7.35519e-06 	 1.13577e-04 
2.545 	 7.67400e-06 	 1.18753e-04 
2.547 	 8.00865e-06 	 1.24187e-04 
2.549 	 8.35935e-06 	 1.29880e-04 
2.551 	 8.72613e-06 	 1.35831e-04 
2.553 	 9.10880e-06 	 1.42033e-04 
2.555 	 9.50690e-06 	 1.48476e-04 
2.557 	 9.91960e-06 	 1.55142e-04 
2.559 	 1.03457e-05 	 1.62007e-04 
2.561 	 1.07834e-05 	 1.69037e-04 
2.563 	 1.12305e-05 	 1.76188e-04 
2.565 	 1.16841e-05 	 1.83406e-04 
2.567 	 1.21405e-05 	 1.90626e-04 
2.569 	 1.25955e-05 	 1.97768e-04 
2.571 	 1.30439e-05 	 2.04744e-04 
2.573 	 1.34800e-05 	 2.11454e-04 
2.575 	 1.38971e-05 	 2.17787e-04 
2.577 	 1.42884e-05 	 2.23628e-04 
2.579 	 1.46463e-05 	 2.28860e-04 
2.581 	 1.49634e-05 	 2.33366e-04 
2.583 	 1.52324e-05 	 2.37039e-04 
2.585 	 1.54465e-05 	 2.39786e-04 
2.587 	 1.55999e-05 	 2.41531e-04 
2.589 	 1.56878e-05 	 2.42223e-04 
2.591 	 1.57074e-05 	 2.41838e-04 
2.593 	 1.56571e-05 	 2.40382e-04 
2.595 	 1.55377e-05 	 2.37887e-04 
2.597 	 1.53515e-05 	 2.34415e-04 
2.599 	 1.51026e-05 	 2.30049e-04 
2.601 	 1.47968e-05 	 2.24892e-04 
2.603 	 1.44407e-05 	 2.19058e-04 
2.605 	 1.40420e-05 	 2.12669e-04 
2.607 	 1.36087e-05 	 2.05848e-04 
2.609 	 1.31487e-05 	 1.98715e-04 
2.611 	 1.26699e-05 	 1.91381e-04 
2.613 	 1.21796e-05 	 1.83950e-04 
2.615 	 1.16844e-05 	 1.76512e-04 
2.618 	 1.11902e-05 	 1.69145e-04 
2.620 	 1.07020e-05 	 1.61915e-04 
2.622 	 1.02239e-05 	 1.54875e-04 
2.624 	 9.75920e-06 	 1.48067e-04 
2.626 	 9.31061e-06 	 1.41522e-04 
2.628 	 8.88004e-06 	 1.35264e-04 
2.630 	 8.46884e-06 	 1.29307e-04 
2.632 	 8.07787e-06 	 1.23660e-04 
2.634 	 7.70759e-06 	 1.18326e-04 
2.636 	 7.35809e-06 	 1.13305e-04 
2.638 	 7.02919e-06 	 1.08592e-04 
2.640 	 6.72048e-06 	 1.04179e-04 
2.642 	 6.43137e-06 	 1.00057e-04 
2.644 	 6.16112e-06 	 9.62127e-05 
2.646 	 5.90886e-06 	 9.26337e-05 
2.648 	 5.67364e-06 	 8.93048e-05 
2.650 	 5.45439e-06 	 8.62095e-05 
2.652 	 5.24999e-06 	 8.33299e-05 
2.654 	 5.05924e-06 	 8.06471e-05 
2.656 	 4.88085e-06 	 7.81408e-05 
2.658 	 4.71352e-06 	 7.57896e-05 
2.660 	 4.55587e-06 	 7.35714e-05 
2.662 	 4.40655e-06 	 7.14637e-05 
2.664 	 4.26419e-06 	 6.94441e-05 
2.666 	 4.12750e-06 	 6.74912e-05 
2.668 	 3.99528e-06 	 6.55852e-05 
2.670 	 3.86650e-06 	 6.37089e-05 
2.672 	 3.74027e-06 	 6.18484e-05 
2.674 	 3.61596e-06 	 5.99933e-05 
2.676 	 3.49312e-06 	 5.81374e-05 
2.678 	 3.37154e-06 	 5.62786e-05 
2.680 	 3.25120e-06 	 5.44181e-05 
2.682 	 3.13227e-06 	 5.25602e-05 
2.684 	 3.01501e-06 	 5.07114e-05 
2.686 	 2.89977e-06 	 4.88794e-05 
2.688 	 2.78693e-06 	 4.70725e-05 
2.690 	 2.67685e-06 	 4.52987e-05 
2.692 	 2.56986e-06 	 4.35654e-05 
2.694 	 2.46627e-06 	 4.18790e-05 
2.696 	 2.36627e-06 	 4.02445e-05 
2.698 	 2.27005e-06 	 3.86658e-05 
2.700 	 2.17768e-06 	 3.71457e-05 
