Energy [eV] EELS_b EELS_a 
2.500 	 5.46977e-11 	 1.23983e-08 
2.502 	 5.59949e-11 	 1.27435e-08 
2.504 	 5.73526e-11 	 1.31049e-08 
2.506 	 5.87739e-11 	 1.34836e-08 
2.508 	 6.02624e-11 	 1.38804e-08 
2.510 	 6.18217e-11 	 1.42964e-08 
2.512 	 6.34556e-11 	 1.47327e-08 
2.514 	 6.51682e-11 	 1.51904e-08 
2.516 	 6.69635e-11 	 1.56707e-08 
2.519 	 6.88458e-11 	 1.61747e-08 
2.521 	 7.08196e-11 	 1.67038e-08 
2.523 	 7.28896e-11 	 1.72594e-08 
2.525 	 7.50602e-11 	 1.78426e-08 
2.527 	 7.73362e-11 	 1.84549e-08 
2.529 	 7.97222e-11 	 1.90977e-08 
2.531 	 8.22228e-11 	 1.97723e-08 
2.533 	 8.48424e-11 	 2.04801e-08 
2.535 	 8.75851e-11 	 2.12223e-08 
2.537 	 9.04545e-11 	 2.20000e-08 
2.539 	 9.34537e-11 	 2.28143e-08 
2.541 	 9.65848e-11 	 2.36660e-08 
2.543 	 9.98491e-11 	 2.45557e-08 
2.545 	 1.03246e-10 	 2.54834e-08 
2.547 	 1.06774e-10 	 2.64489e-08 
2.549 	 1.10429e-10 	 2.74515e-08 
2.551 	 1.14203e-10 	 2.84895e-08 
2.553 	 1.18088e-10 	 2.95607e-08 
2.555 	 1.22069e-10 	 3.06618e-08 
2.557 	 1.26128e-10 	 3.17883e-08 
2.559 	 1.30243e-10 	 3.29345e-08 
2.561 	 1.34385e-10 	 3.40932e-08 
2.563 	 1.38520e-10 	 3.52556e-08 
2.565 	 1.42607e-10 	 3.64111e-08 
2.567 	 1.46599e-10 	 3.75475e-08 
2.569 	 1.50441e-10 	 3.86508e-08 
2.571 	 1.54075e-10 	 3.97053e-08 
2.573 	 1.57436e-10 	 4.06940e-08 
2.575 	 1.60455e-10 	 4.15989e-08 
2.577 	 1.63062e-10 	 4.24014e-08 
2.579 	 1.65188e-10 	 4.30830e-08 
2.581 	 1.66770e-10 	 4.36263e-08 
2.583 	 1.67748e-10 	 4.40156e-08 
2.585 	 1.68077e-10 	 4.42379e-08 
2.587 	 1.67723e-10 	 4.42834e-08 
2.589 	 1.66670e-10 	 4.41467e-08 
2.591 	 1.64918e-10 	 4.38266e-08 
2.593 	 1.62486e-10 	 4.33268e-08 
2.595 	 1.59412e-10 	 4.26555e-08 
2.597 	 1.55748e-10 	 4.18251e-08 
2.599 	 1.51560e-10 	 4.08514e-08 
2.601 	 1.46924e-10 	 3.97530e-08 
2.603 	 1.41921e-10 	 3.85501e-08 
2.605 	 1.36636e-10 	 3.72639e-08 
2.607 	 1.31150e-10 	 3.59154e-08 
2.609 	 1.25544e-10 	 3.45248e-08 
2.611 	 1.19889e-10 	 3.31109e-08 
2.613 	 1.14250e-10 	 3.16909e-08 
2.615 	 1.08682e-10 	 3.02795e-08 
2.618 	 1.03232e-10 	 2.88896e-08 
2.620 	 9.79383e-11 	 2.75317e-08 
2.622 	 9.28301e-11 	 2.62142e-08 
2.624 	 8.79293e-11 	 2.49438e-08 
2.626 	 8.32512e-11 	 2.37251e-08 
2.628 	 7.88052e-11 	 2.25616e-08 
2.630 	 7.45960e-11 	 2.14553e-08 
2.632 	 7.06242e-11 	 2.04070e-08 
2.634 	 6.68874e-11 	 1.94169e-08 
2.636 	 6.33803e-11 	 1.84842e-08 
2.638 	 6.00959e-11 	 1.76078e-08 
2.640 	 5.70257e-11 	 1.67858e-08 
2.642 	 5.41601e-11 	 1.60163e-08 
2.644 	 5.14884e-11 	 1.52970e-08 
2.646 	 4.89997e-11 	 1.46251e-08 
2.648 	 4.66825e-11 	 1.39980e-08 
2.650 	 4.45248e-11 	 1.34128e-08 
2.652 	 4.25147e-11 	 1.28664e-08 
2.654 	 4.06398e-11 	 1.23557e-08 
2.656 	 3.88877e-11 	 1.18774e-08 
2.658 	 3.72461e-11 	 1.14281e-08 
2.660 	 3.57026e-11 	 1.10045e-08 
2.662 	 3.42451e-11 	 1.06032e-08 
2.664 	 3.28622e-11 	 1.02210e-08 
2.666 	 3.15430e-11 	 9.85472e-09 
2.668 	 3.02778e-11 	 9.50161e-09 
2.670 	 2.90581e-11 	 9.15919e-09 
2.672 	 2.78769e-11 	 8.82547e-09 
2.674 	 2.67291e-11 	 8.49893e-09 
2.676 	 2.56109e-11 	 8.17855e-09 
2.678 	 2.45203e-11 	 7.86384e-09 
2.680 	 2.34567e-11 	 7.55471e-09 
2.682 	 2.24205e-11 	 7.25146e-09 
2.684 	 2.14130e-11 	 6.95462e-09 
2.686 	 2.04359e-11 	 6.66487e-09 
2.688 	 1.94908e-11 	 6.38295e-09 
2.690 	 1.85795e-11 	 6.10956e-09 
2.692 	 1.77034e-11 	 5.84532e-09 
2.694 	 1.68636e-11 	 5.59072e-09 
2.696 	 1.60605e-11 	 5.34612e-09 
2.698 	 1.52945e-11 	 5.11173e-09 
2.700 	 1.45651e-11 	 4.88763e-09 
