Energy [eV] EELS_b EELS_a 
2.500 	 1.69287e-11 	 6.73424e-11 
2.502 	 1.73207e-11 	 6.89711e-11 
2.504 	 1.77310e-11 	 7.06758e-11 
2.506 	 1.81604e-11 	 7.24603e-11 
2.508 	 1.86101e-11 	 7.43292e-11 
2.510 	 1.90812e-11 	 7.62869e-11 
2.512 	 1.95747e-11 	 7.83382e-11 
2.514 	 2.00919e-11 	 8.04882e-11 
2.516 	 2.06339e-11 	 8.27419e-11 
2.519 	 2.12021e-11 	 8.51047e-11 
2.521 	 2.17977e-11 	 8.75822e-11 
2.523 	 2.24221e-11 	 9.01800e-11 
2.525 	 2.30765e-11 	 9.29037e-11 
2.527 	 2.37624e-11 	 9.57593e-11 
2.529 	 2.44811e-11 	 9.87522e-11 
2.531 	 2.52338e-11 	 1.01888e-10 
2.533 	 2.60218e-11 	 1.05172e-10 
2.535 	 2.68461e-11 	 1.08609e-10 
2.537 	 2.77077e-11 	 1.12204e-10 
2.539 	 2.86074e-11 	 1.15959e-10 
2.541 	 2.95455e-11 	 1.19876e-10 
2.543 	 3.05222e-11 	 1.23958e-10 
2.545 	 3.15370e-11 	 1.28202e-10 
2.547 	 3.25892e-11 	 1.32605e-10 
2.549 	 3.36769e-11 	 1.37161e-10 
2.551 	 3.47979e-11 	 1.41861e-10 
2.553 	 3.59485e-11 	 1.46689e-10 
2.555 	 3.71241e-11 	 1.51629e-10 
2.557 	 3.83188e-11 	 1.56655e-10 
2.559 	 3.95251e-11 	 1.61738e-10 
2.561 	 4.07338e-11 	 1.66840e-10 
2.563 	 4.19339e-11 	 1.71916e-10 
2.565 	 4.31125e-11 	 1.76913e-10 
2.567 	 4.42549e-11 	 1.81770e-10 
2.569 	 4.53444e-11 	 1.86420e-10 
2.571 	 4.63628e-11 	 1.90787e-10 
2.573 	 4.72906e-11 	 1.94789e-10 
2.575 	 4.81074e-11 	 1.98342e-10 
2.577 	 4.87928e-11 	 2.01362e-10 
2.579 	 4.93271e-11 	 2.03765e-10 
2.581 	 4.96922e-11 	 2.05475e-10 
2.583 	 4.98727e-11 	 2.06426e-10 
2.585 	 4.98565e-11 	 2.06568e-10 
2.587 	 4.96360e-11 	 2.05865e-10 
2.589 	 4.92088e-11 	 2.04305e-10 
2.591 	 4.85775e-11 	 2.01897e-10 
2.593 	 4.77504e-11 	 1.98672e-10 
2.595 	 4.67404e-11 	 1.94681e-10 
2.597 	 4.55651e-11 	 1.89994e-10 
2.599 	 4.42453e-11 	 1.84696e-10 
2.601 	 4.28045e-11 	 1.78881e-10 
2.603 	 4.12671e-11 	 1.72651e-10 
2.605 	 3.96579e-11 	 1.66108e-10 
2.607 	 3.80011e-11 	 1.59350e-10 
2.609 	 3.63189e-11 	 1.52471e-10 
2.611 	 3.46319e-11 	 1.45556e-10 
2.613 	 3.29580e-11 	 1.38680e-10 
2.615 	 3.13125e-11 	 1.31908e-10 
2.618 	 2.97080e-11 	 1.25293e-10 
2.620 	 2.81546e-11 	 1.18878e-10 
2.622 	 2.66599e-11 	 1.12696e-10 
2.624 	 2.52295e-11 	 1.06772e-10 
2.626 	 2.38670e-11 	 1.01121e-10 
2.628 	 2.25747e-11 	 9.57546e-11 
2.630 	 2.13532e-11 	 9.06763e-11 
2.632 	 2.02023e-11 	 8.58860e-11 
2.634 	 1.91208e-11 	 8.13800e-11 
2.636 	 1.81068e-11 	 7.71515e-11 
2.638 	 1.71582e-11 	 7.31915e-11 
2.640 	 1.62721e-11 	 6.94896e-11 
2.642 	 1.54456e-11 	 6.60337e-11 
2.644 	 1.46755e-11 	 6.28113e-11 
2.646 	 1.39584e-11 	 5.98087e-11 
2.648 	 1.32909e-11 	 5.70122e-11 
2.650 	 1.26696e-11 	 5.44074e-11 
2.652 	 1.20909e-11 	 5.19797e-11 
2.654 	 1.15512e-11 	 4.97143e-11 
2.656 	 1.10469e-11 	 4.75962e-11 
2.658 	 1.05743e-11 	 4.56105e-11 
2.660 	 1.01301e-11 	 4.37423e-11 
2.662 	 9.71060e-12 	 4.19770e-11 
2.664 	 9.31261e-12 	 4.03006e-11 
2.666 	 8.93304e-12 	 3.87001e-11 
2.668 	 8.56909e-12 	 3.71637e-11 
2.670 	 8.21837e-12 	 3.56812e-11 
2.672 	 7.87890e-12 	 3.42442e-11 
2.674 	 7.54921e-12 	 3.28464e-11 
2.676 	 7.22826e-12 	 3.14836e-11 
2.678 	 6.91549e-12 	 3.01534e-11 
2.680 	 6.61071e-12 	 2.88550e-11 
2.682 	 6.31406e-12 	 2.75893e-11 
2.684 	 6.02588e-12 	 2.63578e-11 
2.686 	 5.74663e-12 	 2.51626e-11 
2.688 	 5.47679e-12 	 2.40062e-11 
2.690 	 5.21683e-12 	 2.28906e-11 
2.692 	 4.96713e-12 	 2.18176e-11 
2.694 	 4.72795e-12 	 2.07885e-11 
2.696 	 4.49944e-12 	 1.98043e-11 
2.698 	 4.28162e-12 	 1.88650e-11 
2.700 	 4.07439e-12 	 1.79705e-11 
