Energy [eV] EELS_b EELS_a 
2.500 	 3.32608e-07 	 1.50185e-06 
2.502 	 3.43010e-07 	 1.55013e-06 
2.504 	 3.53925e-07 	 1.60081e-06 
2.506 	 3.65385e-07 	 1.65402e-06 
2.508 	 3.77422e-07 	 1.70991e-06 
2.510 	 3.90072e-07 	 1.76866e-06 
2.512 	 4.03370e-07 	 1.83043e-06 
2.514 	 4.17356e-07 	 1.89540e-06 
2.516 	 4.32070e-07 	 1.96377e-06 
2.519 	 4.47555e-07 	 2.03572e-06 
2.521 	 4.63858e-07 	 2.11148e-06 
2.523 	 4.81023e-07 	 2.19125e-06 
2.525 	 4.99100e-07 	 2.27527e-06 
2.527 	 5.18139e-07 	 2.36375e-06 
2.529 	 5.38190e-07 	 2.45695e-06 
2.531 	 5.59304e-07 	 2.55510e-06 
2.533 	 5.81534e-07 	 2.65843e-06 
2.535 	 6.04929e-07 	 2.76718e-06 
2.537 	 6.29537e-07 	 2.88157e-06 
2.539 	 6.55403e-07 	 3.00179e-06 
2.541 	 6.82563e-07 	 3.12804e-06 
2.543 	 7.11051e-07 	 3.26045e-06 
2.545 	 7.40885e-07 	 3.39910e-06 
2.547 	 7.72072e-07 	 3.54404e-06 
2.549 	 8.04601e-07 	 3.69521e-06 
2.551 	 8.38438e-07 	 3.85245e-06 
2.553 	 8.73522e-07 	 4.01549e-06 
2.555 	 9.09762e-07 	 4.18389e-06 
2.557 	 9.47023e-07 	 4.35705e-06 
2.559 	 9.85129e-07 	 4.53415e-06 
2.561 	 1.02385e-06 	 4.71416e-06 
2.563 	 1.06290e-06 	 4.89575e-06 
2.565 	 1.10194e-06 	 5.07736e-06 
2.567 	 1.14054e-06 	 5.25709e-06 
2.569 	 1.17824e-06 	 5.43278e-06 
2.571 	 1.21448e-06 	 5.60197e-06 
2.573 	 1.24869e-06 	 5.76199e-06 
2.575 	 1.28023e-06 	 5.90996e-06 
2.577 	 1.30845e-06 	 6.04293e-06 
2.579 	 1.33269e-06 	 6.15796e-06 
2.581 	 1.35235e-06 	 6.25224e-06 
2.583 	 1.36688e-06 	 6.32328e-06 
2.585 	 1.37581e-06 	 6.36897e-06 
2.587 	 1.37882e-06 	 6.38781e-06 
2.589 	 1.37574e-06 	 6.37892e-06 
2.591 	 1.36654e-06 	 6.34217e-06 
2.593 	 1.35137e-06 	 6.27818e-06 
2.595 	 1.33054e-06 	 6.18828e-06 
2.597 	 1.30451e-06 	 6.07443e-06 
2.599 	 1.27385e-06 	 5.93914e-06 
2.601 	 1.23920e-06 	 5.78528e-06 
2.603 	 1.20125e-06 	 5.61598e-06 
2.605 	 1.16074e-06 	 5.43445e-06 
2.607 	 1.11836e-06 	 5.24384e-06 
2.609 	 1.07477e-06 	 5.04716e-06 
2.611 	 1.03058e-06 	 4.84720e-06 
2.613 	 9.86331e-07 	 4.64641e-06 
2.615 	 9.42491e-07 	 4.44697e-06 
2.618 	 8.99448e-07 	 4.25068e-06 
2.620 	 8.57520e-07 	 4.05904e-06 
2.622 	 8.16955e-07 	 3.87325e-06 
2.624 	 7.77942e-07 	 3.69420e-06 
2.626 	 7.40613e-07 	 3.52256e-06 
2.628 	 7.05057e-07 	 3.35878e-06 
2.630 	 6.71320e-07 	 3.20313e-06 
2.632 	 6.39420e-07 	 3.05573e-06 
2.634 	 6.09347e-07 	 2.91657e-06 
2.636 	 5.81071e-07 	 2.78557e-06 
2.638 	 5.54545e-07 	 2.66253e-06 
2.640 	 5.29711e-07 	 2.54722e-06 
2.642 	 5.06500e-07 	 2.43935e-06 
2.644 	 4.84834e-07 	 2.33858e-06 
2.646 	 4.64632e-07 	 2.24455e-06 
2.648 	 4.45805e-07 	 2.15687e-06 
2.650 	 4.28260e-07 	 2.07512e-06 
2.652 	 4.11901e-07 	 1.99886e-06 
2.654 	 3.96628e-07 	 1.92762e-06 
2.656 	 3.82335e-07 	 1.86092e-06 
2.658 	 3.68916e-07 	 1.79825e-06 
2.660 	 3.56262e-07 	 1.73910e-06 
2.662 	 3.44265e-07 	 1.68296e-06 
2.664 	 3.32819e-07 	 1.62931e-06 
2.666 	 3.21823e-07 	 1.57768e-06 
2.668 	 3.11185e-07 	 1.52762e-06 
2.670 	 3.00826e-07 	 1.47875e-06 
2.672 	 2.90681e-07 	 1.43074e-06 
2.674 	 2.80699e-07 	 1.38338e-06 
2.676 	 2.70849e-07 	 1.33650e-06 
2.678 	 2.61118e-07 	 1.29004e-06 
2.680 	 2.51505e-07 	 1.24401e-06 
2.682 	 2.42022e-07 	 1.19849e-06 
2.684 	 2.32693e-07 	 1.15358e-06 
2.686 	 2.23542e-07 	 1.10943e-06 
2.688 	 2.14599e-07 	 1.06619e-06 
2.690 	 2.05892e-07 	 1.02401e-06 
2.692 	 1.97446e-07 	 9.83010e-07 
2.694 	 1.89280e-07 	 9.43314e-07 
2.696 	 1.81412e-07 	 9.05004e-07 
2.698 	 1.73851e-07 	 8.68140e-07 
2.700 	 1.66603e-07 	 8.32758e-07 
