Energy [eV] EELS_b EELS_a 
2.500 	 6.02872e-10 	 7.12384e-08 
2.502 	 6.17767e-10 	 7.32827e-08 
2.504 	 6.33340e-10 	 7.54234e-08 
2.506 	 6.49629e-10 	 7.76658e-08 
2.508 	 6.66672e-10 	 8.00158e-08 
2.510 	 6.84509e-10 	 8.24794e-08 
2.512 	 7.03183e-10 	 8.50631e-08 
2.514 	 7.22736e-10 	 8.77734e-08 
2.516 	 7.43215e-10 	 9.06175e-08 
2.519 	 7.64667e-10 	 9.36026e-08 
2.521 	 7.87141e-10 	 9.67363e-08 
2.523 	 8.10686e-10 	 1.00027e-07 
2.525 	 8.35352e-10 	 1.03481e-07 
2.527 	 8.61190e-10 	 1.07109e-07 
2.529 	 8.88251e-10 	 1.10917e-07 
2.531 	 9.16585e-10 	 1.14914e-07 
2.533 	 9.46237e-10 	 1.19109e-07 
2.535 	 9.77252e-10 	 1.23509e-07 
2.537 	 1.00967e-09 	 1.28120e-07 
2.539 	 1.04352e-09 	 1.32950e-07 
2.541 	 1.07883e-09 	 1.38004e-07 
2.543 	 1.11561e-09 	 1.43285e-07 
2.545 	 1.15386e-09 	 1.48796e-07 
2.547 	 1.19355e-09 	 1.54535e-07 
2.549 	 1.23464e-09 	 1.60499e-07 
2.551 	 1.27706e-09 	 1.66679e-07 
2.553 	 1.32070e-09 	 1.73065e-07 
2.555 	 1.36543e-09 	 1.79638e-07 
2.557 	 1.41105e-09 	 1.86373e-07 
2.559 	 1.45732e-09 	 1.93239e-07 
2.561 	 1.50396e-09 	 2.00197e-07 
2.563 	 1.55060e-09 	 2.07196e-07 
2.565 	 1.59682e-09 	 2.14179e-07 
2.567 	 1.64213e-09 	 2.21075e-07 
2.569 	 1.68598e-09 	 2.27805e-07 
2.571 	 1.72775e-09 	 2.34280e-07 
2.573 	 1.76676e-09 	 2.40402e-07 
2.575 	 1.80231e-09 	 2.46067e-07 
2.577 	 1.83365e-09 	 2.51166e-07 
2.579 	 1.86006e-09 	 2.55591e-07 
2.581 	 1.88085e-09 	 2.59237e-07 
2.583 	 1.89537e-09 	 2.62009e-07 
2.585 	 1.90310e-09 	 2.63825e-07 
2.587 	 1.90363e-09 	 2.64620e-07 
2.589 	 1.89671e-09 	 2.64355e-07 
2.591 	 1.88226e-09 	 2.63012e-07 
2.593 	 1.86039e-09 	 2.60604e-07 
2.595 	 1.83141e-09 	 2.57168e-07 
2.597 	 1.79576e-09 	 2.52766e-07 
2.599 	 1.75407e-09 	 2.47483e-07 
2.601 	 1.70705e-09 	 2.41420e-07 
2.603 	 1.65553e-09 	 2.34691e-07 
2.605 	 1.60036e-09 	 2.27416e-07 
2.607 	 1.54241e-09 	 2.19717e-07 
2.609 	 1.48252e-09 	 2.11713e-07 
2.611 	 1.42149e-09 	 2.03516e-07 
2.613 	 1.36005e-09 	 1.95231e-07 
2.615 	 1.29884e-09 	 1.86948e-07 
2.618 	 1.23844e-09 	 1.78749e-07 
2.620 	 1.17931e-09 	 1.70700e-07 
2.622 	 1.12183e-09 	 1.62857e-07 
2.624 	 1.06630e-09 	 1.55264e-07 
2.626 	 1.01296e-09 	 1.47954e-07 
2.628 	 9.61962e-10 	 1.40951e-07 
2.630 	 9.13407e-10 	 1.34272e-07 
2.632 	 8.67350e-10 	 1.27926e-07 
2.634 	 8.23805e-10 	 1.21917e-07 
2.636 	 7.82750e-10 	 1.16244e-07 
2.638 	 7.44140e-10 	 1.10901e-07 
2.640 	 7.07906e-10 	 1.05881e-07 
2.642 	 6.73961e-10 	 1.01174e-07 
2.644 	 6.42208e-10 	 9.67660e-08 
2.646 	 6.12537e-10 	 9.26442e-08 
2.648 	 5.84830e-10 	 8.87927e-08 
2.650 	 5.58963e-10 	 8.51948e-08 
2.652 	 5.34806e-10 	 8.18326e-08 
2.654 	 5.12222e-10 	 7.86873e-08 
2.656 	 4.91074e-10 	 7.57394e-08 
2.658 	 4.71218e-10 	 7.29686e-08 
2.660 	 4.52514e-10 	 7.03543e-08 
2.662 	 4.34820e-10 	 6.78757e-08 
2.664 	 4.17999e-10 	 6.55127e-08 
2.666 	 4.01922e-10 	 6.32459e-08 
2.668 	 3.86473e-10 	 6.10577e-08 
2.670 	 3.71549e-10 	 5.89327e-08 
2.672 	 3.57066e-10 	 5.68580e-08 
2.674 	 3.42959e-10 	 5.48242e-08 
2.676 	 3.29185e-10 	 5.28248e-08 
2.678 	 3.15719e-10 	 5.08567e-08 
2.680 	 3.02556e-10 	 4.89195e-08 
2.682 	 2.89702e-10 	 4.70152e-08 
2.684 	 2.77174e-10 	 4.51473e-08 
2.686 	 2.64995e-10 	 4.33204e-08 
2.688 	 2.53189e-10 	 4.15395e-08 
2.690 	 2.41781e-10 	 3.98094e-08 
2.692 	 2.30790e-10 	 3.81344e-08 
2.694 	 2.20232e-10 	 3.65179e-08 
2.696 	 2.10116e-10 	 3.49625e-08 
2.698 	 2.00447e-10 	 3.34698e-08 
2.700 	 1.91224e-10 	 3.20406e-08 
