Energy [eV] EELS_b EELS_a 
2.500 	 6.02872e-10 	 2.44959e-09 
2.502 	 6.17767e-10 	 2.51291e-09 
2.504 	 6.33340e-10 	 2.57913e-09 
2.506 	 6.49629e-10 	 2.64842e-09 
2.508 	 6.66672e-10 	 2.72094e-09 
2.510 	 6.84509e-10 	 2.79687e-09 
2.512 	 7.03183e-10 	 2.87639e-09 
2.514 	 7.22736e-10 	 2.95970e-09 
2.516 	 7.43215e-10 	 3.04699e-09 
2.519 	 7.64667e-10 	 3.13847e-09 
2.521 	 7.87141e-10 	 3.23435e-09 
2.523 	 8.10686e-10 	 3.33486e-09 
2.525 	 8.35352e-10 	 3.44022e-09 
2.527 	 8.61190e-10 	 3.55065e-09 
2.529 	 8.88251e-10 	 3.66637e-09 
2.531 	 9.16585e-10 	 3.78762e-09 
2.533 	 9.46237e-10 	 3.91460e-09 
2.535 	 9.77252e-10 	 4.04752e-09 
2.537 	 1.00967e-09 	 4.18655e-09 
2.539 	 1.04352e-09 	 4.33185e-09 
2.541 	 1.07883e-09 	 4.48353e-09 
2.543 	 1.11561e-09 	 4.64168e-09 
2.545 	 1.15386e-09 	 4.80628e-09 
2.547 	 1.19355e-09 	 4.97728e-09 
2.549 	 1.23464e-09 	 5.15449e-09 
2.551 	 1.27706e-09 	 5.33765e-09 
2.553 	 1.32070e-09 	 5.52633e-09 
2.555 	 1.36543e-09 	 5.71993e-09 
2.557 	 1.41105e-09 	 5.91768e-09 
2.559 	 1.45732e-09 	 6.11859e-09 
2.561 	 1.50396e-09 	 6.32141e-09 
2.563 	 1.55060e-09 	 6.52463e-09 
2.565 	 1.59682e-09 	 6.72647e-09 
2.567 	 1.64213e-09 	 6.92482e-09 
2.569 	 1.68598e-09 	 7.11733e-09 
2.571 	 1.72775e-09 	 7.30132e-09 
2.573 	 1.76676e-09 	 7.47391e-09 
2.575 	 1.80231e-09 	 7.63203e-09 
2.577 	 1.83365e-09 	 7.77251e-09 
2.579 	 1.86006e-09 	 7.89218e-09 
2.581 	 1.88085e-09 	 7.98801e-09 
2.583 	 1.89537e-09 	 8.05723e-09 
2.585 	 1.90310e-09 	 8.09751e-09 
2.587 	 1.90363e-09 	 8.10702e-09 
2.589 	 1.89671e-09 	 8.08465e-09 
2.591 	 1.88226e-09 	 8.03000e-09 
2.593 	 1.86039e-09 	 7.94349e-09 
2.595 	 1.83141e-09 	 7.82630e-09 
2.597 	 1.79576e-09 	 7.68037e-09 
2.599 	 1.75407e-09 	 7.50828e-09 
2.601 	 1.70705e-09 	 7.31310e-09 
2.603 	 1.65553e-09 	 7.09829e-09 
2.605 	 1.60036e-09 	 6.86749e-09 
2.607 	 1.54241e-09 	 6.62440e-09 
2.609 	 1.48252e-09 	 6.37262e-09 
2.611 	 1.42149e-09 	 6.11556e-09 
2.613 	 1.36005e-09 	 5.85637e-09 
2.615 	 1.29884e-09 	 5.59782e-09 
2.618 	 1.23844e-09 	 5.34233e-09 
2.620 	 1.17931e-09 	 5.09193e-09 
2.622 	 1.12183e-09 	 4.84829e-09 
2.624 	 1.06630e-09 	 4.61272e-09 
2.626 	 1.01296e-09 	 4.38621e-09 
2.628 	 9.61962e-10 	 4.16946e-09 
2.630 	 9.13407e-10 	 3.96295e-09 
2.632 	 8.67350e-10 	 3.76693e-09 
2.634 	 8.23805e-10 	 3.58147e-09 
2.636 	 7.82750e-10 	 3.40652e-09 
2.638 	 7.44140e-10 	 3.24189e-09 
2.640 	 7.07906e-10 	 3.08731e-09 
2.642 	 6.73961e-10 	 2.94243e-09 
2.644 	 6.42208e-10 	 2.80685e-09 
2.646 	 6.12537e-10 	 2.68010e-09 
2.648 	 5.84830e-10 	 2.56171e-09 
2.650 	 5.58963e-10 	 2.45114e-09 
2.652 	 5.34806e-10 	 2.34784e-09 
2.654 	 5.12222e-10 	 2.25124e-09 
2.656 	 4.91074e-10 	 2.16075e-09 
2.658 	 4.71218e-10 	 2.07576e-09 
2.660 	 4.52514e-10 	 1.99565e-09 
2.662 	 4.34820e-10 	 1.91982e-09 
2.664 	 4.17999e-10 	 1.84767e-09 
2.666 	 4.01922e-10 	 1.77864e-09 
2.668 	 3.86473e-10 	 1.71223e-09 
2.670 	 3.71549e-10 	 1.64798e-09 
2.672 	 3.57066e-10 	 1.58553e-09 
2.674 	 3.42959e-10 	 1.52460e-09 
2.676 	 3.29185e-10 	 1.46500e-09 
2.678 	 3.15719e-10 	 1.40663e-09 
2.680 	 3.02556e-10 	 1.34946e-09 
2.682 	 2.89702e-10 	 1.29353e-09 
2.684 	 2.77174e-10 	 1.23893e-09 
2.686 	 2.64995e-10 	 1.18576e-09 
2.688 	 2.53189e-10 	 1.13414e-09 
2.690 	 2.41781e-10 	 1.08419e-09 
2.692 	 2.30790e-10 	 1.03599e-09 
2.694 	 2.20232e-10 	 9.89631e-10 
2.696 	 2.10116e-10 	 9.45159e-10 
2.698 	 2.00447e-10 	 9.02603e-10 
2.700 	 1.91224e-10 	 8.61967e-10 
