Energy [eV] Ext Cross [um^2] Abs Cross [um^2] Sca Cross [um^2] 
2.480 	 1.32592e-01 	 5.87014e-03 	 1.26722e-01 
2.443 	 1.35571e-01 	 5.55081e-03 	 1.30020e-01 
2.407 	 1.38533e-01 	 5.28952e-03 	 1.33243e-01 
2.373 	 1.41494e-01 	 5.07432e-03 	 1.36420e-01 
2.339 	 1.44464e-01 	 4.89611e-03 	 1.39567e-01 
2.306 	 1.47446e-01 	 4.74806e-03 	 1.42698e-01 
2.274 	 1.50442e-01 	 4.62490e-03 	 1.45817e-01 
2.243 	 1.53453e-01 	 4.52240e-03 	 1.48931e-01 
2.213 	 1.56478e-01 	 4.43743e-03 	 1.52040e-01 
2.184 	 1.59514e-01 	 4.36724e-03 	 1.55146e-01 
2.155 	 1.62559e-01 	 4.30976e-03 	 1.58249e-01 
2.127 	 1.65610e-01 	 4.26326e-03 	 1.61346e-01 
2.100 	 1.68663e-01 	 4.22629e-03 	 1.64437e-01 
2.074 	 1.71716e-01 	 4.19766e-03 	 1.67518e-01 
2.048 	 1.74764e-01 	 4.17633e-03 	 1.70588e-01 
2.023 	 1.77803e-01 	 4.16147e-03 	 1.73641e-01 
1.998 	 1.80828e-01 	 4.15231e-03 	 1.76675e-01 
1.974 	 1.83834e-01 	 4.14818e-03 	 1.79686e-01 
1.951 	 1.86817e-01 	 4.14860e-03 	 1.82668e-01 
1.928 	 1.89770e-01 	 4.15301e-03 	 1.85617e-01 
1.905 	 1.92689e-01 	 4.16092e-03 	 1.88528e-01 
1.884 	 1.95567e-01 	 4.17201e-03 	 1.91395e-01 
1.862 	 1.98398e-01 	 4.18592e-03 	 1.94212e-01 
1.841 	 2.01176e-01 	 4.20227e-03 	 1.96974e-01 
1.821 	 2.03894e-01 	 4.22074e-03 	 1.99673e-01 
1.801 	 2.06545e-01 	 4.24105e-03 	 2.02304e-01 
1.782 	 2.09122e-01 	 4.26296e-03 	 2.04860e-01 
1.763 	 2.11619e-01 	 4.28620e-03 	 2.07333e-01 
1.744 	 2.14028e-01 	 4.31052e-03 	 2.09717e-01 
1.726 	 2.16341e-01 	 4.33568e-03 	 2.12005e-01 
1.708 	 2.18551e-01 	 4.36145e-03 	 2.14189e-01 
1.690 	 2.20651e-01 	 4.38762e-03 	 2.16263e-01 
1.673 	 2.22633e-01 	 4.41399e-03 	 2.18219e-01 
1.656 	 2.24491e-01 	 4.44036e-03 	 2.20050e-01 
1.640 	 2.26217e-01 	 4.46652e-03 	 2.21750e-01 
1.623 	 2.27804e-01 	 4.49228e-03 	 2.23312e-01 
1.608 	 2.29247e-01 	 4.51747e-03 	 2.24730e-01 
1.592 	 2.30538e-01 	 4.54190e-03 	 2.25997e-01 
1.577 	 2.31673e-01 	 4.56541e-03 	 2.27108e-01 
1.562 	 2.32645e-01 	 4.58784e-03 	 2.28057e-01 
1.547 	 2.33450e-01 	 4.60902e-03 	 2.28841e-01 
1.533 	 2.34084e-01 	 4.62882e-03 	 2.29456e-01 
1.519 	 2.34544e-01 	 4.64711e-03 	 2.29896e-01 
1.505 	 2.34825e-01 	 4.66376e-03 	 2.30161e-01 
1.491 	 2.34926e-01 	 4.67865e-03 	 2.30247e-01 
1.478 	 2.34846e-01 	 4.69168e-03 	 2.30154e-01 
1.464 	 2.34583e-01 	 4.70274e-03 	 2.29880e-01 
1.452 	 2.34138e-01 	 4.71176e-03 	 2.29427e-01 
1.439 	 2.33512e-01 	 4.71868e-03 	 2.28793e-01 
1.426 	 2.32705e-01 	 4.72343e-03 	 2.27982e-01 
1.414 	 2.31721e-01 	 4.72597e-03 	 2.26995e-01 
1.402 	 2.30563e-01 	 4.72627e-03 	 2.25837e-01 
1.390 	 2.29234e-01 	 4.72430e-03 	 2.24509e-01 
1.379 	 2.27738e-01 	 4.72005e-03 	 2.23018e-01 
1.367 	 2.26082e-01 	 4.71355e-03 	 2.21368e-01 
1.356 	 2.24270e-01 	 4.70479e-03 	 2.19565e-01 
1.345 	 2.22310e-01 	 4.69382e-03 	 2.17616e-01 
1.334 	 2.20207e-01 	 4.68066e-03 	 2.15526e-01 
1.323 	 2.17970e-01 	 4.66537e-03 	 2.13305e-01 
1.313 	 2.15606e-01 	 4.64799e-03 	 2.10958e-01 
1.302 	 2.13122e-01 	 4.62860e-03 	 2.08494e-01 
1.292 	 2.10528e-01 	 4.60728e-03 	 2.05921e-01 
1.282 	 2.07832e-01 	 4.58409e-03 	 2.03248e-01 
1.272 	 2.05041e-01 	 4.55913e-03 	 2.00482e-01 
1.262 	 2.02166e-01 	 4.53248e-03 	 1.97633e-01 
1.253 	 1.99213e-01 	 4.50425e-03 	 1.94709e-01 
1.243 	 1.96193e-01 	 4.47452e-03 	 1.91718e-01 
1.234 	 1.93112e-01 	 4.44340e-03 	 1.88669e-01 
1.225 	 1.89980e-01 	 4.41099e-03 	 1.85569e-01 
1.216 	 1.86805e-01 	 4.37739e-03 	 1.82427e-01 
1.207 	 1.83593e-01 	 4.34270e-03 	 1.79251e-01 
1.198 	 1.80354e-01 	 4.30703e-03 	 1.76047e-01 
1.189 	 1.77094e-01 	 4.27047e-03 	 1.72823e-01 
1.181 	 1.73820e-01 	 4.23312e-03 	 1.69587e-01 
1.172 	 1.70538e-01 	 4.19508e-03 	 1.66343e-01 
1.164 	 1.67255e-01 	 4.15645e-03 	 1.63099e-01 
1.156 	 1.63977e-01 	 4.11730e-03 	 1.59860e-01 
1.148 	 1.60709e-01 	 4.07773e-03 	 1.56631e-01 
1.140 	 1.57456e-01 	 4.03781e-03 	 1.53418e-01 
1.132 	 1.54223e-01 	 3.99764e-03 	 1.50225e-01 
1.124 	 1.51014e-01 	 3.95728e-03 	 1.47057e-01 
1.117 	 1.47834e-01 	 3.91680e-03 	 1.43917e-01 
1.109 	 1.44685e-01 	 3.87627e-03 	 1.40809e-01 
1.102 	 1.41572e-01 	 3.83576e-03 	 1.37736e-01 
1.094 	 1.38497e-01 	 3.79531e-03 	 1.34702e-01 
1.087 	 1.35463e-01 	 3.75500e-03 	 1.31708e-01 
1.080 	 1.32472e-01 	 3.71487e-03 	 1.28757e-01 
1.073 	 1.29526e-01 	 3.67496e-03 	 1.25851e-01 
1.066 	 1.26627e-01 	 3.63531e-03 	 1.22992e-01 
1.059 	 1.23777e-01 	 3.59597e-03 	 1.20181e-01 
1.052 	 1.20977e-01 	 3.55697e-03 	 1.17420e-01 
1.046 	 1.18228e-01 	 3.51834e-03 	 1.14709e-01 
1.039 	 1.15530e-01 	 3.48012e-03 	 1.12050e-01 
1.032 	 1.12885e-01 	 3.44233e-03 	 1.09443e-01 
1.026 	 1.10293e-01 	 3.40498e-03 	 1.06888e-01 
1.020 	 1.07753e-01 	 3.36812e-03 	 1.04385e-01 
1.013 	 1.05268e-01 	 3.33174e-03 	 1.01936e-01 
1.007 	 1.02835e-01 	 3.29588e-03 	 9.95394e-02 
1.001 	 1.00456e-01 	 3.26053e-03 	 9.71956e-02 
0.995 	 9.81300e-02 	 3.22571e-03 	 9.49042e-02 
0.989 	 9.58565e-02 	 3.19142e-03 	 9.26651e-02 
0.983 	 9.36353e-02 	 3.15769e-03 	 9.04776e-02 
0.977 	 9.14659e-02 	 3.12450e-03 	 8.83414e-02 
0.971 	 8.93477e-02 	 3.09187e-03 	 8.62559e-02 
0.966 	 8.72801e-02 	 3.05980e-03 	 8.42203e-02 
0.960 	 8.52623e-02 	 3.02829e-03 	 8.22340e-02 
0.955 	 8.32936e-02 	 2.99734e-03 	 8.02962e-02 
0.949 	 8.13732e-02 	 2.96695e-03 	 7.84063e-02 
0.944 	 7.95004e-02 	 2.93711e-03 	 7.65632e-02 
0.938 	 7.76741e-02 	 2.90784e-03 	 7.47663e-02 
0.933 	 7.58937e-02 	 2.87911e-03 	 7.30146e-02 
0.928 	 7.41581e-02 	 2.85093e-03 	 7.13072e-02 
0.922 	 7.24665e-02 	 2.82328e-03 	 6.96432e-02 
0.917 	 7.08179e-02 	 2.79618e-03 	 6.80217e-02 
0.912 	 6.92114e-02 	 2.76960e-03 	 6.64418e-02 
0.907 	 6.76461e-02 	 2.74355e-03 	 6.49025e-02 
0.902 	 6.61209e-02 	 2.71801e-03 	 6.34029e-02 
0.897 	 6.46351e-02 	 2.69299e-03 	 6.19421e-02 
0.892 	 6.31877e-02 	 2.66846e-03 	 6.05192e-02 
0.888 	 6.17777e-02 	 2.64443e-03 	 5.91332e-02 
0.883 	 6.04042e-02 	 2.62088e-03 	 5.77833e-02 
0.878 	 5.90663e-02 	 2.59781e-03 	 5.64685e-02 
0.873 	 5.77631e-02 	 2.57522e-03 	 5.51879e-02 
0.869 	 5.64938e-02 	 2.55308e-03 	 5.39407e-02 
0.864 	 5.52574e-02 	 2.53139e-03 	 5.27260e-02 
0.860 	 5.40531e-02 	 2.51015e-03 	 5.15429e-02 
0.855 	 5.28800e-02 	 2.48935e-03 	 5.03907e-02 
0.851 	 5.17374e-02 	 2.46897e-03 	 4.92684e-02 
0.847 	 5.06243e-02 	 2.44900e-03 	 4.81753e-02 
0.842 	 4.95401e-02 	 2.42945e-03 	 4.71107e-02 
0.838 	 4.84840e-02 	 2.41030e-03 	 4.60737e-02 
0.834 	 4.74551e-02 	 2.39155e-03 	 4.50635e-02 
0.829 	 4.64527e-02 	 2.37317e-03 	 4.40795e-02 
0.825 	 4.54761e-02 	 2.35518e-03 	 4.31210e-02 
0.821 	 4.45247e-02 	 2.33756e-03 	 4.21871e-02 
0.817 	 4.35976e-02 	 2.32029e-03 	 4.12773e-02 
0.813 	 4.26943e-02 	 2.30339e-03 	 4.03909e-02 
0.809 	 4.18140e-02 	 2.28682e-03 	 3.95272e-02 
0.805 	 4.09562e-02 	 2.27060e-03 	 3.86856e-02 
0.801 	 4.01201e-02 	 2.25471e-03 	 3.78654e-02 
0.797 	 3.93053e-02 	 2.23914e-03 	 3.70662e-02 
0.793 	 3.85111e-02 	 2.22388e-03 	 3.62872e-02 
0.790 	 3.77368e-02 	 2.20894e-03 	 3.55279e-02 
0.786 	 3.69821e-02 	 2.19430e-03 	 3.47878e-02 
0.782 	 3.62462e-02 	 2.17994e-03 	 3.40663e-02 
0.778 	 3.55288e-02 	 2.16588e-03 	 3.33629e-02 
0.775 	 3.48292e-02 	 2.15210e-03 	 3.26771e-02 
0.771 	 3.41470e-02 	 2.13859e-03 	 3.20084e-02 
0.768 	 3.34816e-02 	 2.12535e-03 	 3.13563e-02 
0.764 	 3.28327e-02 	 2.11237e-03 	 3.07203e-02 
0.760 	 3.21998e-02 	 2.09965e-03 	 3.01001e-02 
0.757 	 3.15823e-02 	 2.08718e-03 	 2.94951e-02 
0.753 	 3.09799e-02 	 2.07495e-03 	 2.89050e-02 
0.750 	 3.03922e-02 	 2.06297e-03 	 2.83293e-02 
0.747 	 2.98188e-02 	 2.05121e-03 	 2.77676e-02 
0.743 	 2.92592e-02 	 2.03969e-03 	 2.72195e-02 
0.740 	 2.87131e-02 	 2.02839e-03 	 2.66847e-02 
0.737 	 2.81800e-02 	 2.01730e-03 	 2.61627e-02 
0.733 	 2.76598e-02 	 2.00643e-03 	 2.56533e-02 
0.730 	 2.71519e-02 	 1.99577e-03 	 2.51561e-02 
0.727 	 2.66560e-02 	 1.98531e-03 	 2.46707e-02 
0.724 	 2.61719e-02 	 1.97505e-03 	 2.41968e-02 
0.720 	 2.56992e-02 	 1.96499e-03 	 2.37342e-02 
0.717 	 2.52375e-02 	 1.95511e-03 	 2.32824e-02 
0.714 	 2.47867e-02 	 1.94542e-03 	 2.28412e-02 
0.711 	 2.43463e-02 	 1.93590e-03 	 2.24104e-02 
0.708 	 2.39161e-02 	 1.92657e-03 	 2.19896e-02 
0.705 	 2.34959e-02 	 1.91741e-03 	 2.15785e-02 
0.702 	 2.30853e-02 	 1.90841e-03 	 2.11769e-02 
0.699 	 2.26842e-02 	 1.89958e-03 	 2.07846e-02 
0.696 	 2.22922e-02 	 1.89091e-03 	 2.04013e-02 
0.693 	 2.19091e-02 	 1.88240e-03 	 2.00267e-02 
0.690 	 2.15346e-02 	 1.87404e-03 	 1.96606e-02 
0.687 	 2.11687e-02 	 1.86584e-03 	 1.93028e-02 
0.684 	 2.08109e-02 	 1.85778e-03 	 1.89531e-02 
0.682 	 2.04611e-02 	 1.84986e-03 	 1.86113e-02 
0.679 	 2.01192e-02 	 1.84208e-03 	 1.82771e-02 
0.676 	 1.97848e-02 	 1.83445e-03 	 1.79503e-02 
0.673 	 1.94578e-02 	 1.82694e-03 	 1.76308e-02 
0.671 	 1.91380e-02 	 1.81957e-03 	 1.73184e-02 
0.668 	 1.88252e-02 	 1.81233e-03 	 1.70128e-02 
0.665 	 1.85192e-02 	 1.80521e-03 	 1.67140e-02 
0.662 	 1.82199e-02 	 1.79822e-03 	 1.64217e-02 
0.660 	 1.79271e-02 	 1.79135e-03 	 1.61357e-02 
0.657 	 1.76406e-02 	 1.78459e-03 	 1.58560e-02 
0.655 	 1.73602e-02 	 1.77795e-03 	 1.55822e-02 
0.652 	 1.70858e-02 	 1.77143e-03 	 1.53144e-02 
0.649 	 1.68173e-02 	 1.76501e-03 	 1.50523e-02 
0.647 	 1.65545e-02 	 1.75870e-03 	 1.47958e-02 
0.644 	 1.62972e-02 	 1.75250e-03 	 1.45447e-02 
0.642 	 1.60454e-02 	 1.74640e-03 	 1.42990e-02 
0.639 	 1.57988e-02 	 1.74040e-03 	 1.40584e-02 
0.637 	 1.55574e-02 	 1.73450e-03 	 1.38229e-02 
0.634 	 1.53210e-02 	 1.72870e-03 	 1.35923e-02 
0.632 	 1.50895e-02 	 1.72300e-03 	 1.33665e-02 
0.629 	 1.48628e-02 	 1.71739e-03 	 1.31454e-02 
0.627 	 1.46407e-02 	 1.71186e-03 	 1.29288e-02 
0.625 	 1.44232e-02 	 1.70643e-03 	 1.27168e-02 
0.622 	 1.42101e-02 	 1.70109e-03 	 1.25090e-02 
0.620 	 1.40013e-02 	 1.69583e-03 	 1.23055e-02 
