Energy [eV] EELS_b EELS_a 
2.500 	 8.01848e-08 	 3.46872e-07 
2.502 	 8.25820e-08 	 3.57549e-07 
2.504 	 8.50942e-08 	 3.68742e-07 
2.506 	 8.77280e-08 	 3.80479e-07 
2.508 	 9.04904e-08 	 3.92792e-07 
2.510 	 9.33887e-08 	 4.05714e-07 
2.512 	 9.64307e-08 	 4.19281e-07 
2.514 	 9.96243e-08 	 4.33528e-07 
2.516 	 1.02978e-07 	 4.48495e-07 
2.519 	 1.06501e-07 	 4.64220e-07 
2.521 	 1.10201e-07 	 4.80744e-07 
2.523 	 1.14089e-07 	 4.98112e-07 
2.525 	 1.18174e-07 	 5.16364e-07 
2.527 	 1.22465e-07 	 5.35547e-07 
2.529 	 1.26972e-07 	 5.55703e-07 
2.531 	 1.31704e-07 	 5.76877e-07 
2.533 	 1.36672e-07 	 5.99110e-07 
2.535 	 1.41882e-07 	 6.22443e-07 
2.537 	 1.47343e-07 	 6.46911e-07 
2.539 	 1.53061e-07 	 6.72547e-07 
2.541 	 1.59041e-07 	 6.99373e-07 
2.543 	 1.65286e-07 	 7.27404e-07 
2.545 	 1.71795e-07 	 7.56642e-07 
2.547 	 1.78564e-07 	 7.87074e-07 
2.549 	 1.85585e-07 	 8.18668e-07 
2.551 	 1.92845e-07 	 8.51369e-07 
2.553 	 2.00323e-07 	 8.85094e-07 
2.555 	 2.07993e-07 	 9.19727e-07 
2.557 	 2.15818e-07 	 9.55114e-07 
2.559 	 2.23754e-07 	 9.91062e-07 
2.561 	 2.31743e-07 	 1.02733e-06 
2.563 	 2.39718e-07 	 1.06361e-06 
2.565 	 2.47600e-07 	 1.09957e-06 
2.567 	 2.55297e-07 	 1.13481e-06 
2.569 	 2.62706e-07 	 1.16887e-06 
2.571 	 2.69713e-07 	 1.20125e-06 
2.573 	 2.76199e-07 	 1.23142e-06 
2.575 	 2.82039e-07 	 1.25882e-06 
2.577 	 2.87107e-07 	 1.28289e-06 
2.579 	 2.91282e-07 	 1.30309e-06 
2.581 	 2.94456e-07 	 1.31891e-06 
2.583 	 2.96535e-07 	 1.32992e-06 
2.585 	 2.97445e-07 	 1.33578e-06 
2.587 	 2.97143e-07 	 1.33626e-06 
2.589 	 2.95611e-07 	 1.33125e-06 
2.591 	 2.92864e-07 	 1.32080e-06 
2.593 	 2.88948e-07 	 1.30508e-06 
2.595 	 2.83937e-07 	 1.28439e-06 
2.597 	 2.77929e-07 	 1.25913e-06 
2.599 	 2.71042e-07 	 1.22982e-06 
2.601 	 2.63406e-07 	 1.19703e-06 
2.603 	 2.55160e-07 	 1.16135e-06 
2.605 	 2.46443e-07 	 1.12340e-06 
2.607 	 2.37391e-07 	 1.08378e-06 
2.609 	 2.28130e-07 	 1.04308e-06 
2.611 	 2.18777e-07 	 1.00180e-06 
2.613 	 2.09437e-07 	 9.60440e-07 
2.615 	 2.00197e-07 	 9.19394e-07 
2.618 	 1.91132e-07 	 8.79015e-07 
2.620 	 1.82305e-07 	 8.39590e-07 
2.622 	 1.73763e-07 	 8.01351e-07 
2.624 	 1.65543e-07 	 7.64473e-07 
2.626 	 1.57671e-07 	 7.29089e-07 
2.628 	 1.50164e-07 	 6.95288e-07 
2.630 	 1.43033e-07 	 6.63124e-07 
2.632 	 1.36281e-07 	 6.32624e-07 
2.634 	 1.29905e-07 	 6.03789e-07 
2.636 	 1.23901e-07 	 5.76602e-07 
2.638 	 1.18260e-07 	 5.51029e-07 
2.640 	 1.12969e-07 	 5.27024e-07 
2.642 	 1.08016e-07 	 5.04530e-07 
2.644 	 1.03384e-07 	 4.83481e-07 
2.646 	 9.90569e-08 	 4.63807e-07 
2.648 	 9.50173e-08 	 4.45429e-07 
2.650 	 9.12460e-08 	 4.28264e-07 
2.652 	 8.77231e-08 	 4.12223e-07 
2.654 	 8.44279e-08 	 3.97214e-07 
2.656 	 8.13391e-08 	 3.83139e-07 
2.658 	 7.84346e-08 	 3.69897e-07 
2.660 	 7.56920e-08 	 3.57386e-07 
2.662 	 7.30889e-08 	 3.45503e-07 
2.664 	 7.06035e-08 	 3.34145e-07 
2.666 	 6.82151e-08 	 3.23218e-07 
2.668 	 6.59049e-08 	 3.12632e-07 
2.670 	 6.36564e-08 	 3.02310e-07 
2.672 	 6.14561e-08 	 2.92190e-07 
2.674 	 5.92942e-08 	 2.82225e-07 
2.676 	 5.71643e-08 	 2.72386e-07 
2.678 	 5.50633e-08 	 2.62659e-07 
2.680 	 5.29914e-08 	 2.53045e-07 
2.682 	 5.09513e-08 	 2.43559e-07 
2.684 	 4.89473e-08 	 2.34223e-07 
2.686 	 4.69850e-08 	 2.25063e-07 
2.688 	 4.50700e-08 	 2.16109e-07 
2.690 	 4.32081e-08 	 2.07388e-07 
2.692 	 4.14041e-08 	 1.98927e-07 
2.694 	 3.96621e-08 	 1.90744e-07 
2.696 	 3.79851e-08 	 1.82857e-07 
2.698 	 3.63750e-08 	 1.75275e-07 
2.700 	 3.48330e-08 	 1.68006e-07 
