Energy [eV] EELS_b EELS_a 
2.500 	 1.47345e-10 	 2.55216e-08 
2.502 	 1.50893e-10 	 2.62414e-08 
2.504 	 1.54605e-10 	 2.69953e-08 
2.506 	 1.58491e-10 	 2.77851e-08 
2.508 	 1.62559e-10 	 2.86128e-08 
2.510 	 1.66819e-10 	 2.94806e-08 
2.512 	 1.71282e-10 	 3.03907e-08 
2.514 	 1.75959e-10 	 3.13456e-08 
2.516 	 1.80860e-10 	 3.23477e-08 
2.519 	 1.85998e-10 	 3.33995e-08 
2.521 	 1.91384e-10 	 3.45039e-08 
2.523 	 1.97031e-10 	 3.56634e-08 
2.525 	 2.02952e-10 	 3.68811e-08 
2.527 	 2.09159e-10 	 3.81597e-08 
2.529 	 2.15665e-10 	 3.95021e-08 
2.531 	 2.22482e-10 	 4.09114e-08 
2.533 	 2.29624e-10 	 4.23902e-08 
2.535 	 2.37100e-10 	 4.39414e-08 
2.537 	 2.44921e-10 	 4.55674e-08 
2.539 	 2.53096e-10 	 4.72704e-08 
2.541 	 2.61632e-10 	 4.90523e-08 
2.543 	 2.70531e-10 	 5.09144e-08 
2.545 	 2.79795e-10 	 5.28572e-08 
2.547 	 2.89418e-10 	 5.48803e-08 
2.549 	 2.99391e-10 	 5.69823e-08 
2.551 	 3.09697e-10 	 5.91604e-08 
2.553 	 3.20310e-10 	 6.14099e-08 
2.555 	 3.31197e-10 	 6.37243e-08 
2.557 	 3.42310e-10 	 6.60948e-08 
2.559 	 3.53592e-10 	 6.85099e-08 
2.561 	 3.64969e-10 	 7.09549e-08 
2.563 	 3.76352e-10 	 7.34120e-08 
2.565 	 3.87635e-10 	 7.58597e-08 
2.567 	 3.98694e-10 	 7.82730e-08 
2.569 	 4.09389e-10 	 8.06230e-08 
2.571 	 4.19562e-10 	 8.28775e-08 
2.573 	 4.29041e-10 	 8.50012e-08 
2.575 	 4.37645e-10 	 8.69564e-08 
2.577 	 4.45187e-10 	 8.87044e-08 
2.579 	 4.51479e-10 	 9.02065e-08 
2.581 	 4.56344e-10 	 9.14255e-08 
2.583 	 4.59622e-10 	 9.23276e-08 
2.585 	 4.61177e-10 	 9.28845e-08 
2.587 	 4.60910e-10 	 9.30745e-08 
2.589 	 4.58761e-10 	 9.28841e-08 
2.591 	 4.54717e-10 	 9.23094e-08 
2.593 	 4.48815e-10 	 9.13560e-08 
2.595 	 4.41138e-10 	 9.00392e-08 
2.597 	 4.31813e-10 	 8.83833e-08 
2.599 	 4.21006e-10 	 8.64198e-08 
2.601 	 4.08911e-10 	 8.41866e-08 
2.603 	 3.95741e-10 	 8.17253e-08 
2.605 	 3.81720e-10 	 7.90796e-08 
2.607 	 3.67071e-10 	 7.62936e-08 
2.609 	 3.52008e-10 	 7.34098e-08 
2.611 	 3.36732e-10 	 7.04682e-08 
2.613 	 3.21426e-10 	 6.75051e-08 
2.615 	 3.06246e-10 	 6.45528e-08 
2.618 	 2.91330e-10 	 6.16388e-08 
2.620 	 2.76788e-10 	 5.87862e-08 
2.622 	 2.62708e-10 	 5.60136e-08 
2.624 	 2.49160e-10 	 5.33357e-08 
2.626 	 2.36191e-10 	 5.07633e-08 
2.628 	 2.23835e-10 	 4.83041e-08 
2.630 	 2.12109e-10 	 4.59630e-08 
2.632 	 2.01022e-10 	 4.37426e-08 
2.634 	 1.90571e-10 	 4.16433e-08 
2.636 	 1.80745e-10 	 3.96644e-08 
2.638 	 1.71528e-10 	 3.78033e-08 
2.640 	 1.62900e-10 	 3.60570e-08 
2.642 	 1.54837e-10 	 3.44212e-08 
2.644 	 1.47310e-10 	 3.28912e-08 
2.646 	 1.40292e-10 	 3.14617e-08 
2.648 	 1.33751e-10 	 3.01271e-08 
2.650 	 1.27655e-10 	 2.88813e-08 
2.652 	 1.21971e-10 	 2.77179e-08 
2.654 	 1.16667e-10 	 2.66302e-08 
2.656 	 1.11707e-10 	 2.56114e-08 
2.658 	 1.07058e-10 	 2.46543e-08 
2.660 	 1.02684e-10 	 2.37518e-08 
2.662 	 9.85518e-11 	 2.28967e-08 
2.664 	 9.46294e-11 	 2.20820e-08 
2.666 	 9.08861e-11 	 2.13011e-08 
2.668 	 8.72941e-11 	 2.05480e-08 
2.670 	 8.38294e-11 	 1.98173e-08 
2.672 	 8.04724e-11 	 1.91048e-08 
2.674 	 7.72078e-11 	 1.84071e-08 
2.676 	 7.40253e-11 	 1.77221e-08 
2.678 	 7.09191e-11 	 1.70487e-08 
2.680 	 6.78875e-11 	 1.63867e-08 
2.682 	 6.49316e-11 	 1.57368e-08 
2.684 	 6.20552e-11 	 1.51001e-08 
2.686 	 5.92631e-11 	 1.44781e-08 
2.688 	 5.65606e-11 	 1.38725e-08 
2.690 	 5.39526e-11 	 1.32848e-08 
2.692 	 5.14434e-11 	 1.27164e-08 
2.694 	 4.90361e-11 	 1.21684e-08 
2.696 	 4.67326e-11 	 1.16416e-08 
2.698 	 4.45335e-11 	 1.11365e-08 
2.700 	 4.24384e-11 	 1.06533e-08 
