Energy [eV] EELS_b EELS_a 
2.500 	 9.46403e-12 	 3.44230e-09 
2.502 	 9.67952e-12 	 3.53522e-09 
2.504 	 9.90499e-12 	 3.63247e-09 
2.506 	 1.01410e-11 	 3.73430e-09 
2.508 	 1.03881e-11 	 3.84097e-09 
2.510 	 1.06468e-11 	 3.95273e-09 
2.512 	 1.09178e-11 	 4.06988e-09 
2.514 	 1.12017e-11 	 4.19270e-09 
2.516 	 1.14992e-11 	 4.32150e-09 
2.519 	 1.18108e-11 	 4.45659e-09 
2.521 	 1.21375e-11 	 4.59829e-09 
2.523 	 1.24797e-11 	 4.74696e-09 
2.525 	 1.28382e-11 	 4.90291e-09 
2.527 	 1.32138e-11 	 5.06651e-09 
2.529 	 1.36071e-11 	 5.23808e-09 
2.531 	 1.40188e-11 	 5.41797e-09 
2.533 	 1.44494e-11 	 5.60649e-09 
2.535 	 1.48996e-11 	 5.80395e-09 
2.537 	 1.53698e-11 	 6.01061e-09 
2.539 	 1.58603e-11 	 6.22669e-09 
2.541 	 1.63712e-11 	 6.45236e-09 
2.543 	 1.69026e-11 	 6.68770e-09 
2.545 	 1.74541e-11 	 6.93269e-09 
2.547 	 1.80251e-11 	 7.18718e-09 
2.549 	 1.86146e-11 	 7.45087e-09 
2.551 	 1.92210e-11 	 7.72326e-09 
2.553 	 1.98424e-11 	 8.00364e-09 
2.555 	 2.04761e-11 	 8.29103e-09 
2.557 	 2.11186e-11 	 8.58413e-09 
2.559 	 2.17656e-11 	 8.88130e-09 
2.561 	 2.24121e-11 	 9.18051e-09 
2.563 	 2.30519e-11 	 9.47933e-09 
2.565 	 2.36778e-11 	 9.77487e-09 
2.567 	 2.42818e-11 	 1.00638e-08 
2.569 	 2.48546e-11 	 1.03423e-08 
2.571 	 2.53865e-11 	 1.06063e-08 
2.573 	 2.58669e-11 	 1.08513e-08 
2.575 	 2.62849e-11 	 1.10726e-08 
2.577 	 2.66297e-11 	 1.12654e-08 
2.579 	 2.68911e-11 	 1.14251e-08 
2.581 	 2.70596e-11 	 1.15473e-08 
2.583 	 2.71273e-11 	 1.16282e-08 
2.585 	 2.70885e-11 	 1.16648e-08 
2.587 	 2.69395e-11 	 1.16550e-08 
2.589 	 2.66796e-11 	 1.15977e-08 
2.591 	 2.63109e-11 	 1.14930e-08 
2.593 	 2.58382e-11 	 1.13422e-08 
2.595 	 2.52691e-11 	 1.11480e-08 
2.597 	 2.46132e-11 	 1.09137e-08 
2.599 	 2.38820e-11 	 1.06437e-08 
2.601 	 2.30881e-11 	 1.03429e-08 
2.603 	 2.22447e-11 	 1.00168e-08 
2.605 	 2.13651e-11 	 9.67072e-09 
2.607 	 2.04621e-11 	 9.31013e-09 
2.609 	 1.95474e-11 	 8.94019e-09 
2.611 	 1.86319e-11 	 8.56564e-09 
2.613 	 1.77250e-11 	 8.19076e-09 
2.615 	 1.68346e-11 	 7.81927e-09 
2.618 	 1.59674e-11 	 7.45434e-09 
2.620 	 1.51285e-11 	 7.09855e-09 
2.622 	 1.43220e-11 	 6.75397e-09 
2.624 	 1.35506e-11 	 6.42218e-09 
2.626 	 1.28162e-11 	 6.10431e-09 
2.628 	 1.21198e-11 	 5.80113e-09 
2.630 	 1.14618e-11 	 5.51310e-09 
2.632 	 1.08420e-11 	 5.24037e-09 
2.634 	 1.02597e-11 	 4.98292e-09 
2.636 	 9.71376e-12 	 4.74052e-09 
2.638 	 9.20305e-12 	 4.51281e-09 
2.640 	 8.72604e-12 	 4.29931e-09 
2.642 	 8.28109e-12 	 4.09947e-09 
2.644 	 7.86648e-12 	 3.91265e-09 
2.646 	 7.48041e-12 	 3.73818e-09 
2.648 	 7.12103e-12 	 3.57532e-09 
2.650 	 6.78646e-12 	 3.42331e-09 
2.652 	 6.47478e-12 	 3.28137e-09 
2.654 	 6.18407e-12 	 3.14867e-09 
2.656 	 5.91239e-12 	 3.02435e-09 
2.658 	 5.65782e-12 	 2.90758e-09 
2.660 	 5.41845e-12 	 2.79746e-09 
2.662 	 5.19242e-12 	 2.69316e-09 
2.664 	 4.97797e-12 	 2.59383e-09 
2.666 	 4.77346e-12 	 2.49869e-09 
2.668 	 4.57739e-12 	 2.40703e-09 
2.670 	 4.38849e-12 	 2.31822e-09 
2.672 	 4.20571e-12 	 2.23176e-09 
2.674 	 4.02825e-12 	 2.14726e-09 
2.676 	 3.85557e-12 	 2.06448e-09 
2.678 	 3.68737e-12 	 1.98327e-09 
2.680 	 3.52355e-12 	 1.90363e-09 
2.682 	 3.36418e-12 	 1.82561e-09 
2.684 	 3.20943e-12 	 1.74936e-09 
2.686 	 3.05955e-12 	 1.67503e-09 
2.688 	 2.91480e-12 	 1.60280e-09 
2.690 	 2.77541e-12 	 1.53285e-09 
2.692 	 2.64158e-12 	 1.46531e-09 
2.694 	 2.51344e-12 	 1.40032e-09 
2.696 	 2.39107e-12 	 1.33794e-09 
2.698 	 2.27446e-12 	 1.27822e-09 
2.700 	 2.16357e-12 	 1.22117e-09 
