Energy [eV] EELS_b EELS_a 
2.500 	 4.36608e-08 	 1.86262e-07 
2.502 	 4.49330e-08 	 1.91862e-07 
2.504 	 4.62652e-08 	 1.97729e-07 
2.506 	 4.76609e-08 	 2.03877e-07 
2.508 	 4.91236e-08 	 2.10323e-07 
2.510 	 5.06570e-08 	 2.17083e-07 
2.512 	 5.22650e-08 	 2.24174e-07 
2.514 	 5.39517e-08 	 2.31616e-07 
2.516 	 5.57213e-08 	 2.39426e-07 
2.519 	 5.75782e-08 	 2.47626e-07 
2.521 	 5.95270e-08 	 2.56234e-07 
2.523 	 6.15721e-08 	 2.65274e-07 
2.525 	 6.37184e-08 	 2.74764e-07 
2.527 	 6.59705e-08 	 2.84729e-07 
2.529 	 6.83331e-08 	 2.95188e-07 
2.531 	 7.08106e-08 	 3.06162e-07 
2.533 	 7.34074e-08 	 3.17672e-07 
2.535 	 7.61275e-08 	 3.29737e-07 
2.537 	 7.89741e-08 	 3.42373e-07 
2.539 	 8.19502e-08 	 3.55594e-07 
2.541 	 8.50574e-08 	 3.69409e-07 
2.543 	 8.82965e-08 	 3.83824e-07 
2.545 	 9.16663e-08 	 3.98837e-07 
2.547 	 9.51643e-08 	 4.14437e-07 
2.549 	 9.87852e-08 	 4.30607e-07 
2.551 	 1.02521e-07 	 4.47313e-07 
2.553 	 1.06362e-07 	 4.64511e-07 
2.555 	 1.10291e-07 	 4.82138e-07 
2.557 	 1.14290e-07 	 5.00114e-07 
2.559 	 1.18336e-07 	 5.18336e-07 
2.561 	 1.22397e-07 	 5.36680e-07 
2.563 	 1.26441e-07 	 5.54994e-07 
2.565 	 1.30425e-07 	 5.73101e-07 
2.567 	 1.34304e-07 	 5.90800e-07 
2.569 	 1.38025e-07 	 6.07862e-07 
2.571 	 1.41531e-07 	 6.24038e-07 
2.573 	 1.44763e-07 	 6.39063e-07 
2.575 	 1.47658e-07 	 6.52660e-07 
2.577 	 1.50155e-07 	 6.64553e-07 
2.579 	 1.52195e-07 	 6.74474e-07 
2.581 	 1.53723e-07 	 6.82177e-07 
2.583 	 1.54695e-07 	 6.87450e-07 
2.585 	 1.55076e-07 	 6.90124e-07 
2.587 	 1.54843e-07 	 6.90090e-07 
2.589 	 1.53989e-07 	 6.87297e-07 
2.591 	 1.52522e-07 	 6.81765e-07 
2.593 	 1.50464e-07 	 6.73579e-07 
2.595 	 1.47853e-07 	 6.62887e-07 
2.597 	 1.44738e-07 	 6.49894e-07 
2.599 	 1.41175e-07 	 6.34847e-07 
2.601 	 1.37232e-07 	 6.18029e-07 
2.603 	 1.32976e-07 	 5.99740e-07 
2.605 	 1.28477e-07 	 5.80288e-07 
2.607 	 1.23804e-07 	 5.59975e-07 
2.609 	 1.19020e-07 	 5.39090e-07 
2.611 	 1.14185e-07 	 5.17898e-07 
2.613 	 1.09351e-07 	 4.96641e-07 
2.615 	 1.04565e-07 	 4.75528e-07 
2.618 	 9.98644e-08 	 4.54738e-07 
2.620 	 9.52818e-08 	 4.34420e-07 
2.622 	 9.08424e-08 	 4.14694e-07 
2.624 	 8.65654e-08 	 3.95652e-07 
2.626 	 8.24651e-08 	 3.77364e-07 
2.628 	 7.85510e-08 	 3.59878e-07 
2.630 	 7.48287e-08 	 3.43226e-07 
2.632 	 7.13006e-08 	 3.27421e-07 
2.634 	 6.79664e-08 	 3.12467e-07 
2.636 	 6.48235e-08 	 2.98357e-07 
2.638 	 6.18678e-08 	 2.85074e-07 
2.640 	 5.90933e-08 	 2.72596e-07 
2.642 	 5.64935e-08 	 2.60895e-07 
2.644 	 5.40605e-08 	 2.49938e-07 
2.646 	 5.17859e-08 	 2.39690e-07 
2.648 	 4.96606e-08 	 2.30110e-07 
2.650 	 4.76750e-08 	 2.21156e-07 
2.652 	 4.58189e-08 	 2.12784e-07 
2.654 	 4.40816e-08 	 2.04946e-07 
2.656 	 4.24522e-08 	 1.97592e-07 
2.658 	 4.09192e-08 	 1.90671e-07 
2.660 	 3.94712e-08 	 1.84130e-07 
2.662 	 3.80966e-08 	 1.77917e-07 
2.664 	 3.67841e-08 	 1.71979e-07 
2.666 	 3.55231e-08 	 1.66268e-07 
2.668 	 3.43038e-08 	 1.60739e-07 
2.670 	 3.31178e-08 	 1.55353e-07 
2.672 	 3.19581e-08 	 1.50076e-07 
2.674 	 3.08196e-08 	 1.44886e-07 
2.676 	 2.96990e-08 	 1.39767e-07 
2.678 	 2.85948e-08 	 1.34713e-07 
2.680 	 2.75069e-08 	 1.29723e-07 
2.682 	 2.64367e-08 	 1.24805e-07 
2.684 	 2.53865e-08 	 1.19970e-07 
2.686 	 2.43589e-08 	 1.15230e-07 
2.688 	 2.33569e-08 	 1.10601e-07 
2.690 	 2.23833e-08 	 1.06096e-07 
2.692 	 2.14405e-08 	 1.01727e-07 
2.694 	 2.05307e-08 	 9.75055e-08 
2.696 	 1.96553e-08 	 9.34383e-08 
2.698 	 1.88152e-08 	 8.95308e-08 
2.700 	 1.80109e-08 	 8.57857e-08 
