Energy [eV] EELS_b EELS_a 
2.500 	 5.01679e-07 	 2.29940e-06 
2.502 	 5.17500e-07 	 2.37401e-06 
2.504 	 5.34105e-07 	 2.45234e-06 
2.506 	 5.51542e-07 	 2.53460e-06 
2.508 	 5.69863e-07 	 2.62105e-06 
2.510 	 5.89120e-07 	 2.71193e-06 
2.512 	 6.09371e-07 	 2.80752e-06 
2.514 	 6.30676e-07 	 2.90809e-06 
2.516 	 6.53098e-07 	 3.01394e-06 
2.519 	 6.76704e-07 	 3.12540e-06 
2.521 	 7.01565e-07 	 3.24279e-06 
2.523 	 7.27753e-07 	 3.36645e-06 
2.525 	 7.55344e-07 	 3.49675e-06 
2.527 	 7.84417e-07 	 3.63405e-06 
2.529 	 8.15053e-07 	 3.77873e-06 
2.531 	 8.47334e-07 	 3.93118e-06 
2.533 	 8.81340e-07 	 4.09177e-06 
2.535 	 9.17155e-07 	 4.26089e-06 
2.537 	 9.54855e-07 	 4.43889e-06 
2.539 	 9.94515e-07 	 4.62613e-06 
2.541 	 1.03620e-06 	 4.82289e-06 
2.543 	 1.07997e-06 	 5.02945e-06 
2.545 	 1.12585e-06 	 5.24596e-06 
2.547 	 1.17388e-06 	 5.47252e-06 
2.549 	 1.22405e-06 	 5.70909e-06 
2.551 	 1.27631e-06 	 5.95548e-06 
2.553 	 1.33059e-06 	 6.21131e-06 
2.555 	 1.38677e-06 	 6.47598e-06 
2.557 	 1.44466e-06 	 6.74860e-06 
2.559 	 1.50400e-06 	 7.02799e-06 
2.561 	 1.56447e-06 	 7.31256e-06 
2.563 	 1.62564e-06 	 7.60037e-06 
2.565 	 1.68700e-06 	 7.88899e-06 
2.567 	 1.74793e-06 	 8.17555e-06 
2.569 	 1.80770e-06 	 8.45669e-06 
2.571 	 1.86550e-06 	 8.72862e-06 
2.573 	 1.92041e-06 	 8.98712e-06 
2.575 	 1.97145e-06 	 9.22767e-06 
2.577 	 2.01759e-06 	 9.44556e-06 
2.579 	 2.05780e-06 	 9.63605e-06 
2.581 	 2.09107e-06 	 9.79460e-06 
2.583 	 2.11651e-06 	 9.91704e-06 
2.585 	 2.13334e-06 	 9.99987e-06 
2.587 	 2.14097e-06 	 1.00404e-05 
2.589 	 2.13906e-06 	 1.00371e-05 
2.591 	 2.12751e-06 	 9.98940e-06 
2.593 	 2.10648e-06 	 9.89806e-06 
2.595 	 2.07639e-06 	 9.76498e-06 
2.597 	 2.03792e-06 	 9.59311e-06 
2.599 	 1.99191e-06 	 9.38631e-06 
2.601 	 1.93937e-06 	 9.14910e-06 
2.603 	 1.88139e-06 	 8.88640e-06 
2.605 	 1.81910e-06 	 8.60334e-06 
2.607 	 1.75363e-06 	 8.30500e-06 
2.609 	 1.68604e-06 	 7.99625e-06 
2.611 	 1.61731e-06 	 7.68158e-06 
2.613 	 1.54831e-06 	 7.36504e-06 
2.615 	 1.47982e-06 	 7.05015e-06 
2.618 	 1.41247e-06 	 6.73988e-06 
2.620 	 1.34678e-06 	 6.43670e-06 
2.622 	 1.28316e-06 	 6.14255e-06 
2.624 	 1.22194e-06 	 5.85896e-06 
2.626 	 1.16332e-06 	 5.58701e-06 
2.628 	 1.10746e-06 	 5.32746e-06 
2.630 	 1.05445e-06 	 5.08077e-06 
2.632 	 1.00432e-06 	 4.84715e-06 
2.634 	 9.57062e-07 	 4.62663e-06 
2.636 	 9.12625e-07 	 4.41904e-06 
2.638 	 8.70944e-07 	 4.22413e-06 
2.640 	 8.31927e-07 	 4.04150e-06 
2.642 	 7.95467e-07 	 3.87069e-06 
2.644 	 7.61445e-07 	 3.71120e-06 
2.646 	 7.29730e-07 	 3.56242e-06 
2.648 	 7.00185e-07 	 3.42375e-06 
2.650 	 6.72662e-07 	 3.29452e-06 
2.652 	 6.47010e-07 	 3.17401e-06 
2.654 	 6.23070e-07 	 3.06149e-06 
2.656 	 6.00677e-07 	 2.95619e-06 
2.658 	 5.79662e-07 	 2.85729e-06 
2.660 	 5.59854e-07 	 2.76399e-06 
2.662 	 5.41081e-07 	 2.67544e-06 
2.664 	 5.23175e-07 	 2.59085e-06 
2.666 	 5.05978e-07 	 2.50943e-06 
2.668 	 4.89343e-07 	 2.43048e-06 
2.670 	 4.73144e-07 	 2.35338e-06 
2.672 	 4.57277e-07 	 2.27761e-06 
2.674 	 4.41663e-07 	 2.20281e-06 
2.676 	 4.26254e-07 	 2.12874e-06 
2.678 	 4.11023e-07 	 2.05528e-06 
2.680 	 3.95973e-07 	 1.98246e-06 
2.682 	 3.81122e-07 	 1.91039e-06 
2.684 	 3.66505e-07 	 1.83924e-06 
2.686 	 3.52163e-07 	 1.76926e-06 
2.688 	 3.38142e-07 	 1.70069e-06 
2.690 	 3.24486e-07 	 1.63375e-06 
2.692 	 3.11234e-07 	 1.56868e-06 
2.694 	 2.98420e-07 	 1.50564e-06 
2.696 	 2.86069e-07 	 1.44478e-06 
2.698 	 2.74197e-07 	 1.38620e-06 
2.700 	 2.62815e-07 	 1.32996e-06 
