Energy [eV] EELS_b EELS_a 
2.500 	 3.42160e-14 	 5.01253e-11 
2.502 	 3.42617e-14 	 5.04471e-11 
2.504 	 3.43250e-14 	 5.07964e-11 
2.506 	 3.44066e-14 	 5.11733e-11 
2.508 	 3.45067e-14 	 5.15797e-11 
2.510 	 3.46257e-14 	 5.20166e-11 
2.512 	 3.47653e-14 	 5.24862e-11 
2.514 	 3.49253e-14 	 5.29894e-11 
2.516 	 3.51074e-14 	 5.35287e-11 
2.519 	 3.53104e-14 	 5.41030e-11 
2.521 	 3.55369e-14 	 5.47172e-11 
2.523 	 3.57877e-14 	 5.53724e-11 
2.525 	 3.60638e-14 	 5.60712e-11 
2.527 	 3.63661e-14 	 5.68153e-11 
2.529 	 3.66951e-14 	 5.76059e-11 
2.531 	 3.70520e-14 	 5.84466e-11 
2.533 	 3.74397e-14 	 5.93415e-11 
2.535 	 3.78574e-14 	 6.02908e-11 
2.537 	 3.83077e-14 	 6.12994e-11 
2.539 	 3.87912e-14 	 6.23685e-11 
2.541 	 3.93109e-14 	 6.35045e-11 
2.543 	 3.98680e-14 	 6.47106e-11 
2.545 	 4.04623e-14 	 6.59854e-11 
2.547 	 4.10979e-14 	 6.73397e-11 
2.549 	 4.17765e-14 	 6.87767e-11 
2.551 	 4.24989e-14 	 7.02980e-11 
2.553 	 4.32665e-14 	 7.19070e-11 
2.555 	 4.40833e-14 	 7.36150e-11 
2.557 	 4.49499e-14 	 7.54217e-11 
2.559 	 4.58674e-14 	 7.73323e-11 
2.561 	 4.68393e-14 	 7.93537e-11 
2.563 	 4.78668e-14 	 8.14933e-11 
2.565 	 4.89519e-14 	 8.37549e-11 
2.567 	 5.00943e-14 	 8.61413e-11 
2.569 	 5.12958e-14 	 8.86594e-11 
2.571 	 5.25562e-14 	 9.13122e-11 
2.573 	 5.38760e-14 	 9.41055e-11 
2.575 	 5.52540e-14 	 9.70412e-11 
2.577 	 5.66886e-14 	 1.00123e-10 
2.579 	 5.81761e-14 	 1.03349e-10 
2.581 	 5.97128e-14 	 1.06719e-10 
2.583 	 6.12924e-14 	 1.10229e-10 
2.585 	 6.29075e-14 	 1.13875e-10 
2.587 	 6.45486e-14 	 1.17646e-10 
2.589 	 6.62040e-14 	 1.21529e-10 
2.591 	 6.78592e-14 	 1.25508e-10 
2.593 	 6.94978e-14 	 1.29559e-10 
2.595 	 7.11010e-14 	 1.33656e-10 
2.597 	 7.26474e-14 	 1.37765e-10 
2.599 	 7.41142e-14 	 1.41849e-10 
2.601 	 7.54755e-14 	 1.45861e-10 
2.603 	 7.67055e-14 	 1.49752e-10 
2.605 	 7.77771e-14 	 1.53466e-10 
2.607 	 7.86630e-14 	 1.56940e-10 
2.609 	 7.93375e-14 	 1.60110e-10 
2.611 	 7.97761e-14 	 1.62909e-10 
2.613 	 7.99583e-14 	 1.65272e-10 
2.615 	 7.98654e-14 	 1.67131e-10 
2.618 	 7.94847e-14 	 1.68426e-10 
2.620 	 7.88093e-14 	 1.69108e-10 
2.622 	 7.78369e-14 	 1.69131e-10 
2.624 	 7.65729e-14 	 1.68469e-10 
2.626 	 7.50288e-14 	 1.67108e-10 
2.628 	 7.32233e-14 	 1.65055e-10 
2.630 	 7.11811e-14 	 1.62333e-10 
2.632 	 6.89309e-14 	 1.58983e-10 
2.634 	 6.65076e-14 	 1.55064e-10 
2.636 	 6.39475e-14 	 1.50647e-10 
2.638 	 6.12883e-14 	 1.45812e-10 
2.640 	 5.85673e-14 	 1.40647e-10 
2.642 	 5.58208e-14 	 1.35244e-10 
2.644 	 5.30822e-14 	 1.29688e-10 
2.646 	 5.03810e-14 	 1.24064e-10 
2.648 	 4.77427e-14 	 1.18445e-10 
2.650 	 4.51873e-14 	 1.12897e-10 
2.652 	 4.27308e-14 	 1.07473e-10 
2.654 	 4.03856e-14 	 1.02218e-10 
2.656 	 3.81592e-14 	 9.71643e-11 
2.658 	 3.60550e-14 	 9.23336e-11 
2.660 	 3.40749e-14 	 8.77422e-11 
2.662 	 3.22162e-14 	 8.33938e-11 
2.664 	 3.04759e-14 	 7.92894e-11 
2.666 	 2.88482e-14 	 7.54228e-11 
2.668 	 2.73260e-14 	 7.17825e-11 
2.670 	 2.59022e-14 	 6.83558e-11 
2.672 	 2.45686e-14 	 6.51267e-11 
2.674 	 2.33177e-14 	 6.20805e-11 
2.676 	 2.21404e-14 	 5.91971e-11 
2.678 	 2.10301e-14 	 5.64623e-11 
2.680 	 1.99808e-14 	 5.38627e-11 
2.682 	 1.89849e-14 	 5.13825e-11 
2.684 	 1.80384e-14 	 4.90124e-11 
2.686 	 1.71368e-14 	 4.67430e-11 
2.688 	 1.62772e-14 	 4.45685e-11 
2.690 	 1.54567e-14 	 4.24827e-11 
2.692 	 1.46734e-14 	 4.04837e-11 
2.694 	 1.39257e-14 	 3.85669e-11 
2.696 	 1.32130e-14 	 3.67334e-11 
2.698 	 1.25334e-14 	 3.49784e-11 
2.700 	 1.18865e-14 	 3.33027e-11 
