Energy [eV] EELS_b EELS_a 
2.500 	 4.36926e-12 	 1.72430e-11 
2.502 	 4.46592e-12 	 1.76421e-11 
2.504 	 4.56702e-12 	 1.80595e-11 
2.506 	 4.67280e-12 	 1.84963e-11 
2.508 	 4.78350e-12 	 1.89534e-11 
2.510 	 4.89937e-12 	 1.94318e-11 
2.512 	 5.02068e-12 	 1.99328e-11 
2.514 	 5.14768e-12 	 2.04574e-11 
2.516 	 5.28067e-12 	 2.10068e-11 
2.519 	 5.41993e-12 	 2.15823e-11 
2.521 	 5.56576e-12 	 2.21850e-11 
2.523 	 5.71845e-12 	 2.28162e-11 
2.525 	 5.87829e-12 	 2.34773e-11 
2.527 	 6.04557e-12 	 2.41693e-11 
2.529 	 6.22058e-12 	 2.48937e-11 
2.531 	 6.40357e-12 	 2.56514e-11 
2.533 	 6.59480e-12 	 2.64436e-11 
2.535 	 6.79445e-12 	 2.72711e-11 
2.537 	 7.00271e-12 	 2.81349e-11 
2.539 	 7.21965e-12 	 2.90352e-11 
2.541 	 7.44532e-12 	 2.99725e-11 
2.543 	 7.67962e-12 	 3.09463e-11 
2.545 	 7.92237e-12 	 3.19562e-11 
2.547 	 8.17322e-12 	 3.30008e-11 
2.549 	 8.43164e-12 	 3.40782e-11 
2.551 	 8.69691e-12 	 3.51853e-11 
2.553 	 8.96803e-12 	 3.63185e-11 
2.555 	 9.24375e-12 	 3.74726e-11 
2.557 	 9.52246e-12 	 3.86413e-11 
2.559 	 9.80221e-12 	 3.98167e-11 
2.561 	 1.00807e-11 	 4.09894e-11 
2.563 	 1.03551e-11 	 4.21480e-11 
2.565 	 1.06222e-11 	 4.32798e-11 
2.567 	 1.08785e-11 	 4.43699e-11 
2.569 	 1.11199e-11 	 4.54021e-11 
2.571 	 1.13423e-11 	 4.63585e-11 
2.573 	 1.15409e-11 	 4.72204e-11 
2.575 	 1.17112e-11 	 4.79686e-11 
2.577 	 1.18486e-11 	 4.85840e-11 
2.579 	 1.19488e-11 	 4.90484e-11 
2.581 	 1.20079e-11 	 4.93454e-11 
2.583 	 1.20228e-11 	 4.94615e-11 
2.585 	 1.19911e-11 	 4.93865e-11 
2.587 	 1.19116e-11 	 4.91146e-11 
2.589 	 1.17841e-11 	 4.86445e-11 
2.591 	 1.16099e-11 	 4.79802e-11 
2.593 	 1.13911e-11 	 4.71304e-11 
2.595 	 1.11312e-11 	 4.61084e-11 
2.597 	 1.08345e-11 	 4.49314e-11 
2.599 	 1.05061e-11 	 4.36196e-11 
2.601 	 1.01513e-11 	 4.21954e-11 
2.603 	 9.77585e-12 	 4.06818e-11 
2.605 	 9.38551e-12 	 3.91024e-11 
2.607 	 8.98572e-12 	 3.74797e-11 
2.609 	 8.58156e-12 	 3.58348e-11 
2.611 	 8.17760e-12 	 3.41867e-11 
2.613 	 7.77788e-12 	 3.25523e-11 
2.615 	 7.38578e-12 	 3.09460e-11 
2.618 	 7.00411e-12 	 2.93795e-11 
2.620 	 6.63508e-12 	 2.78625e-11 
2.622 	 6.28037e-12 	 2.64021e-11 
2.624 	 5.94119e-12 	 2.50036e-11 
2.626 	 5.61831e-12 	 2.36705e-11 
2.628 	 5.31217e-12 	 2.24050e-11 
2.630 	 5.02288e-12 	 2.12078e-11 
2.632 	 4.75034e-12 	 2.00788e-11 
2.634 	 4.49426e-12 	 1.90168e-11 
2.636 	 4.25417e-12 	 1.80202e-11 
2.638 	 4.02952e-12 	 1.70868e-11 
2.640 	 3.81964e-12 	 1.62141e-11 
2.642 	 3.62384e-12 	 1.53993e-11 
2.644 	 3.44134e-12 	 1.46394e-11 
2.646 	 3.27137e-12 	 1.39311e-11 
2.648 	 3.11311e-12 	 1.32713e-11 
2.650 	 2.96573e-12 	 1.26564e-11 
2.652 	 2.82841e-12 	 1.20832e-11 
2.654 	 2.70030e-12 	 1.15481e-11 
2.656 	 2.58055e-12 	 1.10477e-11 
2.658 	 2.46832e-12 	 1.05785e-11 
2.660 	 2.36278e-12 	 1.01369e-11 
2.662 	 2.26313e-12 	 9.71963e-12 
2.664 	 2.16858e-12 	 9.32344e-12 
2.666 	 2.07843e-12 	 8.94531e-12 
2.668 	 1.99203e-12 	 8.58251e-12 
2.670 	 1.90883e-12 	 8.23269e-12 
2.672 	 1.82836e-12 	 7.89393e-12 
2.674 	 1.75029e-12 	 7.56476e-12 
2.676 	 1.67437e-12 	 7.24421e-12 
2.678 	 1.60047e-12 	 6.93173e-12 
2.680 	 1.52855e-12 	 6.62715e-12 
2.682 	 1.45864e-12 	 6.33061e-12 
2.684 	 1.39081e-12 	 6.04249e-12 
2.686 	 1.32517e-12 	 5.76323e-12 
2.688 	 1.26181e-12 	 5.49334e-12 
2.690 	 1.20084e-12 	 5.23329e-12 
2.692 	 1.14234e-12 	 4.98346e-12 
2.694 	 1.08636e-12 	 4.74412e-12 
2.696 	 1.03293e-12 	 4.51541e-12 
2.698 	 9.82042e-13 	 4.29737e-12 
2.700 	 9.33675e-13 	 4.08990e-12 
