Energy [eV] EELS_b EELS_a 
2.500 	 2.39320e-04 	 1.28361e-03 
2.502 	 2.46411e-04 	 1.32206e-03 
2.504 	 2.53811e-04 	 1.36222e-03 
2.506 	 2.61536e-04 	 1.40420e-03 
2.508 	 2.69603e-04 	 1.44810e-03 
2.510 	 2.78031e-04 	 1.49403e-03 
2.512 	 2.86838e-04 	 1.54212e-03 
2.514 	 2.96043e-04 	 1.59250e-03 
2.516 	 3.05668e-04 	 1.64529e-03 
2.519 	 3.15734e-04 	 1.70064e-03 
2.521 	 3.26264e-04 	 1.75871e-03 
2.523 	 3.37280e-04 	 1.81967e-03 
2.525 	 3.48807e-04 	 1.88370e-03 
2.527 	 3.60869e-04 	 1.95097e-03 
2.529 	 3.73493e-04 	 2.02170e-03 
2.531 	 3.86703e-04 	 2.09610e-03 
2.533 	 4.00527e-04 	 2.17440e-03 
2.535 	 4.14990e-04 	 2.25684e-03 
2.537 	 4.30118e-04 	 2.34369e-03 
2.539 	 4.45937e-04 	 2.43521e-03 
2.541 	 4.62471e-04 	 2.53171e-03 
2.543 	 4.79743e-04 	 2.63348e-03 
2.545 	 4.97774e-04 	 2.74087e-03 
2.547 	 5.16580e-04 	 2.85421e-03 
2.549 	 5.36175e-04 	 2.97387e-03 
2.551 	 5.56567e-04 	 3.10023e-03 
2.553 	 5.77759e-04 	 3.23368e-03 
2.555 	 5.99745e-04 	 3.37463e-03 
2.557 	 6.22512e-04 	 3.52351e-03 
2.559 	 6.46033e-04 	 3.68075e-03 
2.561 	 6.70271e-04 	 3.84680e-03 
2.563 	 6.95176e-04 	 4.02208e-03 
2.565 	 7.20679e-04 	 4.20706e-03 
2.567 	 7.46694e-04 	 4.40214e-03 
2.569 	 7.73119e-04 	 4.60775e-03 
2.571 	 7.99826e-04 	 4.82425e-03 
2.573 	 8.26670e-04 	 5.05199e-03 
2.575 	 8.53482e-04 	 5.29122e-03 
2.577 	 8.80073e-04 	 5.54213e-03 
2.579 	 9.06231e-04 	 5.80479e-03 
2.581 	 9.31728e-04 	 6.07911e-03 
2.583 	 9.56322e-04 	 6.36484e-03 
2.585 	 9.79759e-04 	 6.66147e-03 
2.587 	 1.00178e-03 	 6.96821e-03 
2.589 	 1.02213e-03 	 7.28393e-03 
2.591 	 1.04055e-03 	 7.60707e-03 
2.593 	 1.05681e-03 	 7.93557e-03 
2.595 	 1.07068e-03 	 8.26680e-03 
2.597 	 1.08197e-03 	 8.59752e-03 
2.599 	 1.09050e-03 	 8.92380e-03 
2.601 	 1.09615e-03 	 9.24106e-03 
2.603 	 1.09880e-03 	 9.54409e-03 
2.605 	 1.09839e-03 	 9.82719e-03 
2.607 	 1.09488e-03 	 1.00843e-02 
2.609 	 1.08828e-03 	 1.03095e-02 
2.611 	 1.07863e-03 	 1.04969e-02 
2.613 	 1.06603e-03 	 1.06415e-02 
2.615 	 1.05062e-03 	 1.07395e-02 
2.618 	 1.03258e-03 	 1.07884e-02 
2.620 	 1.01216e-03 	 1.07874e-02 
2.622 	 9.89641e-04 	 1.07376e-02 
2.624 	 9.65337e-04 	 1.06418e-02 
2.626 	 9.39595e-04 	 1.05045e-02 
2.628 	 9.12779e-04 	 1.03313e-02 
2.630 	 8.85252e-04 	 1.01287e-02 
2.632 	 8.57367e-04 	 9.90370e-03 
2.634 	 8.29455e-04 	 9.66339e-03 
2.636 	 8.01815e-04 	 9.41448e-03 
2.638 	 7.74711e-04 	 9.16314e-03 
2.640 	 7.48364e-04 	 8.91484e-03 
2.642 	 7.22952e-04 	 8.67420e-03 
2.644 	 6.98615e-04 	 8.44500e-03 
2.646 	 6.75448e-04 	 8.23019e-03 
2.648 	 6.53513e-04 	 8.03188e-03 
2.650 	 6.32835e-04 	 7.85146e-03 
2.652 	 6.13407e-04 	 7.68962e-03 
2.654 	 5.95192e-04 	 7.54641e-03 
2.656 	 5.78126e-04 	 7.42131e-03 
2.658 	 5.62120e-04 	 7.31323e-03 
2.660 	 5.47065e-04 	 7.22062e-03 
2.662 	 5.32830e-04 	 7.14144e-03 
2.664 	 5.19276e-04 	 7.07325e-03 
2.666 	 5.06251e-04 	 7.01330e-03 
2.668 	 4.93604e-04 	 6.95858e-03 
2.670 	 4.81192e-04 	 6.90594e-03 
2.672 	 4.68881e-04 	 6.85226e-03 
2.674 	 4.56561e-04 	 6.79455e-03 
2.676 	 4.44148e-04 	 6.73017e-03 
2.678 	 4.31585e-04 	 6.65688e-03 
2.680 	 4.18850e-04 	 6.57302e-03 
2.682 	 4.05947e-04 	 6.47752e-03 
2.684 	 3.92906e-04 	 6.36992e-03 
2.686 	 3.79778e-04 	 6.25030e-03 
2.688 	 3.66626e-04 	 6.11924e-03 
2.690 	 3.53520e-04 	 5.97765e-03 
2.692 	 3.40531e-04 	 5.82670e-03 
2.694 	 3.27727e-04 	 5.66768e-03 
2.696 	 3.15169e-04 	 5.50197e-03 
2.698 	 3.02911e-04 	 5.33091e-03 
2.700 	 2.90996e-04 	 5.15583e-03 
