Energy [eV] Abs Cross [um^2] 
2.756 	 2.31590e-02 
2.749 	 2.35763e-02 
2.743 	 2.40046e-02 
2.737 	 2.44423e-02 
2.731 	 2.48885e-02 
2.725 	 2.53446e-02 
2.719 	 2.58113e-02 
2.713 	 2.62894e-02 
2.707 	 2.67797e-02 
2.701 	 2.72825e-02 
2.695 	 2.77983e-02 
2.689 	 2.83279e-02 
2.684 	 2.88716e-02 
2.678 	 2.94299e-02 
2.672 	 3.00030e-02 
2.666 	 3.05912e-02 
2.660 	 3.11950e-02 
2.655 	 3.18151e-02 
2.649 	 3.24520e-02 
2.643 	 3.31066e-02 
2.638 	 3.37793e-02 
2.632 	 3.44708e-02 
2.627 	 3.51818e-02 
2.621 	 3.59130e-02 
2.615 	 3.66653e-02 
2.610 	 3.74395e-02 
2.604 	 3.82364e-02 
2.599 	 3.90568e-02 
2.593 	 3.99016e-02 
2.588 	 4.07718e-02 
2.583 	 4.16685e-02 
2.577 	 4.25927e-02 
2.572 	 4.35455e-02 
2.566 	 4.45282e-02 
2.561 	 4.55418e-02 
2.556 	 4.65878e-02 
2.550 	 4.76674e-02 
2.545 	 4.87822e-02 
2.540 	 4.99335e-02 
2.535 	 5.11231e-02 
2.530 	 5.23524e-02 
2.524 	 5.36234e-02 
2.519 	 5.49378e-02 
2.514 	 5.62976e-02 
2.509 	 5.77049e-02 
2.504 	 5.91620e-02 
2.499 	 6.06710e-02 
2.494 	 6.22345e-02 
2.489 	 6.38551e-02 
2.484 	 6.55355e-02 
2.479 	 6.72787e-02 
2.474 	 6.90879e-02 
2.469 	 7.09663e-02 
2.464 	 7.29174e-02 
2.459 	 7.49451e-02 
2.454 	 7.70533e-02 
2.449 	 7.92463e-02 
2.444 	 8.15285e-02 
2.440 	 8.39047e-02 
2.435 	 8.63801e-02 
2.430 	 8.89602e-02 
2.425 	 9.16507e-02 
2.420 	 9.44579e-02 
2.416 	 9.73885e-02 
2.411 	 1.00450e-01 
2.406 	 1.03650e-01 
2.402 	 1.06996e-01 
2.397 	 1.10498e-01 
2.392 	 1.14166e-01 
2.388 	 1.18009e-01 
2.383 	 1.22040e-01 
2.378 	 1.26269e-01 
2.374 	 1.30711e-01 
2.369 	 1.35378e-01 
2.365 	 1.40287e-01 
2.360 	 1.45455e-01 
2.356 	 1.50898e-01 
2.351 	 1.56638e-01 
2.347 	 1.62694e-01 
2.342 	 1.69091e-01 
2.338 	 1.75854e-01 
2.333 	 1.83011e-01 
2.329 	 1.90592e-01 
2.325 	 1.98630e-01 
2.320 	 2.07163e-01 
2.316 	 2.16231e-01 
2.312 	 2.25877e-01 
2.307 	 2.36152e-01 
2.303 	 2.47110e-01 
2.299 	 2.58810e-01 
2.294 	 2.71320e-01 
2.290 	 2.84715e-01 
2.286 	 2.99077e-01 
2.282 	 3.14498e-01 
2.277 	 3.31083e-01 
2.273 	 3.48947e-01 
2.269 	 3.68221e-01 
2.265 	 3.89050e-01 
2.261 	 4.11601e-01 
2.257 	 4.36060e-01 
2.252 	 4.62640e-01 
2.248 	 4.91581e-01 
2.244 	 5.23157e-01 
2.240 	 5.57683e-01 
2.236 	 5.95515e-01 
2.232 	 6.37066e-01 
2.228 	 6.82808e-01 
2.224 	 7.33283e-01 
2.220 	 7.89118e-01 
2.216 	 8.51036e-01 
2.212 	 9.19873e-01 
2.208 	 9.96591e-01 
2.204 	 1.08230e+00 
2.200 	 1.17828e+00 
2.196 	 1.28600e+00 
2.192 	 1.40712e+00 
2.189 	 1.54353e+00 
2.185 	 1.69730e+00 
2.181 	 1.87068e+00 
2.177 	 2.06603e+00 
2.173 	 2.28561e+00 
2.169 	 2.53140e+00 
2.166 	 2.80459e+00 
2.162 	 3.10507e+00 
2.158 	 3.43045e+00 
2.154 	 3.77507e+00 
2.150 	 4.12884e+00 
2.147 	 4.47636e+00 
2.143 	 4.79694e+00 
2.139 	 5.06611e+00 
2.136 	 5.25908e+00 
2.132 	 5.35567e+00 
2.128 	 5.34524e+00 
2.124 	 5.22956e+00 
2.121 	 5.02225e+00 
2.117 	 4.74514e+00 
2.114 	 4.42308e+00 
2.110 	 4.07950e+00 
2.106 	 3.73346e+00 
2.103 	 3.39873e+00 
2.099 	 3.08406e+00 
2.096 	 2.79415e+00 
2.092 	 2.53076e+00 
2.089 	 2.29373e+00 
2.085 	 2.08171e+00 
2.081 	 1.89276e+00 
2.078 	 1.72469e+00 
2.074 	 1.57525e+00 
2.071 	 1.44233e+00 
2.068 	 1.32397e+00 
2.064 	 1.21839e+00 
2.061 	 1.12403e+00 
2.057 	 1.03952e+00 
2.054 	 9.63646e-01 
2.050 	 8.95361e-01 
2.047 	 8.33756e-01 
2.044 	 7.78040e-01 
2.040 	 7.27526e-01 
2.037 	 6.81620e-01 
2.033 	 6.39801e-01 
2.030 	 6.01620e-01 
2.027 	 5.66681e-01 
2.023 	 5.34641e-01 
2.020 	 5.05197e-01 
2.017 	 4.78085e-01 
2.014 	 4.53070e-01 
2.010 	 4.29949e-01 
2.007 	 4.08537e-01 
2.004 	 3.88676e-01 
2.000 	 3.70221e-01 
1.997 	 3.53045e-01 
1.994 	 3.37034e-01 
1.991 	 3.22089e-01 
1.988 	 3.08116e-01 
1.984 	 2.95036e-01 
1.981 	 2.82774e-01 
1.978 	 2.71265e-01 
1.975 	 2.60449e-01 
1.972 	 2.50272e-01 
1.969 	 2.40685e-01 
1.965 	 2.31643e-01 
1.962 	 2.23107e-01 
1.959 	 2.15039e-01 
1.956 	 2.07407e-01 
1.953 	 2.00179e-01 
1.950 	 1.93327e-01 
1.947 	 1.86827e-01 
1.944 	 1.80653e-01 
1.941 	 1.74786e-01 
1.938 	 1.69204e-01 
1.935 	 1.63890e-01 
1.932 	 1.58827e-01 
1.929 	 1.53999e-01 
1.926 	 1.49393e-01 
1.923 	 1.44994e-01 
1.920 	 1.40790e-01 
1.917 	 1.36771e-01 
1.914 	 1.32925e-01 
1.911 	 1.29243e-01 
1.908 	 1.25715e-01 
