Energy [eV] Abs Cross [um^2] 
2.756 	 1.03549e-04 
2.749 	 1.12332e-04 
2.743 	 1.22227e-04 
2.737 	 1.33414e-04 
2.731 	 1.46115e-04 
2.725 	 1.60603e-04 
2.719 	 1.77213e-04 
2.713 	 1.96352e-04 
2.707 	 2.18519e-04 
2.701 	 2.44327e-04 
2.695 	 2.74524e-04 
2.689 	 3.10025e-04 
2.684 	 3.51954e-04 
2.678 	 4.01699e-04 
2.672 	 4.60951e-04 
2.666 	 5.31710e-04 
2.660 	 6.16159e-04 
2.655 	 7.16353e-04 
2.649 	 8.33565e-04 
2.643 	 9.67082e-04 
2.638 	 1.11234e-03 
2.632 	 1.25870e-03 
2.627 	 1.38830e-03 
2.621 	 1.47848e-03 
2.615 	 1.50945e-03 
2.610 	 1.47383e-03 
2.604 	 1.38078e-03 
2.599 	 1.25082e-03 
2.593 	 1.10609e-03 
2.588 	 9.63509e-04 
2.583 	 8.32878e-04 
2.577 	 7.18260e-04 
2.572 	 6.20161e-04 
2.566 	 5.37294e-04 
2.561 	 4.67691e-04 
2.556 	 4.09289e-04 
2.550 	 3.60192e-04 
2.545 	 3.18768e-04 
2.540 	 2.83653e-04 
2.535 	 2.53730e-04 
2.530 	 2.28092e-04 
2.524 	 2.06004e-04 
2.519 	 1.86873e-04 
2.514 	 1.70215e-04 
2.509 	 1.55639e-04 
2.504 	 1.42822e-04 
2.499 	 1.31501e-04 
2.494 	 1.21458e-04 
2.489 	 1.12511e-04 
2.484 	 1.04511e-04 
2.479 	 9.73301e-05 
2.474 	 9.08628e-05 
2.469 	 8.50187e-05 
2.464 	 7.97214e-05 
2.459 	 7.49055e-05 
2.454 	 7.05149e-05 
2.449 	 6.65016e-05 
2.444 	 6.28241e-05 
2.440 	 5.94462e-05 
2.435 	 5.63365e-05 
2.430 	 5.34675e-05 
2.425 	 5.08151e-05 
2.420 	 4.83582e-05 
2.416 	 4.60781e-05 
2.411 	 4.39584e-05 
2.406 	 4.19843e-05 
2.402 	 4.01429e-05 
2.397 	 3.84226e-05 
2.392 	 3.68130e-05 
2.388 	 3.53047e-05 
2.383 	 3.38896e-05 
2.378 	 3.25600e-05 
2.374 	 3.13092e-05 
2.369 	 3.01311e-05 
2.365 	 2.90201e-05 
2.360 	 2.79713e-05 
2.356 	 2.69801e-05 
2.351 	 2.60422e-05 
2.347 	 2.51541e-05 
2.342 	 2.43121e-05 
2.338 	 2.35132e-05 
2.333 	 2.27544e-05 
2.329 	 2.20332e-05 
2.325 	 2.13470e-05 
2.320 	 2.06937e-05 
2.316 	 2.00711e-05 
2.312 	 1.94774e-05 
2.307 	 1.89108e-05 
2.303 	 1.83696e-05 
2.299 	 1.78524e-05 
2.294 	 1.73577e-05 
2.290 	 1.68843e-05 
2.286 	 1.64308e-05 
2.282 	 1.59963e-05 
2.277 	 1.55796e-05 
2.273 	 1.51798e-05 
2.269 	 1.47959e-05 
2.265 	 1.44273e-05 
2.261 	 1.40730e-05 
2.257 	 1.37323e-05 
2.252 	 1.34045e-05 
2.248 	 1.30891e-05 
2.244 	 1.27853e-05 
2.240 	 1.24926e-05 
2.236 	 1.22105e-05 
2.232 	 1.19384e-05 
2.228 	 1.16759e-05 
2.224 	 1.14226e-05 
2.220 	 1.11779e-05 
2.216 	 1.09416e-05 
2.212 	 1.07131e-05 
2.208 	 1.04923e-05 
2.204 	 1.02787e-05 
2.200 	 1.00720e-05 
2.196 	 9.87190e-06 
2.192 	 9.67819e-06 
2.189 	 9.49055e-06 
2.185 	 9.30875e-06 
2.181 	 9.13253e-06 
2.177 	 8.96167e-06 
2.173 	 8.79596e-06 
2.169 	 8.63518e-06 
2.166 	 8.47914e-06 
2.162 	 8.32766e-06 
2.158 	 8.18056e-06 
2.154 	 8.03767e-06 
2.150 	 7.89882e-06 
2.147 	 7.76387e-06 
2.143 	 7.63267e-06 
2.139 	 7.50509e-06 
2.136 	 7.38098e-06 
2.132 	 7.26022e-06 
2.128 	 7.14270e-06 
2.124 	 7.02830e-06 
2.121 	 6.91690e-06 
2.117 	 6.80841e-06 
2.114 	 6.70272e-06 
2.110 	 6.59974e-06 
2.106 	 6.49937e-06 
2.103 	 6.40152e-06 
2.099 	 6.30612e-06 
2.096 	 6.21308e-06 
2.092 	 6.12232e-06 
2.089 	 6.03376e-06 
2.085 	 5.94734e-06 
2.081 	 5.86299e-06 
2.078 	 5.78064e-06 
2.074 	 5.70023e-06 
2.071 	 5.62169e-06 
2.068 	 5.54497e-06 
2.064 	 5.47002e-06 
2.061 	 5.39677e-06 
2.057 	 5.32518e-06 
2.054 	 5.25520e-06 
2.050 	 5.18678e-06 
2.047 	 5.11987e-06 
2.044 	 5.05444e-06 
2.040 	 4.99043e-06 
2.037 	 4.92780e-06 
2.033 	 4.86652e-06 
2.030 	 4.80655e-06 
2.027 	 4.74784e-06 
2.023 	 4.69037e-06 
2.020 	 4.63410e-06 
2.017 	 4.57899e-06 
2.014 	 4.52502e-06 
2.010 	 4.47215e-06 
2.007 	 4.42035e-06 
2.004 	 4.36959e-06 
2.000 	 4.31985e-06 
1.997 	 4.27110e-06 
1.994 	 4.22331e-06 
1.991 	 4.17646e-06 
1.988 	 4.13052e-06 
1.984 	 4.08547e-06 
1.981 	 4.04129e-06 
1.978 	 3.99796e-06 
1.975 	 3.95545e-06 
1.972 	 3.91374e-06 
1.969 	 3.87283e-06 
1.965 	 3.83267e-06 
1.962 	 3.79326e-06 
1.959 	 3.75458e-06 
1.956 	 3.71661e-06 
1.953 	 3.67933e-06 
1.950 	 3.64273e-06 
1.947 	 3.60678e-06 
1.944 	 3.57148e-06 
1.941 	 3.53681e-06 
1.938 	 3.50274e-06 
1.935 	 3.46928e-06 
1.932 	 3.43639e-06 
1.929 	 3.40408e-06 
1.926 	 3.37233e-06 
1.923 	 3.34112e-06 
1.920 	 3.31044e-06 
1.917 	 3.28029e-06 
1.914 	 3.25064e-06 
1.911 	 3.22150e-06 
1.908 	 3.19284e-06 
