5.0000E-03 8.2666E-01 3.2047E-03 3.1973E-03 7.4548E-06 -9.1022E-04 4.0217E-01 8.9058E-07   214
5.0000E-03 7.5840E-01 4.9357E-03 4.9245E-03 1.1236E-05 -7.5294E-04 4.0217E-01 1.3419E-06   214
5.0000E-03 4.1541E-01 2.7845E-02 2.7844E-02 1.7191E-06  1.0374E-03 4.0218E-01 2.0450E-07   214
5.0000E-03 7.5151E-01 4.9680E-03 4.9563E-03 1.1746E-05 -7.3700E-04 4.0217E-01 1.4027E-06   214
5.0000E-03 7.4474E-01 4.9638E-03 4.9516E-03 1.2286E-05 -7.2821E-04 4.0217E-01 1.4672E-06   214
5.0000E-03 7.3809E-01 4.9695E-03 4.9567E-03 1.2865E-05 -7.2745E-04 4.0217E-01 1.5363E-06   214
5.0000E-03 7.3156E-01 5.0728E-03 5.0593E-03 1.3481E-05 -7.2659E-04 4.0217E-01 1.6099E-06   214
5.0000E-03 7.2514E-01 5.3040E-03 5.2899E-03 1.4126E-05 -7.1916E-04 4.0217E-01 1.6869E-06   214
5.0000E-03 7.1884E-01 5.6315E-03 5.6167E-03 1.4793E-05 -7.0497E-04 4.0217E-01 1.7664E-06   214
5.0000E-03 7.1264E-01 6.0137E-03 5.9983E-03 1.5477E-05 -6.8661E-04 4.0217E-01 1.8481E-06   214
5.0000E-03 7.0655E-01 6.3726E-03 6.3564E-03 1.6175E-05 -6.6732E-04 4.0217E-01 1.9313E-06   214
5.0000E-03 7.0056E-01 6.6122E-03 6.5953E-03 1.6897E-05 -6.4847E-04 4.0217E-01 2.0175E-06   214
5.0000E-03 8.1848E-01 3.3221E-03 3.3143E-03 7.8222E-06 -8.9731E-04 4.0217E-01 9.3444E-07   214
5.0000E-03 6.9467E-01 6.7460E-03 6.7283E-03 1.7662E-05 -6.2970E-04 4.0217E-01 2.1087E-06   214
5.0000E-03 6.8888E-01 6.8571E-03 6.8386E-03 1.8485E-05 -6.1098E-04 4.0217E-01 2.2069E-06   214
5.0000E-03 6.8319E-01 7.0716E-03 7.0523E-03 1.9365E-05 -5.9282E-04 4.0217E-01 2.3119E-06   214
5.0000E-03 6.7759E-01 7.4271E-03 7.4068E-03 2.0290E-05 -5.7672E-04 4.0217E-01 2.4222E-06   214
5.0000E-03 6.7208E-01 7.8728E-03 7.8516E-03 2.1245E-05 -5.6412E-04 4.0217E-01 2.5362E-06   214
5.0000E-03 6.6666E-01 8.3063E-03 8.2841E-03 2.2231E-05 -5.5255E-04 4.0217E-01 2.6538E-06   214
5.0000E-03 6.6133E-01 8.6973E-03 8.6741E-03 2.3261E-05 -5.3946E-04 4.0217E-01 2.7767E-06   214
5.0000E-03 6.5608E-01 9.0488E-03 9.0245E-03 2.4346E-05 -5.2501E-04 4.0217E-01 2.9061E-06   214
5.0000E-03 6.5091E-01 9.3965E-03 9.3711E-03 2.5498E-05 -5.0956E-04 4.0217E-01 3.0435E-06   214
5.0000E-03 6.4583E-01 9.7863E-03 9.7596E-03 2.6713E-05 -4.9358E-04 4.0217E-01 3.1884E-06   214
5.0000E-03 8.1045E-01 3.5276E-03 3.5194E-03 8.2045E-06 -8.7947E-04 4.0217E-01 9.8008E-07   214
5.0000E-03 6.4082E-01 1.0193E-02 1.0165E-02 2.7997E-05 -4.7808E-04 4.0217E-01 3.3416E-06   214
5.0000E-03 6.3589E-01 1.0645E-02 1.0616E-02 2.9355E-05 -4.6335E-04 4.0217E-01 3.5036E-06   214
5.0000E-03 6.3104E-01 1.1125E-02 1.1094E-02 3.0776E-05 -4.4903E-04 4.0217E-01 3.6730E-06   214
5.0000E-03 6.2626E-01 1.1520E-02 1.1488E-02 3.2276E-05 -4.3475E-04 4.0217E-01 3.8519E-06   214
5.0000E-03 6.2155E-01 1.1861E-02 1.1827E-02 3.3895E-05 -4.2039E-04 4.0217E-01 4.0450E-06   214
5.0000E-03 6.1691E-01 1.2269E-02 1.2233E-02 3.5653E-05 -4.0541E-04 4.0217E-01 4.2546E-06   214
5.0000E-03 6.1234E-01 1.2841E-02 1.2803E-02 3.7551E-05 -3.8900E-04 4.0217E-01 4.4811E-06   214
5.0000E-03 6.0784E-01 1.3657E-02 1.3617E-02 3.9585E-05 -3.7073E-04 4.0217E-01 4.7235E-06   214
5.0000E-03 6.0340E-01 1.4734E-02 1.4692E-02 4.1720E-05 -3.5138E-04 4.0217E-01 4.9782E-06   214
5.0000E-03 5.9903E-01 1.5892E-02 1.5848E-02 4.3930E-05 -3.3216E-04 4.0217E-01 5.2416E-06   214
5.0000E-03 8.0258E-01 3.7838E-03 3.7752E-03 8.5974E-06 -8.6298E-04 4.0217E-01 1.0270E-06   214
5.0000E-03 5.9472E-01 1.6976E-02 1.6930E-02 4.6247E-05 -3.1334E-04 4.0217E-01 5.5179E-06   214
5.0000E-03 5.9047E-01 1.7967E-02 1.7918E-02 4.8731E-05 -2.9485E-04 4.0217E-01 5.8140E-06   214
5.0000E-03 5.8628E-01 1.8982E-02 1.8930E-02 5.1425E-05 -2.7709E-04 4.0217E-01 6.1352E-06   214
5.0000E-03 5.8215E-01 2.0086E-02 2.0032E-02 5.4331E-05 -2.6043E-04 4.0217E-01 6.4817E-06   214
5.0000E-03 5.7808E-01 2.1242E-02 2.1184E-02 5.7477E-05 -2.4431E-04 4.0217E-01 6.8567E-06   214
5.0000E-03 5.7407E-01 2.2534E-02 2.2473E-02 6.0911E-05 -2.2811E-04 4.0217E-01 7.2661E-06   214
5.0000E-03 5.7011E-01 2.4093E-02 2.4029E-02 6.4645E-05 -2.1149E-04 4.0217E-01 7.7114E-06   214
5.0000E-03 5.6621E-01 2.5843E-02 2.5774E-02 6.8629E-05 -1.9420E-04 4.0217E-01 8.1863E-06   214
5.0000E-03 5.6235E-01 2.7519E-02 2.7446E-02 7.2935E-05 -1.7642E-04 4.0217E-01 8.6996E-06   214
5.0000E-03 5.5855E-01 2.9112E-02 2.9034E-02 7.7708E-05 -1.5850E-04 4.0217E-01 9.2686E-06   214
5.0000E-03 7.9487E-01 4.0421E-03 4.0331E-03 9.0012E-06 -8.4772E-04 4.0217E-01 1.0752E-06   214
5.0000E-03 5.5480E-01 3.0896E-02 3.0813E-02 8.3106E-05 -1.4017E-04 4.0217E-01 9.9121E-06   214
5.0000E-03 5.5111E-01 3.3174E-02 3.3085E-02 8.9168E-05 -1.2173E-04 4.0217E-01 1.0635E-05   214
5.0000E-03 5.4746E-01 3.6040E-02 3.5944E-02 9.5921E-05 -1.0366E-04 4.0217E-01 1.1440E-05   214
5.0000E-03 5.4385E-01 3.9455E-02 3.9351E-02 1.0343E-04 -8.5438E-05 4.0217E-01 1.2335E-05   214
5.0000E-03 5.4030E-01 4.3396E-02 4.3285E-02 1.1179E-04 -6.6682E-05 4.0217E-01 1.3331E-05   214
5.0000E-03 5.3679E-01 4.8060E-02 4.7939E-02 1.2122E-04 -4.7525E-05 4.0217E-01 1.4455E-05   214
5.0000E-03 5.3333E-01 5.3618E-02 5.3486E-02 1.3178E-04 -2.8430E-05 4.0217E-01 1.5714E-05   214
5.0000E-03 5.2991E-01 5.9981E-02 5.9837E-02 1.4360E-04 -9.5926E-06 4.0217E-01 1.7122E-05   214
5.0000E-03 5.2653E-01 6.7008E-02 6.6851E-02 1.5699E-04  8.9734E-06 4.0217E-01 1.8718E-05   214
5.0000E-03 5.2320E-01 7.4754E-02 7.4582E-02 1.7241E-04  2.7347E-05 4.0217E-01 2.0557E-05   214
5.0000E-03 7.8730E-01 4.3012E-03 4.2918E-03 9.4188E-06 -8.2994E-04 4.0217E-01 1.1250E-06   214
5.0000E-03 5.1991E-01 8.3601E-02 8.3411E-02 1.9068E-04  4.5787E-05 4.0217E-01 2.2733E-05   214
5.0000E-03 5.1666E-01 9.4408E-02 9.4196E-02 2.1265E-04  6.4142E-05 4.0217E-01 2.5352E-05   214
5.0000E-03 5.1345E-01 1.0804E-01 1.0780E-01 2.3911E-04  8.2019E-05 4.0217E-01 2.8506E-05   214
5.0000E-03 5.1028E-01 1.2517E-01 1.2490E-01 2.7113E-04  9.9421E-05 4.0217E-01 3.2322E-05   214
5.0000E-03 5.0715E-01 1.4677E-01 1.4646E-01 3.1038E-04  1.1660E-04 4.0217E-01 3.6999E-05   214
5.0000E-03 5.0406E-01 1.7450E-01 1.7414E-01 3.5941E-04  1.3374E-04 4.0217E-01 4.2842E-05   214
5.0000E-03 5.0101E-01 2.1115E-01 2.1073E-01 4.2140E-04  1.5071E-04 4.0217E-01 5.0231E-05   214
5.0000E-03 4.9799E-01 2.5974E-01 2.5924E-01 5.0015E-04  1.6721E-04 4.0217E-01 5.9615E-05   214
5.0000E-03 4.9500E-01 3.2361E-01 3.2301E-01 6.0181E-04  1.8295E-04 4.0217E-01 7.1730E-05   214
5.0000E-03 4.9206E-01 4.0847E-01 4.0773E-01 7.3668E-04  1.9776E-04 4.0217E-01 8.7803E-05   214
5.0000E-03 7.7987E-01 4.5508E-03 4.5410E-03 9.8486E-06 -8.1045E-04 4.0217E-01 1.1763E-06   214
5.0000E-03 4.8915E-01 5.2604E-01 5.2512E-01 9.2309E-04  2.1170E-04 4.0217E-01 1.1002E-04   214
5.0000E-03 4.8627E-01 6.9486E-01 6.9367E-01 1.1886E-03  2.2468E-04 4.0217E-01 1.4165E-04   214
5.0000E-03 4.8343E-01 9.4157E-01 9.4001E-01 1.5698E-03  2.3660E-04 4.0217E-01 1.8708E-04   214
5.0000E-03 4.8062E-01 1.2936E+00 1.2915E+00 2.0956E-03  2.4750E-04 4.0217E-01 2.4974E-04   214
5.0000E-03 4.7784E-01 1.7162E+00 1.7136E+00 2.6860E-03  2.5794E-04 4.0217E-01 3.2011E-04   214
5.0000E-03 4.7509E-01 2.0020E+00 1.9990E+00 3.0092E-03  2.7030E-04 4.0217E-01 3.5862E-04   214
5.0000E-03 4.7238E-01 1.9039E+00 1.9011E+00 2.7380E-03  2.9082E-04 4.0217E-01 3.2628E-04   214
5.0000E-03 4.6969E-01 1.5121E+00 1.5100E+00 2.0720E-03  3.3329E-04 4.0217E-01 2.4688E-04   214
5.0000E-03 4.6704E-01 1.1019E+00 1.1004E+00 1.4305E-03  4.1311E-04 4.0217E-01 1.7040E-04   214
5.0000E-03 4.6441E-01 7.9299E-01 7.9202E-01 9.6972E-04  5.2038E-04 4.0217E-01 1.1548E-04   214
5.0000E-03 7.7258E-01 4.7500E-03 4.7397E-03 1.0291E-05 -7.9105E-04 4.0217E-01 1.2291E-06   214
5.0000E-03 4.6182E-01 5.8413E-01 5.8346E-01 6.7004E-04  6.1322E-04 4.0217E-01 7.9771E-05   214
5.0000E-03 4.5925E-01 4.4391E-01 4.4344E-01 4.7610E-04  6.6739E-04 4.0217E-01 5.6673E-05   214
5.0000E-03 4.5672E-01 3.4757E-01 3.4722E-01 3.4990E-04  6.9054E-04 4.0217E-01 4.1651E-05   214
5.0000E-03 4.5421E-01 2.7539E-01 2.7512E-01 2.6248E-04  7.0169E-04 4.0218E-01 3.1244E-05   214
5.0000E-03 4.5173E-01 2.1935E-01 2.1915E-01 1.9807E-04  7.1306E-04 4.0218E-01 2.3577E-05   214
5.0000E-03 4.4927E-01 1.7686E-01 1.7671E-01 1.4977E-04  7.2771E-04 4.0218E-01 1.7827E-05   214
5.0000E-03 4.4684E-01 1.4534E-01 1.4522E-01 1.1403E-04  7.4474E-04 4.0218E-01 1.3573E-05   214
5.0000E-03 4.4444E-01 1.2160E-01 1.2151E-01 8.7534E-05  7.6323E-04 4.0218E-01 1.0419E-05   214
5.0000E-03 4.4206E-01 1.0313E-01 1.0306E-01 6.7541E-05  7.8254E-04 4.0218E-01 8.0388E-06   214
5.0000E-03 4.3971E-01 8.8491E-02 8.8438E-02 5.2282E-05  8.0205E-04 4.0218E-01 6.2224E-06   214
5.0000E-03 7.6543E-01 4.8708E-03 4.8601E-03 1.0751E-05 -7.7175E-04 4.0217E-01 1.2840E-06   214
5.0000E-03 4.3738E-01 7.6701E-02 7.6661E-02 4.0455E-05  8.2175E-04 4.0218E-01 4.8146E-06   214
5.0000E-03 4.3508E-01 6.7148E-02 6.7117E-02 3.1260E-05  8.4167E-04 4.0218E-01 3.7201E-06   214
5.0000E-03 4.3280E-01 5.9289E-02 5.9265E-02 2.4041E-05  8.6195E-04 4.0218E-01 2.8609E-06   214
5.0000E-03 4.3055E-01 5.2793E-02 5.2775E-02 1.8377E-05  8.8253E-04 4.0218E-01 2.1868E-06   214
5.0000E-03 4.2832E-01 4.7358E-02 4.7344E-02 1.3909E-05  9.0348E-04 4.0218E-01 1.6551E-06   214
5.0000E-03 4.2611E-01 4.2774E-02 4.2764E-02 1.0393E-05  9.2488E-04 4.0218E-01 1.2366E-06   214
5.0000E-03 4.2393E-01 3.8885E-02 3.8878E-02 7.6473E-06  9.4663E-04 4.0218E-01 9.0988E-07   214
5.0000E-03 4.2176E-01 3.5523E-02 3.5517E-02 5.5006E-06  9.6890E-04 4.0218E-01 6.5443E-07   214
5.0000E-03 4.1962E-01 3.2617E-02 3.2613E-02 3.8581E-06  9.9144E-04 4.0218E-01 4.5899E-07   214
5.0000E-03 4.1750E-01 3.0074E-02 3.0072E-02 2.6197E-06  1.0143E-03 4.0218E-01 3.1165E-07   214
