Energy [eV] Abs Cross [um^2] 
3.100 	 1.28309e-05 
3.077 	 1.27404e-05 
3.054 	 1.26611e-05 
3.031 	 1.25872e-05 
3.009 	 1.25136e-05 
2.987 	 1.24356e-05 
2.965 	 1.23548e-05 
2.944 	 1.22774e-05 
2.923 	 1.22097e-05 
2.902 	 1.21577e-05 
2.882 	 1.21277e-05 
2.862 	 1.21242e-05 
2.842 	 1.21442e-05 
2.822 	 1.21823e-05 
2.803 	 1.22331e-05 
2.784 	 1.22910e-05 
2.765 	 1.23503e-05 
2.746 	 1.24049e-05 
2.728 	 1.24524e-05 
2.710 	 1.24984e-05 
2.692 	 1.25502e-05 
2.675 	 1.26153e-05 
2.657 	 1.27021e-05 
2.640 	 1.28194e-05 
2.623 	 1.29770e-05 
2.606 	 1.31805e-05 
2.590 	 1.34295e-05 
2.574 	 1.37233e-05 
2.557 	 1.40601e-05 
2.542 	 1.44366e-05 
2.526 	 1.48458e-05 
2.510 	 1.52753e-05 
2.495 	 1.57036e-05 
2.480 	 1.60949e-05 
2.465 	 1.64004e-05 
2.450 	 1.65632e-05 
2.436 	 1.65259e-05 
2.421 	 1.62433e-05 
2.407 	 1.56964e-05 
2.393 	 1.49044e-05 
2.379 	 1.39265e-05 
2.365 	 1.28472e-05 
2.352 	 1.17438e-05 
2.338 	 1.06735e-05 
2.325 	 9.67191e-06 
2.312 	 8.75670e-06 
2.299 	 7.93228e-06 
2.286 	 7.19455e-06 
2.273 	 6.53469e-06 
2.261 	 5.94168e-06 
2.248 	 5.40469e-06 
2.236 	 4.91688e-06 
2.224 	 4.47330e-06 
2.212 	 4.06975e-06 
2.200 	 3.70269e-06 
2.188 	 3.36904e-06 
2.177 	 3.06613e-06 
2.165 	 2.79165e-06 
2.154 	 2.54350e-06 
2.142 	 2.31984e-06 
2.131 	 2.11895e-06 
2.120 	 1.93917e-06 
2.109 	 1.77842e-06 
2.098 	 1.63454e-06 
2.088 	 1.50558e-06 
2.077 	 1.38975e-06 
2.067 	 1.28543e-06 
2.056 	 1.19118e-06 
2.046 	 1.10568e-06 
2.036 	 1.02779e-06 
2.026 	 9.56484e-07 
2.016 	 8.90847e-07 
2.006 	 8.30077e-07 
1.996 	 7.73626e-07 
1.986 	 7.21188e-07 
1.977 	 6.72505e-07 
1.967 	 6.27345e-07 
1.958 	 5.85501e-07 
1.949 	 5.46791e-07 
1.939 	 5.11048e-07 
1.930 	 4.78122e-07 
1.921 	 4.47877e-07 
1.912 	 4.20189e-07 
1.903 	 3.94944e-07 
1.894 	 3.72038e-07 
1.886 	 3.51372e-07 
1.877 	 3.32854e-07 
1.868 	 3.16338e-07 
1.860 	 3.01604e-07 
1.852 	 2.88449e-07 
1.843 	 2.76686e-07 
1.835 	 2.66146e-07 
1.827 	 2.56676e-07 
1.819 	 2.48137e-07 
1.811 	 2.40403e-07 
1.803 	 2.33359e-07 
1.795 	 2.26901e-07 
1.787 	 2.20936e-07 
1.779 	 2.15378e-07 
1.771 	 2.10150e-07 
