Energy [eV] Abs Cross [um^2] 
2.756 	 6.99310e-03 
2.749 	 7.31689e-03 
2.743 	 7.67107e-03 
2.737 	 8.06000e-03 
2.731 	 8.48933e-03 
2.725 	 8.96619e-03 
2.719 	 9.49893e-03 
2.713 	 1.00970e-02 
2.707 	 1.07709e-02 
2.701 	 1.15312e-02 
2.695 	 1.23882e-02 
2.689 	 1.33504e-02 
2.684 	 1.44216e-02 
2.678 	 1.55927e-02 
2.672 	 1.68285e-02 
2.666 	 1.80525e-02 
2.660 	 1.91426e-02 
2.655 	 1.99550e-02 
2.649 	 2.03806e-02 
2.643 	 2.04023e-02 
2.638 	 2.01055e-02 
2.632 	 1.96321e-02 
2.627 	 1.91190e-02 
2.621 	 1.86620e-02 
2.615 	 1.83117e-02 
2.610 	 1.80847e-02 
2.604 	 1.79782e-02 
2.599 	 1.79799e-02 
2.593 	 1.80745e-02 
2.588 	 1.82464e-02 
2.583 	 1.84812e-02 
2.577 	 1.87658e-02 
2.572 	 1.90887e-02 
2.566 	 1.94393e-02 
2.561 	 1.98082e-02 
2.556 	 2.01865e-02 
2.550 	 2.05659e-02 
2.545 	 2.09385e-02 
2.540 	 2.12968e-02 
2.535 	 2.16336e-02 
2.530 	 2.19421e-02 
2.524 	 2.22161e-02 
2.519 	 2.24499e-02 
2.514 	 2.26382e-02 
2.509 	 2.27770e-02 
2.504 	 2.28626e-02 
2.499 	 2.28927e-02 
2.494 	 2.28658e-02 
2.489 	 2.27815e-02 
2.484 	 2.26404e-02 
2.479 	 2.24441e-02 
2.474 	 2.21951e-02 
2.469 	 2.18967e-02 
2.464 	 2.15527e-02 
2.459 	 2.11677e-02 
2.454 	 2.07464e-02 
2.449 	 2.02938e-02 
2.444 	 1.98149e-02 
2.440 	 1.93148e-02 
2.435 	 1.87982e-02 
2.430 	 1.82698e-02 
2.425 	 1.77338e-02 
2.420 	 1.71940e-02 
2.416 	 1.66539e-02 
2.411 	 1.61167e-02 
2.406 	 1.55850e-02 
2.402 	 1.50610e-02 
2.397 	 1.45468e-02 
2.392 	 1.40438e-02 
2.388 	 1.35533e-02 
2.383 	 1.30763e-02 
2.378 	 1.26136e-02 
2.374 	 1.21656e-02 
2.369 	 1.17326e-02 
2.365 	 1.13149e-02 
2.360 	 1.09124e-02 
2.356 	 1.05250e-02 
2.351 	 1.01525e-02 
2.347 	 9.79472e-03 
2.342 	 9.45126e-03 
2.338 	 9.12177e-03 
2.333 	 8.80583e-03 
2.329 	 8.50301e-03 
2.325 	 8.21286e-03 
2.320 	 7.93492e-03 
2.316 	 7.66870e-03 
2.312 	 7.41374e-03 
2.307 	 7.16958e-03 
2.303 	 6.93575e-03 
2.299 	 6.71180e-03 
2.294 	 6.49729e-03 
2.290 	 6.29180e-03 
2.286 	 6.09492e-03 
2.282 	 5.90624e-03 
2.277 	 5.72540e-03 
2.273 	 5.55202e-03 
2.269 	 5.38578e-03 
2.265 	 5.22632e-03 
2.261 	 5.07335e-03 
2.257 	 4.92654e-03 
2.252 	 4.78563e-03 
2.248 	 4.65032e-03 
2.244 	 4.52036e-03 
2.240 	 4.39549e-03 
2.236 	 4.27548e-03 
2.232 	 4.16011e-03 
2.228 	 4.04915e-03 
2.224 	 3.94240e-03 
2.220 	 3.83966e-03 
2.216 	 3.74076e-03 
2.212 	 3.64551e-03 
2.208 	 3.55376e-03 
2.204 	 3.46535e-03 
2.200 	 3.38012e-03 
2.196 	 3.29793e-03 
2.192 	 3.21866e-03 
2.189 	 3.14218e-03 
2.185 	 3.06836e-03 
2.181 	 2.99709e-03 
2.177 	 2.92826e-03 
2.173 	 2.86176e-03 
2.169 	 2.79750e-03 
2.166 	 2.73539e-03 
2.162 	 2.67533e-03 
2.158 	 2.61723e-03 
2.154 	 2.56103e-03 
2.150 	 2.50663e-03 
2.147 	 2.45397e-03 
2.143 	 2.40298e-03 
2.139 	 2.35359e-03 
2.136 	 2.30574e-03 
2.132 	 2.25936e-03 
2.128 	 2.21440e-03 
2.124 	 2.17081e-03 
2.121 	 2.12852e-03 
2.117 	 2.08750e-03 
2.114 	 2.04770e-03 
2.110 	 2.00906e-03 
2.106 	 1.97155e-03 
2.103 	 1.93512e-03 
2.099 	 1.89974e-03 
2.096 	 1.86536e-03 
2.092 	 1.83195e-03 
2.089 	 1.79947e-03 
2.085 	 1.76790e-03 
2.081 	 1.73719e-03 
2.078 	 1.70732e-03 
2.074 	 1.67827e-03 
2.071 	 1.64999e-03 
2.068 	 1.62247e-03 
2.064 	 1.59567e-03 
2.061 	 1.56959e-03 
2.057 	 1.54418e-03 
2.054 	 1.51943e-03 
2.050 	 1.49531e-03 
2.047 	 1.47181e-03 
2.044 	 1.44891e-03 
2.040 	 1.42658e-03 
2.037 	 1.40481e-03 
2.033 	 1.38358e-03 
2.030 	 1.36287e-03 
2.027 	 1.34267e-03 
2.023 	 1.32296e-03 
2.020 	 1.30372e-03 
2.017 	 1.28495e-03 
2.014 	 1.26662e-03 
2.010 	 1.24872e-03 
2.007 	 1.23124e-03 
2.004 	 1.21417e-03 
2.000 	 1.19749e-03 
1.997 	 1.18119e-03 
1.994 	 1.16527e-03 
1.991 	 1.14971e-03 
1.988 	 1.13449e-03 
1.984 	 1.11962e-03 
1.981 	 1.10508e-03 
1.978 	 1.09086e-03 
1.975 	 1.07696e-03 
1.972 	 1.06336e-03 
1.969 	 1.05005e-03 
1.965 	 1.03703e-03 
1.962 	 1.02429e-03 
1.959 	 1.01183e-03 
1.956 	 9.99623e-04 
1.953 	 9.87677e-04 
1.950 	 9.75981e-04 
1.947 	 9.64527e-04 
1.944 	 9.53311e-04 
1.941 	 9.42324e-04 
1.938 	 9.31562e-04 
1.935 	 9.21018e-04 
1.932 	 9.10686e-04 
1.929 	 9.00562e-04 
1.926 	 8.90640e-04 
1.923 	 8.80914e-04 
1.920 	 8.71381e-04 
1.917 	 8.62035e-04 
1.914 	 8.52871e-04 
1.911 	 8.43886e-04 
1.908 	 8.35074e-04 
