 5.0000E-03 8.2666E-01 1.8393E-02 1.8289E-02 1.0446E-04 -5.7639E-04 4.0217E-01 1.2469E-05   214
 5.0000E-03 7.5840E-01 2.8538E-02 2.8356E-02 1.8253E-04 -4.1540E-04 4.0217E-01 2.1780E-05   214
 5.0000E-03 4.1541E-01 5.1708E-01 5.1630E-01 7.8689E-04  1.9730E-03 4.0218E-01 9.3361E-05   214
 5.0000E-03 7.5151E-01 3.0129E-02 2.9934E-02 1.9475E-04 -4.0075E-04 4.0217E-01 2.3238E-05   214
 5.0000E-03 7.4474E-01 3.2125E-02 3.1917E-02 2.0792E-04 -3.8536E-04 4.0217E-01 2.4809E-05   214
 5.0000E-03 7.3809E-01 3.4466E-02 3.4244E-02 2.2186E-04 -3.6793E-04 4.0217E-01 2.6471E-05   214
 5.0000E-03 7.3156E-01 3.6870E-02 3.6634E-02 2.3650E-04 -3.4986E-04 4.0217E-01 2.8217E-05   214
 5.0000E-03 7.2514E-01 3.9023E-02 3.8771E-02 2.5206E-04 -3.3159E-04 4.0217E-01 3.0072E-05   214
 5.0000E-03 7.1884E-01 4.0968E-02 4.0699E-02 2.6904E-04 -3.1292E-04 4.0217E-01 3.2096E-05   214
 5.0000E-03 7.1264E-01 4.3060E-02 4.2773E-02 2.8772E-04 -2.9465E-04 4.0217E-01 3.4323E-05   214
 5.0000E-03 7.0655E-01 4.5439E-02 4.5131E-02 3.0820E-04 -2.7771E-04 4.0217E-01 3.6765E-05   214
 5.0000E-03 7.0056E-01 4.8285E-02 4.7955E-02 3.3064E-04 -2.6068E-04 4.0217E-01 3.9440E-05   214
 5.0000E-03 8.1848E-01 1.9747E-02 1.9636E-02 1.1098E-04 -5.5911E-04 4.0217E-01 1.3247E-05   214
 5.0000E-03 6.9467E-01 5.1626E-02 5.1271E-02 3.5497E-04 -2.4166E-04 4.0217E-01 4.2341E-05   214
 5.0000E-03 6.8888E-01 5.5361E-02 5.4980E-02 3.8143E-04 -2.2064E-04 4.0217E-01 4.5495E-05   214
 5.0000E-03 6.8319E-01 5.9561E-02 5.9151E-02 4.1039E-04 -1.9873E-04 4.0217E-01 4.8947E-05   214
 5.0000E-03 6.7759E-01 6.4419E-02 6.3978E-02 4.4219E-04 -1.7684E-04 4.0217E-01 5.2737E-05   214
 5.0000E-03 6.7208E-01 6.9879E-02 6.9403E-02 4.7692E-04 -1.5568E-04 4.0217E-01 5.6876E-05   214
 5.0000E-03 6.6666E-01 7.5863E-02 7.5348E-02 5.1529E-04 -1.3505E-04 4.0218E-01 6.1450E-05   214
 5.0000E-03 6.6133E-01 8.2792E-02 8.2235E-02 5.5813E-04 -1.1442E-04 4.0218E-01 6.6556E-05   214
 5.0000E-03 6.5608E-01 9.1649E-02 9.1045E-02 6.0548E-04 -9.3751E-05 4.0218E-01 7.2199E-05   214
 5.0000E-03 6.5091E-01 1.0234E-01 1.0168E-01 6.5774E-04 -7.2734E-05 4.0218E-01 7.8426E-05   214
 5.0000E-03 6.4583E-01 1.1464E-01 1.1392E-01 7.1578E-04 -5.1051E-05 4.0218E-01 8.5342E-05   214
 5.0000E-03 8.1045E-01 2.0882E-02 2.0764E-02 1.1779E-04 -5.4220E-04 4.0217E-01 1.4060E-05   214
 5.0000E-03 6.4082E-01 1.2890E-01 1.2812E-01 7.8094E-04 -2.8666E-05 4.0218E-01 9.3108E-05   214
 5.0000E-03 6.3589E-01 1.4559E-01 1.4474E-01 8.5439E-04 -5.8337E-06 4.0218E-01 1.0186E-04   214
 5.0000E-03 6.3104E-01 1.6530E-01 1.6437E-01 9.3729E-04  1.7346E-05 4.0218E-01 1.1174E-04   214
 5.0000E-03 6.2626E-01 1.8865E-01 1.8762E-01 1.0310E-03  4.0829E-05 4.0218E-01 1.2290E-04   214
 5.0000E-03 6.2155E-01 2.1618E-01 2.1504E-01 1.1367E-03  6.4494E-05 4.0217E-01 1.3550E-04   214
 5.0000E-03 6.1691E-01 2.4858E-01 2.4732E-01 1.2564E-03  8.8269E-05 4.0217E-01 1.4976E-04   214
 5.0000E-03 6.1234E-01 2.8701E-01 2.8561E-01 1.4005E-03  1.1313E-04 4.0217E-01 1.6693E-04   214
 5.0000E-03 6.0784E-01 3.3291E-01 3.3135E-01 1.5662E-03  1.3807E-04 4.0217E-01 1.8666E-04   214
 5.0000E-03 6.0340E-01 3.8783E-01 3.8607E-01 1.7569E-03  1.6312E-04 4.0217E-01 2.0938E-04   214
 5.0000E-03 5.9903E-01 4.5333E-01 4.5136E-01 1.9759E-03  1.8818E-04 4.0217E-01 2.3547E-04   214
 5.0000E-03 8.0258E-01 2.1757E-02 2.1632E-02 1.2503E-04 -5.2394E-04 4.0217E-01 1.4923E-05   214
 5.0000E-03 5.9472E-01 5.3150E-01 5.2928E-01 2.2269E-03  2.1330E-04 4.0217E-01 2.6536E-04   214
 5.0000E-03 5.9047E-01 6.2417E-01 6.2166E-01 2.5116E-03  2.3850E-04 4.0217E-01 2.9927E-04   214
 5.0000E-03 5.8628E-01 7.3260E-01 7.2977E-01 2.8292E-03  2.6386E-04 4.0217E-01 3.3709E-04   214
 5.0000E-03 5.8215E-01 8.5697E-01 8.5379E-01 3.1748E-03  2.8953E-04 4.0217E-01 3.7825E-04   214
 5.0000E-03 5.7808E-01 9.8883E-01 9.8533E-01 3.5060E-03  3.1513E-04 4.0217E-01 4.1769E-04   214
 5.0000E-03 5.7407E-01 1.1269E+00 1.1231E+00 3.8197E-03  3.4183E-04 4.0217E-01 4.5503E-04   214
 5.0000E-03 5.7011E-01 1.2628E+00 1.2587E+00 4.0879E-03  3.7017E-04 4.0217E-01 4.8695E-04   214
 5.0000E-03 5.6621E-01 1.3847E+00 1.3805E+00 4.2784E-03  4.0067E-04 4.0217E-01 5.0960E-04   214
 5.0000E-03 5.6235E-01 1.4811E+00 1.4768E+00 4.3649E-03  4.3413E-04 4.0217E-01 5.1986E-04   214
 5.0000E-03 5.5855E-01 1.5417E+00 1.5374E+00 4.3324E-03  4.7104E-04 4.0217E-01 5.1595E-04   214
 5.0000E-03 7.9487E-01 2.2465E-02 2.2332E-02 1.3289E-04 -5.0441E-04 4.0217E-01 1.5861E-05   214
 5.0000E-03 5.5480E-01 1.5623E+00 1.5581E+00 4.1851E-03  5.1201E-04 4.0217E-01 4.9836E-04   214
 5.0000E-03 5.5111E-01 1.5448E+00 1.5408E+00 3.9449E-03  5.5719E-04 4.0217E-01 4.6969E-04   214
 5.0000E-03 5.4746E-01 1.4985E+00 1.4948E+00 3.6510E-03  6.0723E-04 4.0217E-01 4.3464E-04   214
 5.0000E-03 5.4385E-01 1.4289E+00 1.4255E+00 3.3217E-03  6.6286E-04 4.0217E-01 3.9539E-04   214
 5.0000E-03 5.4030E-01 1.3407E+00 1.3377E+00 2.9676E-03  7.2185E-04 4.0217E-01 3.5319E-04   214
 5.0000E-03 5.3679E-01 1.2446E+00 1.2419E+00 2.6185E-03  7.8277E-04 4.0217E-01 3.1158E-04   214
 5.0000E-03 5.3333E-01 1.1488E+00 1.1465E+00 2.2947E-03  8.4363E-04 4.0217E-01 2.7301E-04   214
 5.0000E-03 5.2991E-01 1.0579E+00 1.0559E+00 2.0044E-03  9.0307E-04 4.0217E-01 2.3843E-04   214
 5.0000E-03 5.2653E-01 9.7431E-01 9.7256E-01 1.7501E-03  9.6009E-04 4.0217E-01 2.0815E-04   214
 5.0000E-03 5.2320E-01 8.9903E-01 8.9750E-01 1.5309E-03  1.0141E-03 4.0217E-01 1.8206E-04   214
 5.0000E-03 7.8730E-01 2.3292E-02 2.3150E-02 1.4151E-04 -4.8450E-04 4.0217E-01 1.6888E-05   214
 5.0000E-03 5.1991E-01 8.2788E-01 8.2656E-01 1.3247E-03  1.0655E-03 4.0217E-01 1.5751E-04   214
 5.0000E-03 5.1666E-01 7.6137E-01 7.6024E-01 1.1299E-03  1.1131E-03 4.0218E-01 1.3434E-04   214
 5.0000E-03 5.1345E-01 7.0644E-01 7.0547E-01 9.7805E-04  1.1573E-03 4.0218E-01 1.1627E-04   214
 5.0000E-03 5.1028E-01 6.6044E-01 6.5958E-01 8.5767E-04  1.1992E-03 4.0218E-01 1.0195E-04   214
 5.0000E-03 5.0715E-01 6.2140E-01 6.2064E-01 7.6086E-04  1.2394E-03 4.0218E-01 9.0437E-05   214
 5.0000E-03 5.0406E-01 5.8786E-01 5.8718E-01 6.8203E-04  1.2785E-03 4.0218E-01 8.1059E-05   214
 5.0000E-03 5.0101E-01 5.5873E-01 5.5812E-01 6.1714E-04  1.3169E-03 4.0218E-01 7.3341E-05   214
 5.0000E-03 4.9799E-01 5.3310E-01 5.3253E-01 5.6310E-04  1.3550E-03 4.0218E-01 6.6913E-05   214
 5.0000E-03 4.9500E-01 5.1321E-01 5.1269E-01 5.2380E-04  1.3900E-03 4.0218E-01 6.2239E-05   214
 5.0000E-03 4.9206E-01 5.0152E-01 5.0102E-01 5.0312E-04  1.4181E-03 4.0218E-01 5.9778E-05   214
 5.0000E-03 7.7987E-01 2.4423E-02 2.4272E-02 1.5079E-04 -4.6602E-04 4.0217E-01 1.7996E-05   214
 5.0000E-03 4.8915E-01 4.9203E-01 4.9154E-01 4.8785E-04  1.4448E-03 4.0218E-01 5.7960E-05   214
 5.0000E-03 4.8627E-01 4.8447E-01 4.8400E-01 4.7720E-04  1.4701E-03 4.0218E-01 5.6692E-05   214
 5.0000E-03 4.8343E-01 4.7867E-01 4.7820E-01 4.7060E-04  1.4939E-03 4.0218E-01 5.5904E-05   214
 5.0000E-03 4.8062E-01 4.7441E-01 4.7395E-01 4.6756E-04  1.5162E-03 4.0218E-01 5.5540E-05   214
 5.0000E-03 4.7784E-01 4.7157E-01 4.7110E-01 4.6778E-04  1.5369E-03 4.0218E-01 5.5563E-05   214
 5.0000E-03 4.7509E-01 4.7003E-01 4.6956E-01 4.7102E-04  1.5559E-03 4.0218E-01 5.5945E-05   214
 5.0000E-03 4.7238E-01 4.6968E-01 4.6921E-01 4.7710E-04  1.5732E-03 4.0218E-01 5.6665E-05   214
 5.0000E-03 4.6969E-01 4.7037E-01 4.6988E-01 4.8535E-04  1.5897E-03 4.0218E-01 5.7643E-05   214
 5.0000E-03 4.6704E-01 4.7158E-01 4.7109E-01 4.9470E-04  1.6060E-03 4.0218E-01 5.8751E-05   214
 5.0000E-03 4.6441E-01 4.7326E-01 4.7275E-01 5.0526E-04  1.6216E-03 4.0218E-01 6.0003E-05   214
 5.0000E-03 7.7258E-01 2.5724E-02 2.5563E-02 1.6067E-04 -4.4892E-04 4.0217E-01 1.9174E-05   214
 5.0000E-03 4.6182E-01 4.7539E-01 4.7487E-01 5.1696E-04  1.6366E-03 4.0218E-01 6.1390E-05   214
 5.0000E-03 4.5925E-01 4.7798E-01 4.7745E-01 5.2990E-04  1.6511E-03 4.0218E-01 6.2924E-05   214
 5.0000E-03 4.5672E-01 4.8100E-01 4.8046E-01 5.4401E-04  1.6648E-03 4.0218E-01 6.4596E-05   214
 5.0000E-03 4.5421E-01 4.8449E-01 4.8393E-01 5.5942E-04  1.6779E-03 4.0218E-01 6.6424E-05   214
 5.0000E-03 4.5173E-01 4.8842E-01 4.8784E-01 5.7612E-04  1.6902E-03 4.0218E-01 6.8405E-05   214
 5.0000E-03 4.4927E-01 4.9063E-01 4.9004E-01 5.8942E-04  1.7055E-03 4.0218E-01 6.9981E-05   214
 5.0000E-03 4.4684E-01 4.9182E-01 4.9122E-01 6.0063E-04  1.7227E-03 4.0218E-01 7.1308E-05   214
 5.0000E-03 4.4444E-01 4.9298E-01 4.9237E-01 6.1187E-04  1.7400E-03 4.0218E-01 7.2640E-05   214
 5.0000E-03 4.4206E-01 4.9412E-01 4.9350E-01 6.2321E-04  1.7577E-03 4.0218E-01 7.3983E-05   214
 5.0000E-03 4.3971E-01 4.9524E-01 4.9461E-01 6.3458E-04  1.7756E-03 4.0218E-01 7.5330E-05   214
 5.0000E-03 7.6543E-01 2.7108E-02 2.6937E-02 1.7121E-04 -4.3169E-04 4.0217E-01 2.0431E-05   214
 5.0000E-03 4.3738E-01 4.9635E-01 4.9570E-01 6.4605E-04  1.7938E-03 4.0218E-01 7.6687E-05   214
 5.0000E-03 4.3508E-01 4.9745E-01 4.9679E-01 6.5755E-04  1.8123E-03 4.0218E-01 7.8048E-05   214
 5.0000E-03 4.3280E-01 4.9855E-01 4.9788E-01 6.6913E-04  1.8310E-03 4.0218E-01 7.9419E-05   214
 5.0000E-03 4.3055E-01 4.9965E-01 4.9897E-01 6.8076E-04  1.8498E-03 4.0218E-01 8.0796E-05   214
 5.0000E-03 4.2832E-01 5.0188E-01 5.0119E-01 6.9494E-04  1.8672E-03 4.0218E-01 8.2475E-05   214
 5.0000E-03 4.2611E-01 5.0420E-01 5.0349E-01 7.0946E-04  1.8847E-03 4.0218E-01 8.4194E-05   214
 5.0000E-03 4.2393E-01 5.0660E-01 5.0588E-01 7.2425E-04  1.9022E-03 4.0218E-01 8.5946E-05   214
 5.0000E-03 4.2176E-01 5.0910E-01 5.0836E-01 7.3946E-04  1.9199E-03 4.0218E-01 8.7746E-05   214
 5.0000E-03 4.1962E-01 5.1168E-01 5.1093E-01 7.5494E-04  1.9375E-03 4.0218E-01 8.9579E-05   214
 5.0000E-03 4.1750E-01 5.1435E-01 5.1358E-01 7.7078E-04  1.9553E-03 4.0218E-01 9.1453E-05   214
