 5.0000E-03 8.2666E-01 3.9029E-02 3.8761E-02 2.6880E-04 -3.9424E-04 4.0217E-01 3.2072E-05   214
 5.0000E-03 7.5840E-01 6.7284E-02 6.6751E-02 5.3377E-04 -2.0062E-04 4.0218E-01 6.3662E-05   214
 5.0000E-03 4.1541E-01 2.1699E-02 2.1499E-02 1.9976E-04  3.3703E-03 4.0219E-01 2.3620E-05   214
 5.0000E-03 7.5151E-01 7.2064E-02 7.1485E-02 5.7931E-04 -1.7790E-04 4.0218E-01 6.9090E-05   214
 5.0000E-03 7.4474E-01 7.7019E-02 7.6389E-02 6.3012E-04 -1.5577E-04 4.0218E-01 7.5147E-05   214
 5.0000E-03 7.3809E-01 8.2719E-02 8.2032E-02 6.8737E-04 -1.3369E-04 4.0218E-01 8.1970E-05   214
 5.0000E-03 7.3156E-01 8.9521E-02 8.8771E-02 7.5108E-04 -1.1214E-04 4.0218E-01 8.9563E-05   214
 5.0000E-03 7.2514E-01 9.7077E-02 9.6257E-02 8.2156E-04 -9.0693E-05 4.0218E-01 9.7963E-05   214
 5.0000E-03 7.1884E-01 1.0523E-01 1.0434E-01 9.0017E-04 -6.8480E-05 4.0218E-01 1.0733E-04   214
 5.0000E-03 7.1264E-01 1.1408E-01 1.1309E-01 9.8879E-04 -4.5716E-05 4.0218E-01 1.1789E-04   214
 5.0000E-03 7.0655E-01 1.2384E-01 1.2275E-01 1.0899E-03 -2.2918E-05 4.0218E-01 1.2994E-04   214
 5.0000E-03 7.0056E-01 1.3525E-01 1.3405E-01 1.2059E-03  6.6970E-08 4.0218E-01 1.4377E-04   214
 5.0000E-03 8.1848E-01 4.1527E-02 4.1238E-02 2.8848E-04 -3.7370E-04 4.0217E-01 3.4420E-05   214
 5.0000E-03 6.9467E-01 1.4876E-01 1.4743E-01 1.3388E-03  2.3281E-05 4.0218E-01 1.5960E-04   214
 5.0000E-03 6.8888E-01 1.6465E-01 1.6316E-01 1.4901E-03  4.6391E-05 4.0218E-01 1.7763E-04   214
 5.0000E-03 6.8319E-01 1.8232E-01 1.8066E-01 1.6618E-03  6.8981E-05 4.0218E-01 1.9809E-04   214
 5.0000E-03 6.7759E-01 2.0175E-01 1.9989E-01 1.8633E-03  9.1096E-05 4.0218E-01 2.2210E-04   214
 5.0000E-03 6.7208E-01 2.2574E-01 2.2364E-01 2.1034E-03  1.1295E-04 4.0218E-01 2.5070E-04   214
 5.0000E-03 6.6666E-01 2.5519E-01 2.5281E-01 2.3812E-03  1.3458E-04 4.0218E-01 2.8380E-04   214
 5.0000E-03 6.6133E-01 2.8811E-01 2.8541E-01 2.7020E-03  1.5614E-04 4.0217E-01 3.2203E-04   214
 5.0000E-03 6.5608E-01 3.2481E-01 3.2172E-01 3.0893E-03  1.7737E-04 4.0217E-01 3.6817E-04   214
 5.0000E-03 6.5091E-01 3.6987E-01 3.6630E-01 3.5727E-03  1.9780E-04 4.0217E-01 4.2576E-04   214
 5.0000E-03 6.4583E-01 4.2839E-01 4.2423E-01 4.1707E-03  2.1737E-04 4.0217E-01 4.9701E-04   214
 5.0000E-03 8.1045E-01 4.3757E-02 4.3448E-02 3.0997E-04 -3.5271E-04 4.0217E-01 3.6982E-05   214
 5.0000E-03 6.4082E-01 5.0239E-01 4.9749E-01 4.9009E-03  2.3599E-04 4.0217E-01 5.8401E-04   214
 5.0000E-03 6.3589E-01 5.9353E-01 5.8774E-01 5.8039E-03  2.5340E-04 4.0217E-01 6.9158E-04   214
 5.0000E-03 6.3104E-01 7.0776E-01 7.0083E-01 6.9396E-03  2.6973E-04 4.0217E-01 8.2689E-04   214
 5.0000E-03 6.2626E-01 8.5184E-01 8.4345E-01 8.3957E-03  2.8487E-04 4.0217E-01 1.0004E-03   214
 5.0000E-03 6.2155E-01 1.0407E+00 1.0304E+00 1.0325E-02  2.9830E-04 4.0217E-01 1.2302E-03   214
 5.0000E-03 6.1691E-01 1.2955E+00 1.2826E+00 1.2883E-02  3.0946E-04 4.0217E-01 1.5350E-03   214
 5.0000E-03 6.1234E-01 1.6331E+00 1.6169E+00 1.6223E-02  3.1831E-04 4.0217E-01 1.9330E-03   214
 5.0000E-03 6.0784E-01 2.0701E+00 2.0496E+00 2.0568E-02  3.2531E-04 4.0217E-01 2.4507E-03   214
 5.0000E-03 6.0340E-01 2.6300E+00 2.6037E+00 2.6303E-02  3.3014E-04 4.0217E-01 3.1340E-03   214
 5.0000E-03 5.9903E-01 3.3518E+00 3.3178E+00 3.4062E-02  3.3147E-04 4.0217E-01 4.0586E-03   214
 5.0000E-03 8.0258E-01 4.6042E-02 4.5709E-02 3.3370E-04 -3.3196E-04 4.0217E-01 3.9811E-05   214
 5.0000E-03 5.9472E-01 4.2566E+00 4.2125E+00 4.4122E-02  3.2760E-04 4.0217E-01 5.2574E-03   214
 5.0000E-03 5.9047E-01 5.1358E+00 5.0819E+00 5.3953E-02  3.1859E-04 4.0217E-01 6.4292E-03   214
 5.0000E-03 5.8628E-01 5.5083E+00 5.4502E+00 5.8155E-02  3.0614E-04 4.0216E-01 6.9304E-03   214
 5.0000E-03 5.8215E-01 5.1788E+00 5.1239E+00 5.4980E-02  2.9123E-04 4.0216E-01 6.5524E-03   214
 5.0000E-03 5.7808E-01 4.3844E+00 4.3374E+00 4.7038E-02  2.7513E-04 4.0216E-01 5.6064E-03   214
 5.0000E-03 5.7407E-01 3.4580E+00 3.4205E+00 3.7501E-02  2.6569E-04 4.0216E-01 4.4699E-03   214
 5.0000E-03 5.7011E-01 2.6461E+00 2.6172E+00 2.8862E-02  2.8233E-04 4.0216E-01 3.4401E-03   214
 5.0000E-03 5.6621E-01 2.0345E+00 2.0123E+00 2.2179E-02  3.5509E-04 4.0216E-01 2.6429E-03   214
 5.0000E-03 5.6235E-01 1.5951E+00 1.5778E+00 1.7322E-02  5.1889E-04 4.0216E-01 2.0631E-03   214
 5.0000E-03 5.5855E-01 1.2779E+00 1.2641E+00 1.3830E-02  7.9297E-04 4.0215E-01 1.6457E-03   214
 5.0000E-03 7.9487E-01 4.8595E-02 4.8235E-02 3.5988E-04 -3.1251E-04 4.0218E-01 4.2932E-05   214
 5.0000E-03 5.5480E-01 1.0411E+00 1.0298E+00 1.1243E-02  1.1405E-03 4.0215E-01 1.3364E-03   214
 5.0000E-03 5.5111E-01 8.6122E-01 8.5195E-01 9.2800E-03  1.4805E-03 4.0215E-01 1.1018E-03   214
 5.0000E-03 5.4746E-01 7.2306E-01 7.1532E-01 7.7552E-03  1.7588E-03 4.0215E-01 9.1998E-04   214
 5.0000E-03 5.4385E-01 6.1652E-01 6.0996E-01 6.5611E-03  1.9359E-03 4.0216E-01 7.7790E-04   214
 5.0000E-03 5.4030E-01 5.3402E-01 5.2841E-01 5.6167E-03  2.0168E-03 4.0216E-01 6.6578E-04   214
 5.0000E-03 5.3679E-01 4.7082E-01 4.6597E-01 4.8571E-03  2.0418E-03 4.0216E-01 5.7573E-04   214
 5.0000E-03 5.3333E-01 4.2467E-01 4.2042E-01 4.2560E-03  2.0413E-03 4.0216E-01 5.0450E-04   214
 5.0000E-03 5.2991E-01 3.9196E-01 3.8816E-01 3.8019E-03  2.0243E-03 4.0217E-01 4.5073E-04   214
 5.0000E-03 5.2653E-01 3.6406E-01 3.6059E-01 3.4764E-03  1.9942E-03 4.0218E-01 4.1224E-04   214
 5.0000E-03 5.2320E-01 3.3059E-01 3.2738E-01 3.2207E-03  1.9628E-03 4.0219E-01 3.8201E-04   214
 5.0000E-03 7.8730E-01 5.1626E-02 5.1238E-02 3.8868E-04 -2.9317E-04 4.0218E-01 4.6367E-05   214
 5.0000E-03 5.1991E-01 2.8998E-01 2.8702E-01 2.9649E-03  1.9477E-03 4.0220E-01 3.5174E-04   214
 5.0000E-03 5.1666E-01 2.5075E-01 2.4805E-01 2.6952E-03  1.9512E-03 4.0221E-01 3.1977E-04   214
 5.0000E-03 5.1345E-01 2.1829E-01 2.1586E-01 2.4390E-03  1.9634E-03 4.0221E-01 2.8937E-04   214
 5.0000E-03 5.1028E-01 1.9164E-01 1.8943E-01 2.2085E-03  1.9792E-03 4.0221E-01 2.6201E-04   214
 5.0000E-03 5.0715E-01 1.6990E-01 1.6790E-01 2.0018E-03  1.9979E-03 4.0221E-01 2.3749E-04   214
 5.0000E-03 5.0406E-01 1.5270E-01 1.5088E-01 1.8205E-03  2.0201E-03 4.0220E-01 2.1597E-04   214
 5.0000E-03 5.0101E-01 1.3868E-01 1.3702E-01 1.6632E-03  2.0472E-03 4.0220E-01 1.9730E-04   214
 5.0000E-03 4.9799E-01 1.2685E-01 1.2533E-01 1.5251E-03  2.0770E-03 4.0220E-01 1.8090E-04   214
 5.0000E-03 4.9500E-01 1.1688E-01 1.1547E-01 1.4033E-03  2.1079E-03 4.0220E-01 1.6645E-04   214
 5.0000E-03 4.9206E-01 1.0827E-01 1.0698E-01 1.2968E-03  2.1421E-03 4.0220E-01 1.5380E-04   214
 5.0000E-03 7.7987E-01 5.5066E-02 5.4646E-02 4.2007E-04 -2.7190E-04 4.0218E-01 5.0109E-05   214
 5.0000E-03 4.8915E-01 1.0054E-01 9.9340E-02 1.2020E-03  2.1810E-03 4.0220E-01 1.4253E-04   214
 5.0000E-03 4.8627E-01 9.3484E-02 9.2368E-02 1.1166E-03  2.2200E-03 4.0219E-01 1.3240E-04   214
 5.0000E-03 4.8343E-01 8.7084E-02 8.6046E-02 1.0393E-03  2.2557E-03 4.0219E-01 1.2322E-04   214
 5.0000E-03 4.8062E-01 8.1384E-02 8.0416E-02 9.6896E-04  2.2903E-03 4.0219E-01 1.1487E-04   214
 5.0000E-03 4.7784E-01 7.6314E-02 7.5410E-02 9.0508E-04  2.3253E-03 4.0219E-01 1.0729E-04   214
 5.0000E-03 4.7509E-01 7.1699E-02 7.0853E-02 8.4712E-04  2.3623E-03 4.0219E-01 1.0041E-04   214
 5.0000E-03 4.7238E-01 6.7404E-02 6.6611E-02 7.9429E-04  2.4011E-03 4.0219E-01 9.4136E-05   214
 5.0000E-03 4.6969E-01 6.3400E-02 6.2655E-02 7.4557E-04  2.4391E-03 4.0219E-01 8.8354E-05   214
 5.0000E-03 4.6704E-01 5.9607E-02 5.8907E-02 7.0083E-04  2.4753E-03 4.0219E-01 8.3045E-05   214
 5.0000E-03 4.6441E-01 5.5987E-02 5.5329E-02 6.5896E-04  2.5121E-03 4.0219E-01 7.8077E-05   214
 5.0000E-03 7.7258E-01 5.8766E-02 5.8312E-02 4.5439E-04 -2.4861E-04 4.0218E-01 5.4200E-05   214
 5.0000E-03 4.6182E-01 5.2681E-02 5.2061E-02 6.2000E-04  2.5502E-03 4.0219E-01 7.3454E-05   214
 5.0000E-03 4.5925E-01 4.9651E-02 4.9068E-02 5.8359E-04  2.5892E-03 4.0219E-01 6.9135E-05   214
 5.0000E-03 4.5672E-01 4.6895E-02 4.6346E-02 5.4976E-04  2.6272E-03 4.0219E-01 6.5120E-05   214
 5.0000E-03 4.5421E-01 4.4417E-02 4.3899E-02 5.1811E-04  2.6647E-03 4.0219E-01 6.1366E-05   214
 5.0000E-03 4.5173E-01 4.2172E-02 4.1684E-02 4.8873E-04  2.7028E-03 4.0219E-01 5.7881E-05   214
 5.0000E-03 4.4927E-01 4.0084E-02 3.9623E-02 4.6128E-04  2.7424E-03 4.0219E-01 5.4625E-05   214
 5.0000E-03 4.4684E-01 3.8127E-02 3.7692E-02 4.3562E-04  2.7829E-03 4.0219E-01 5.1581E-05   214
 5.0000E-03 4.4444E-01 3.6321E-02 3.5910E-02 4.1155E-04  2.8230E-03 4.0219E-01 4.8727E-05   214
 5.0000E-03 4.4206E-01 3.4667E-02 3.4278E-02 3.8894E-04  2.8628E-03 4.0219E-01 4.6046E-05   214
 5.0000E-03 4.3971E-01 3.3126E-02 3.2759E-02 3.6779E-04  2.9031E-03 4.0219E-01 4.3538E-05   214
 5.0000E-03 7.6543E-01 6.2777E-02 6.2285E-02 4.9214E-04 -2.2450E-04 4.0218E-01 5.8700E-05   214
 5.0000E-03 4.3738E-01 3.1670E-02 3.1322E-02 3.4787E-04  2.9443E-03 4.0219E-01 4.1175E-05   214
 5.0000E-03 4.3508E-01 3.0291E-02 2.9962E-02 3.2912E-04  2.9860E-03 4.0219E-01 3.8952E-05   214
 5.0000E-03 4.3280E-01 2.8986E-02 2.8675E-02 3.1134E-04  3.0278E-03 4.0219E-01 3.6845E-05   214
 5.0000E-03 4.3055E-01 2.7781E-02 2.7486E-02 2.9454E-04  3.0694E-03 4.0219E-01 3.4853E-05   214
 5.0000E-03 4.2832E-01 2.6680E-02 2.6402E-02 2.7862E-04  3.1112E-03 4.0219E-01 3.2966E-05   214
 5.0000E-03 4.2611E-01 2.5678E-02 2.5415E-02 2.6355E-04  3.1534E-03 4.0219E-01 3.1180E-05   214
 5.0000E-03 4.2393E-01 2.4764E-02 2.4514E-02 2.4936E-04  3.1958E-03 4.0219E-01 2.9498E-05   214
 5.0000E-03 4.2176E-01 2.3914E-02 2.3678E-02 2.3588E-04  3.2390E-03 4.0219E-01 2.7900E-05   214
 5.0000E-03 4.1962E-01 2.3126E-02 2.2903E-02 2.2317E-04  3.2823E-03 4.0219E-01 2.6394E-05   214
 5.0000E-03 4.1750E-01 2.2389E-02 2.2178E-02 2.1113E-04  3.3262E-03 4.0219E-01 2.4967E-05   214
