Energy [eV] Abs Cross [um^2] 
2.756 	 1.89932e-03 
2.749 	 2.02002e-03 
2.743 	 2.15205e-03 
2.737 	 2.29666e-03 
2.731 	 2.45537e-03 
2.725 	 2.63002e-03 
2.719 	 2.82276e-03 
2.713 	 3.03604e-03 
2.707 	 3.27272e-03 
2.701 	 3.53611e-03 
2.695 	 3.83004e-03 
2.689 	 4.15896e-03 
2.684 	 4.52804e-03 
2.678 	 4.94327e-03 
2.672 	 5.41159e-03 
2.666 	 5.94102e-03 
2.660 	 6.54065e-03 
2.655 	 7.22071e-03 
2.649 	 7.99237e-03 
2.643 	 8.86746e-03 
2.638 	 9.85766e-03 
2.632 	 1.09732e-02 
2.627 	 1.22207e-02 
2.621 	 1.35995e-02 
2.615 	 1.50970e-02 
2.610 	 1.66826e-02 
2.604 	 1.83017e-02 
2.599 	 1.98705e-02 
2.593 	 2.12783e-02 
2.588 	 2.23979e-02 
2.583 	 2.31086e-02 
2.577 	 2.33250e-02 
2.572 	 2.30212e-02 
2.566 	 2.22384e-02 
2.561 	 2.10727e-02 
2.556 	 1.96476e-02 
2.550 	 1.80868e-02 
2.545 	 1.64945e-02 
2.540 	 1.49467e-02 
2.535 	 1.34917e-02 
2.530 	 1.21556e-02 
2.524 	 1.09479e-02 
2.519 	 9.86776e-03 
2.514 	 8.90811e-03 
2.509 	 8.05877e-03 
2.504 	 7.30838e-03 
2.499 	 6.64561e-03 
2.494 	 6.05980e-03 
2.489 	 5.54124e-03 
2.484 	 5.08129e-03 
2.479 	 4.67240e-03 
2.474 	 4.30796e-03 
2.469 	 3.98228e-03 
2.464 	 3.69044e-03 
2.459 	 3.42819e-03 
2.454 	 3.19188e-03 
2.449 	 2.97839e-03 
2.444 	 2.78501e-03 
2.440 	 2.60939e-03 
2.435 	 2.44951e-03 
2.430 	 2.30361e-03 
2.425 	 2.17015e-03 
2.420 	 2.04781e-03 
2.416 	 1.93541e-03 
2.411 	 1.83193e-03 
2.406 	 1.73648e-03 
2.402 	 1.64826e-03 
2.397 	 1.56657e-03 
2.392 	 1.49081e-03 
2.388 	 1.42041e-03 
2.383 	 1.35489e-03 
2.378 	 1.29381e-03 
2.374 	 1.23680e-03 
2.369 	 1.18350e-03 
2.365 	 1.13359e-03 
2.360 	 1.08680e-03 
2.356 	 1.04289e-03 
2.351 	 1.00161e-03 
2.347 	 9.62758e-04 
2.342 	 9.26159e-04 
2.338 	 8.91640e-04 
2.333 	 8.59046e-04 
2.329 	 8.28239e-04 
2.325 	 7.99091e-04 
2.320 	 7.71486e-04 
2.316 	 7.45317e-04 
2.312 	 7.20487e-04 
2.307 	 6.96905e-04 
2.303 	 6.74490e-04 
2.299 	 6.53166e-04 
2.294 	 6.32863e-04 
2.290 	 6.13517e-04 
2.286 	 5.95068e-04 
2.282 	 5.77462e-04 
2.277 	 5.60648e-04 
2.273 	 5.44579e-04 
2.269 	 5.29213e-04 
2.265 	 5.14509e-04 
2.261 	 5.00429e-04 
2.257 	 4.86939e-04 
2.252 	 4.74007e-04 
2.248 	 4.61602e-04 
2.244 	 4.49696e-04 
2.240 	 4.38263e-04 
2.236 	 4.27277e-04 
2.232 	 4.16715e-04 
2.228 	 4.06556e-04 
2.224 	 3.96780e-04 
2.220 	 3.87366e-04 
2.216 	 3.78298e-04 
2.212 	 3.69558e-04 
2.208 	 3.61131e-04 
2.204 	 3.53001e-04 
2.200 	 3.45156e-04 
2.196 	 3.37581e-04 
2.192 	 3.30265e-04 
2.189 	 3.23196e-04 
2.185 	 3.16363e-04 
2.181 	 3.09755e-04 
2.177 	 3.03362e-04 
2.173 	 2.97176e-04 
2.169 	 2.91187e-04 
2.166 	 2.85387e-04 
2.162 	 2.79768e-04 
2.158 	 2.74323e-04 
2.154 	 2.69044e-04 
2.150 	 2.63925e-04 
2.147 	 2.58959e-04 
2.143 	 2.54140e-04 
2.139 	 2.49463e-04 
2.136 	 2.44921e-04 
2.132 	 2.40510e-04 
2.128 	 2.36224e-04 
2.124 	 2.32059e-04 
2.121 	 2.28011e-04 
2.117 	 2.24074e-04 
2.114 	 2.20245e-04 
2.110 	 2.16520e-04 
2.106 	 2.12895e-04 
2.103 	 2.09367e-04 
2.099 	 2.05932e-04 
2.096 	 2.02586e-04 
2.092 	 1.99327e-04 
2.089 	 1.96152e-04 
2.085 	 1.93058e-04 
2.081 	 1.90042e-04 
2.078 	 1.87101e-04 
2.074 	 1.84233e-04 
2.071 	 1.81435e-04 
2.068 	 1.78706e-04 
2.064 	 1.76042e-04 
2.061 	 1.73442e-04 
2.057 	 1.70904e-04 
2.054 	 1.68426e-04 
2.050 	 1.66006e-04 
2.047 	 1.63642e-04 
2.044 	 1.61332e-04 
2.040 	 1.59075e-04 
2.037 	 1.56869e-04 
2.033 	 1.54712e-04 
2.030 	 1.52604e-04 
2.027 	 1.50542e-04 
2.023 	 1.48525e-04 
2.020 	 1.46552e-04 
2.017 	 1.44622e-04 
2.014 	 1.42733e-04 
2.010 	 1.40884e-04 
2.007 	 1.39074e-04 
2.004 	 1.37302e-04 
2.000 	 1.35567e-04 
1.997 	 1.33868e-04 
1.994 	 1.32203e-04 
1.991 	 1.30573e-04 
1.988 	 1.28975e-04 
1.984 	 1.27409e-04 
1.981 	 1.25875e-04 
1.978 	 1.24371e-04 
1.975 	 1.22896e-04 
1.972 	 1.21450e-04 
1.969 	 1.20033e-04 
1.965 	 1.18642e-04 
1.962 	 1.17279e-04 
1.959 	 1.15941e-04 
1.956 	 1.14628e-04 
1.953 	 1.13340e-04 
1.950 	 1.12076e-04 
1.947 	 1.10835e-04 
1.944 	 1.09617e-04 
1.941 	 1.08422e-04 
1.938 	 1.07248e-04 
1.935 	 1.06095e-04 
1.932 	 1.04962e-04 
1.929 	 1.03850e-04 
1.926 	 1.02757e-04 
1.923 	 1.01683e-04 
1.920 	 1.00628e-04 
1.917 	 9.95917e-05 
1.914 	 9.85729e-05 
1.911 	 9.75715e-05 
1.908 	 9.65872e-05 
