Energy [eV] Abs Cross [um^2] 
3.100 	 4.64391e-05 
3.077 	 4.61799e-05 
3.054 	 4.59308e-05 
3.031 	 4.56759e-05 
3.009 	 4.53994e-05 
2.987 	 4.50872e-05 
2.965 	 4.47430e-05 
2.944 	 4.43829e-05 
2.923 	 4.40230e-05 
2.902 	 4.36784e-05 
2.882 	 4.33635e-05 
2.862 	 4.30876e-05 
2.842 	 4.28392e-05 
2.822 	 4.26010e-05 
2.803 	 4.23561e-05 
2.784 	 4.20886e-05 
2.765 	 4.17832e-05 
2.746 	 4.14262e-05 
2.728 	 4.10149e-05 
2.710 	 4.05674e-05 
2.692 	 4.01034e-05 
2.675 	 3.96404e-05 
2.657 	 3.91941e-05 
2.640 	 3.87784e-05 
2.623 	 3.84044e-05 
2.606 	 3.80840e-05 
2.590 	 3.78314e-05 
2.574 	 3.76618e-05 
2.557 	 3.75919e-05 
2.542 	 3.76406e-05 
2.526 	 3.78298e-05 
2.510 	 3.81859e-05 
2.495 	 3.87410e-05 
2.480 	 3.95133e-05 
2.465 	 4.04940e-05 
2.450 	 4.16780e-05 
2.436 	 4.30670e-05 
2.421 	 4.46722e-05 
2.407 	 4.65159e-05 
2.393 	 4.86345e-05 
2.379 	 5.10802e-05 
2.365 	 5.39200e-05 
2.352 	 5.72329e-05 
2.338 	 6.10983e-05 
2.325 	 6.55918e-05 
2.312 	 7.07842e-05 
2.299 	 7.67405e-05 
2.286 	 8.35206e-05 
2.273 	 9.11843e-05 
2.261 	 9.98010e-05 
2.248 	 1.09471e-04 
2.236 	 1.20340e-04 
2.224 	 1.32558e-04 
2.212 	 1.46237e-04 
2.200 	 1.61403e-04 
2.188 	 1.77894e-04 
2.177 	 1.95225e-04 
2.165 	 2.12399e-04 
2.154 	 2.27755e-04 
2.142 	 2.38989e-04 
2.131 	 2.43576e-04 
2.120 	 2.39676e-04 
2.109 	 2.27228e-04 
2.098 	 2.08090e-04 
2.088 	 1.85196e-04 
2.077 	 1.61425e-04 
2.067 	 1.38860e-04 
2.056 	 1.18636e-04 
2.046 	 1.01146e-04 
2.036 	 8.63352e-05 
2.026 	 7.39262e-05 
2.016 	 6.35702e-05 
2.006 	 5.49213e-05 
1.996 	 4.76714e-05 
1.986 	 4.15648e-05 
1.977 	 3.63959e-05 
1.967 	 3.20000e-05 
1.958 	 2.82449e-05 
1.949 	 2.50242e-05 
1.939 	 2.22524e-05 
1.930 	 1.98596e-05 
1.921 	 1.77890e-05 
1.912 	 1.59938e-05 
1.903 	 1.44356e-05 
1.894 	 1.30821e-05 
1.886 	 1.19064e-05 
1.877 	 1.08859e-05 
1.868 	 9.99959e-06 
1.860 	 9.22767e-06 
1.852 	 8.55309e-06 
1.843 	 7.96140e-06 
1.835 	 7.44038e-06 
1.827 	 6.97963e-06 
1.819 	 6.57031e-06 
1.811 	 6.20486e-06 
1.803 	 5.87684e-06 
1.795 	 5.58075e-06 
1.787 	 5.31186e-06 
1.779 	 5.06612e-06 
1.771 	 4.84004e-06 
