 5.0000E-03 8.2666E-01 3.6496E-02 3.6232E-02 2.6474E-04 -4.1213E-04 4.0217E-01 3.1590E-05   214
 5.0000E-03 7.5840E-01 6.1371E-02 6.0858E-02 5.1319E-04 -2.2976E-04 4.0218E-01 6.1211E-05   214
 5.0000E-03 4.1541E-01 5.6281E-01 5.6160E-01 1.2060E-03  2.8130E-03 4.0218E-01 1.4278E-04   214
 5.0000E-03 7.5151E-01 6.5534E-02 6.4980E-02 5.5505E-04 -2.0709E-04 4.0218E-01 6.6201E-05   214
 5.0000E-03 7.4474E-01 6.9968E-02 6.9368E-02 6.0058E-04 -1.8563E-04 4.0218E-01 7.1628E-05   214
 5.0000E-03 7.3809E-01 7.4474E-02 7.3823E-02 6.5106E-04 -1.6479E-04 4.0218E-01 7.7645E-05   214
 5.0000E-03 7.3156E-01 7.9648E-02 7.8941E-02 7.0770E-04 -1.4383E-04 4.0218E-01 8.4397E-05   214
 5.0000E-03 7.2514E-01 8.5954E-02 8.5185E-02 7.7057E-04 -1.2337E-04 4.0218E-01 9.1890E-05   214
 5.0000E-03 7.1884E-01 9.3059E-02 9.2220E-02 8.3930E-04 -1.0330E-04 4.0218E-01 1.0008E-04   214
 5.0000E-03 7.1264E-01 1.0070E-01 9.9785E-02 9.1541E-04 -8.2480E-05 4.0218E-01 1.0915E-04   214
 5.0000E-03 7.0655E-01 1.0899E-01 1.0799E-01 1.0001E-03 -6.0922E-05 4.0218E-01 1.1924E-04   214
 5.0000E-03 7.0056E-01 1.1794E-01 1.1685E-01 1.0957E-03 -3.9122E-05 4.0218E-01 1.3064E-04   214
 5.0000E-03 8.1848E-01 3.9244E-02 3.8960E-02 2.8384E-04 -3.9196E-04 4.0217E-01 3.3867E-05   214
 5.0000E-03 6.9467E-01 1.2840E-01 1.2720E-01 1.2050E-03 -1.7048E-05 4.0218E-01 1.4366E-04   214
 5.0000E-03 6.8888E-01 1.4111E-01 1.3978E-01 1.3294E-03  5.4494E-06 4.0218E-01 1.5849E-04   214
 5.0000E-03 6.8319E-01 1.5643E-01 1.5496E-01 1.4704E-03  2.8212E-05 4.0218E-01 1.7529E-04   214
 5.0000E-03 6.7759E-01 1.7455E-01 1.7293E-01 1.6296E-03  5.0870E-05 4.0218E-01 1.9425E-04   214
 5.0000E-03 6.7208E-01 1.9494E-01 1.9313E-01 1.8103E-03  7.3167E-05 4.0218E-01 2.1579E-04   214
 5.0000E-03 6.6666E-01 2.1875E-01 2.1673E-01 2.0217E-03  9.5252E-05 4.0218E-01 2.4097E-04   214
 5.0000E-03 6.6133E-01 2.4827E-01 2.4600E-01 2.2678E-03  1.1725E-04 4.0218E-01 2.7029E-04   214
 5.0000E-03 6.5608E-01 2.8541E-01 2.8287E-01 2.5469E-03  1.3942E-04 4.0217E-01 3.0354E-04   214
 5.0000E-03 6.5091E-01 3.2983E-01 3.2697E-01 2.8690E-03  1.6186E-04 4.0217E-01 3.4191E-04   214
 5.0000E-03 6.4583E-01 3.8311E-01 3.7986E-01 3.2510E-03  1.8419E-04 4.0217E-01 3.8742E-04   214
 5.0000E-03 8.1045E-01 4.1486E-02 4.1183E-02 3.0422E-04 -3.7207E-04 4.0217E-01 3.6297E-05   214
 5.0000E-03 6.4082E-01 4.4944E-01 4.4574E-01 3.7088E-03  2.0630E-04 4.0217E-01 4.4195E-04   214
 5.0000E-03 6.3589E-01 5.3217E-01 5.2792E-01 4.2510E-03  2.2811E-04 4.0217E-01 5.0654E-04   214
 5.0000E-03 6.3104E-01 6.3394E-01 6.2906E-01 4.8879E-03  2.4957E-04 4.0217E-01 5.8241E-04   214
 5.0000E-03 6.2626E-01 7.5825E-01 7.5262E-01 5.6359E-03  2.7077E-04 4.0217E-01 6.7150E-04   214
 5.0000E-03 6.2155E-01 9.0916E-01 9.0266E-01 6.5103E-03  2.9175E-04 4.0217E-01 7.7564E-04   214
 5.0000E-03 6.1691E-01 1.0906E+00 1.0831E+00 7.5205E-03  3.1258E-04 4.0217E-01 8.9596E-04   214
 5.0000E-03 6.1234E-01 1.3146E+00 1.3058E+00 8.7711E-03  3.3358E-04 4.0217E-01 1.0449E-03   214
 5.0000E-03 6.0784E-01 1.5760E+00 1.5658E+00 1.0165E-02  3.5462E-04 4.0217E-01 1.2109E-03   214
 5.0000E-03 6.0340E-01 1.8665E+00 1.8549E+00 1.1633E-02  3.7618E-04 4.0217E-01 1.3857E-03   214
 5.0000E-03 5.9903E-01 2.1650E+00 2.1519E+00 1.3037E-02  3.9886E-04 4.0217E-01 1.5529E-03   214
 5.0000E-03 8.0258E-01 4.3523E-02 4.3197E-02 3.2659E-04 -3.5181E-04 4.0217E-01 3.8965E-05   214
 5.0000E-03 5.9472E-01 2.4367E+00 2.4225E+00 1.4175E-02  4.2370E-04 4.0217E-01 1.6884E-03   214
 5.0000E-03 5.9047E-01 2.6356E+00 2.6209E+00 1.4804E-02  4.5217E-04 4.0217E-01 1.7631E-03   214
 5.0000E-03 5.8628E-01 2.7217E+00 2.7070E+00 1.4749E-02  4.8638E-04 4.0217E-01 1.7564E-03   214
 5.0000E-03 5.8215E-01 2.6826E+00 2.6686E+00 1.4014E-02  5.2895E-04 4.0217E-01 1.6687E-03   214
 5.0000E-03 5.7808E-01 2.5363E+00 2.5236E+00 1.2733E-02  5.8208E-04 4.0217E-01 1.5160E-03   214
 5.0000E-03 5.7407E-01 2.3327E+00 2.3215E+00 1.1237E-02  6.4781E-04 4.0217E-01 1.3376E-03   214
 5.0000E-03 5.7011E-01 2.1087E+00 2.0990E+00 9.7328E-03  7.2633E-04 4.0217E-01 1.1583E-03   214
 5.0000E-03 5.6621E-01 1.8904E+00 1.8820E+00 8.3526E-03  8.1528E-04 4.0217E-01 9.9378E-04   214
 5.0000E-03 5.6235E-01 1.6902E+00 1.6831E+00 7.1440E-03  9.1100E-04 4.0217E-01 8.4974E-04   214
 5.0000E-03 5.5855E-01 1.5143E+00 1.5081E+00 6.1214E-03  1.0079E-03 4.0217E-01 7.2791E-04   214
 5.0000E-03 7.9487E-01 4.5694E-02 4.5343E-02 3.5120E-04 -3.3241E-04 4.0218E-01 4.1899E-05   214
 5.0000E-03 5.5480E-01 1.3622E+00 1.3569E+00 5.2666E-03  1.1016E-03 4.0217E-01 6.2610E-04   214
 5.0000E-03 5.5111E-01 1.2323E+00 1.2277E+00 4.5583E-03  1.1884E-03 4.0217E-01 5.4177E-04   214
 5.0000E-03 5.4746E-01 1.1182E+00 1.1143E+00 3.9632E-03  1.2694E-03 4.0217E-01 4.7093E-04   214
 5.0000E-03 5.4385E-01 1.0159E+00 1.0125E+00 3.4523E-03  1.3451E-03 4.0217E-01 4.1014E-04   214
 5.0000E-03 5.4030E-01 9.2934E-01 9.2632E-01 3.0229E-03  1.4112E-03 4.0217E-01 3.5906E-04   214
 5.0000E-03 5.3679E-01 8.5545E-01 8.5279E-01 2.6594E-03  1.4696E-03 4.0218E-01 3.1585E-04   214
 5.0000E-03 5.3333E-01 7.9231E-01 7.8997E-01 2.3517E-03  1.5219E-03 4.0218E-01 2.7927E-04   214
 5.0000E-03 5.2991E-01 7.3790E-01 7.3581E-01 2.0892E-03  1.5700E-03 4.0218E-01 2.4807E-04   214
 5.0000E-03 5.2653E-01 6.9070E-01 6.8884E-01 1.8640E-03  1.6153E-03 4.0218E-01 2.2131E-04   214
 5.0000E-03 5.2320E-01 6.4963E-01 6.4797E-01 1.6705E-03  1.6587E-03 4.0218E-01 1.9832E-04   214
 5.0000E-03 7.8730E-01 4.8158E-02 4.7780E-02 3.7831E-04 -3.1446E-04 4.0218E-01 4.5132E-05   214
 5.0000E-03 5.1991E-01 6.1471E-01 6.1322E-01 1.4919E-03  1.6996E-03 4.0218E-01 1.7709E-04   214
 5.0000E-03 5.1666E-01 5.8700E-01 5.8567E-01 1.3249E-03  1.7376E-03 4.0218E-01 1.5727E-04   214
 5.0000E-03 5.1345E-01 5.6356E-01 5.6237E-01 1.1889E-03  1.7757E-03 4.0218E-01 1.4111E-04   214
 5.0000E-03 5.1028E-01 5.4349E-01 5.4242E-01 1.0766E-03  1.8139E-03 4.0218E-01 1.2777E-04   214
 5.0000E-03 5.0715E-01 5.2613E-01 5.2515E-01 9.8287E-04  1.8525E-03 4.0218E-01 1.1663E-04   214
 5.0000E-03 5.0406E-01 5.1094E-01 5.1004E-01 9.0382E-04  1.8914E-03 4.0218E-01 1.0725E-04   214
 5.0000E-03 5.0101E-01 4.9753E-01 4.9669E-01 8.3662E-04  1.9305E-03 4.0218E-01 9.9263E-05   214
 5.0000E-03 4.9799E-01 4.8553E-01 4.8476E-01 7.7891E-04  1.9703E-03 4.0218E-01 9.2408E-05   214
 5.0000E-03 4.9500E-01 4.7680E-01 4.7606E-01 7.3662E-04  2.0079E-03 4.0218E-01 8.7383E-05   214
 5.0000E-03 4.9206E-01 4.7328E-01 4.7256E-01 7.1587E-04  2.0400E-03 4.0218E-01 8.4916E-05   214
 5.0000E-03 7.7987E-01 5.1099E-02 5.0691E-02 4.0791E-04 -2.9603E-04 4.0218E-01 4.8661E-05   214
 5.0000E-03 4.8915E-01 4.7092E-01 4.7022E-01 7.0105E-04  2.0712E-03 4.0218E-01 8.3152E-05   214
 5.0000E-03 4.8627E-01 4.6968E-01 4.6898E-01 6.9153E-04  2.1014E-03 4.0218E-01 8.2017E-05   214
 5.0000E-03 4.8343E-01 4.6952E-01 4.6884E-01 6.8684E-04  2.1303E-03 4.0218E-01 8.1455E-05   214
 5.0000E-03 4.8062E-01 4.7042E-01 4.6973E-01 6.8662E-04  2.1581E-03 4.0218E-01 8.1423E-05   214
 5.0000E-03 4.7784E-01 4.7234E-01 4.7165E-01 6.9062E-04  2.1844E-03 4.0218E-01 8.1893E-05   214
 5.0000E-03 4.7509E-01 4.7527E-01 4.7457E-01 6.9870E-04  2.2093E-03 4.0218E-01 8.2846E-05   214
 5.0000E-03 4.7238E-01 4.7918E-01 4.7847E-01 7.1074E-04  2.2326E-03 4.0218E-01 8.4268E-05   214
 5.0000E-03 4.6969E-01 4.8311E-01 4.8238E-01 7.2528E-04  2.2556E-03 4.0218E-01 8.5988E-05   214
 5.0000E-03 4.6704E-01 4.8692E-01 4.8618E-01 7.4104E-04  2.2785E-03 4.0218E-01 8.7851E-05   214
 5.0000E-03 4.6441E-01 4.9102E-01 4.9027E-01 7.5850E-04  2.3010E-03 4.0218E-01 8.9915E-05   214
 5.0000E-03 7.7258E-01 5.4328E-02 5.3889E-02 4.3997E-04 -2.7536E-04 4.0218E-01 5.2482E-05   214
 5.0000E-03 4.6182E-01 4.9539E-01 4.9461E-01 7.7757E-04  2.3230E-03 4.0218E-01 9.2170E-05   214
 5.0000E-03 4.5925E-01 5.0006E-01 4.9926E-01 7.9843E-04  2.3446E-03 4.0218E-01 9.4638E-05   214
 5.0000E-03 4.5672E-01 5.0501E-01 5.0419E-01 8.2098E-04  2.3655E-03 4.0218E-01 9.7304E-05   214
 5.0000E-03 4.5421E-01 5.1030E-01 5.0945E-01 8.4544E-04  2.3859E-03 4.0218E-01 1.0020E-04   214
 5.0000E-03 4.5173E-01 5.1590E-01 5.1503E-01 8.7181E-04  2.4058E-03 4.0218E-01 1.0332E-04   214
 5.0000E-03 4.4927E-01 5.2001E-01 5.1912E-01 8.9333E-04  2.4284E-03 4.0218E-01 1.0586E-04   214
 5.0000E-03 4.4684E-01 5.2315E-01 5.2224E-01 9.1180E-04  2.4527E-03 4.0218E-01 1.0804E-04   214
 5.0000E-03 4.4444E-01 5.2614E-01 5.2521E-01 9.3027E-04  2.4773E-03 4.0218E-01 1.1023E-04   214
 5.0000E-03 4.4206E-01 5.2901E-01 5.2806E-01 9.4882E-04  2.5024E-03 4.0218E-01 1.1242E-04   214
 5.0000E-03 4.3971E-01 5.3175E-01 5.3079E-01 9.6737E-04  2.5277E-03 4.0218E-01 1.1461E-04   214
 5.0000E-03 7.6543E-01 5.7726E-02 5.7252E-02 4.7486E-04 -2.5288E-04 4.0218E-01 5.6642E-05   214
 5.0000E-03 4.3738E-01 5.3439E-01 5.3340E-01 9.8600E-04  2.5533E-03 4.0218E-01 1.1681E-04   214
 5.0000E-03 4.3508E-01 5.3691E-01 5.3590E-01 1.0046E-03  2.5793E-03 4.0218E-01 1.1900E-04   214
 5.0000E-03 4.3280E-01 5.3933E-01 5.3831E-01 1.0233E-03  2.6056E-03 4.0218E-01 1.2121E-04   214
 5.0000E-03 4.3055E-01 5.4166E-01 5.4062E-01 1.0420E-03  2.6321E-03 4.0218E-01 1.2341E-04   214
 5.0000E-03 4.2832E-01 5.4470E-01 5.4364E-01 1.0642E-03  2.6575E-03 4.0218E-01 1.2603E-04   214
 5.0000E-03 4.2611E-01 5.4774E-01 5.4665E-01 1.0868E-03  2.6831E-03 4.0218E-01 1.2870E-04   214
 5.0000E-03 4.2393E-01 5.5076E-01 5.4965E-01 1.1098E-03  2.7087E-03 4.0218E-01 1.3141E-04   214
 5.0000E-03 4.2176E-01 5.5379E-01 5.5266E-01 1.1333E-03  2.7347E-03 4.0218E-01 1.3419E-04   214
 5.0000E-03 4.1962E-01 5.5680E-01 5.5565E-01 1.1571E-03  2.7607E-03 4.0218E-01 1.3700E-04   214
 5.0000E-03 4.1750E-01 5.5981E-01 5.5863E-01 1.1814E-03  2.7868E-03 4.0218E-01 1.3987E-04   214
