Energy [eV] Ext Cross [um^2] Abs Cross [um^2] Sca Cross [um^2] 
2.756 	 5.30502e-03 	 3.75619e-03 	 1.54884e-03 
2.749 	 5.65708e-03 	 3.96992e-03 	 1.68717e-03 
2.743 	 6.04149e-03 	 4.20364e-03 	 1.83785e-03 
2.737 	 6.46209e-03 	 4.45986e-03 	 2.00223e-03 
2.731 	 6.92348e-03 	 4.74172e-03 	 2.18176e-03 
2.725 	 7.43114e-03 	 5.05310e-03 	 2.37804e-03 
2.719 	 7.99128e-03 	 5.39846e-03 	 2.59282e-03 
2.713 	 8.61088e-03 	 5.78276e-03 	 2.82812e-03 
2.707 	 9.29734e-03 	 6.21114e-03 	 3.08620e-03 
2.701 	 1.00579e-02 	 6.68830e-03 	 3.36964e-03 
2.695 	 1.08983e-02 	 7.21710e-03 	 3.68123e-03 
2.689 	 1.18202e-02 	 7.79616e-03 	 4.02405e-03 
2.684 	 1.28178e-02 	 8.41636e-03 	 4.40142e-03 
2.678 	 1.38745e-02 	 9.05750e-03 	 4.81695e-03 
2.672 	 1.49638e-02 	 9.68925e-03 	 5.27455e-03 
2.666 	 1.60594e-02 	 1.02808e-02 	 5.77863e-03 
2.660 	 1.71519e-02 	 1.08177e-02 	 6.33415e-03 
2.655 	 1.82601e-02 	 1.13132e-02 	 6.94688e-03 
2.649 	 1.94261e-02 	 1.18028e-02 	 7.62333e-03 
2.643 	 2.06986e-02 	 1.23281e-02 	 8.37053e-03 
2.638 	 2.21182e-02 	 1.29225e-02 	 9.19568e-03 
2.632 	 2.37129e-02 	 1.36070e-02 	 1.01059e-02 
2.627 	 2.54997e-02 	 1.43918e-02 	 1.11079e-02 
2.621 	 2.74871e-02 	 1.52798e-02 	 1.22073e-02 
2.615 	 2.96775e-02 	 1.62692e-02 	 1.34083e-02 
2.610 	 3.20669e-02 	 1.73542e-02 	 1.47127e-02 
2.604 	 3.46441e-02 	 1.85255e-02 	 1.61186e-02 
2.599 	 3.73880e-02 	 1.97688e-02 	 1.76192e-02 
2.593 	 4.02652e-02 	 2.10642e-02 	 1.92010e-02 
2.588 	 4.32268e-02 	 2.23847e-02 	 2.08421e-02 
2.583 	 4.62067e-02 	 2.36956e-02 	 2.25111e-02 
2.577 	 4.91210e-02 	 2.49545e-02 	 2.41666e-02 
2.572 	 5.18700e-02 	 2.61124e-02 	 2.57576e-02 
2.566 	 5.43432e-02 	 2.71169e-02 	 2.72263e-02 
2.561 	 5.64284e-02 	 2.79163e-02 	 2.85121e-02 
2.556 	 5.80222e-02 	 2.84649e-02 	 2.95573e-02 
2.550 	 5.90432e-02 	 2.87292e-02 	 3.03140e-02 
2.545 	 5.94423e-02 	 2.86921e-02 	 3.07503e-02 
2.540 	 5.92098e-02 	 2.83558e-02 	 3.08540e-02 
2.535 	 5.83750e-02 	 2.77410e-02 	 3.06340e-02 
2.530 	 5.70021e-02 	 2.68841e-02 	 3.01181e-02 
2.524 	 5.51794e-02 	 2.58314e-02 	 2.93481e-02 
2.519 	 5.30082e-02 	 2.46340e-02 	 2.83742e-02 
2.514 	 5.05915e-02 	 2.33423e-02 	 2.72492e-02 
2.509 	 4.80254e-02 	 2.20021e-02 	 2.60234e-02 
2.504 	 4.53931e-02 	 2.06518e-02 	 2.47413e-02 
2.499 	 4.27625e-02 	 1.93222e-02 	 2.34403e-02 
2.494 	 4.01857e-02 	 1.80358e-02 	 2.21499e-02 
2.489 	 3.77003e-02 	 1.68084e-02 	 2.08919e-02 
2.484 	 3.53315e-02 	 1.56497e-02 	 1.96818e-02 
2.479 	 3.30946e-02 	 1.45649e-02 	 1.85297e-02 
2.474 	 3.09968e-02 	 1.35556e-02 	 1.74412e-02 
2.469 	 2.90400e-02 	 1.26209e-02 	 1.64191e-02 
2.464 	 2.72216e-02 	 1.17582e-02 	 1.54634e-02 
2.459 	 2.55365e-02 	 1.09639e-02 	 1.45726e-02 
2.454 	 2.39781e-02 	 1.02337e-02 	 1.37443e-02 
2.449 	 2.25383e-02 	 9.56308e-03 	 1.29752e-02 
2.444 	 2.12092e-02 	 8.94738e-03 	 1.22618e-02 
2.440 	 1.99824e-02 	 8.38211e-03 	 1.16003e-02 
2.435 	 1.88498e-02 	 7.86298e-03 	 1.09868e-02 
2.430 	 1.78039e-02 	 7.38593e-03 	 1.04179e-02 
2.425 	 1.68372e-02 	 6.94720e-03 	 9.89000e-03 
2.420 	 1.59431e-02 	 6.54333e-03 	 9.39977e-03 
2.416 	 1.51153e-02 	 6.17114e-03 	 8.94417e-03 
2.411 	 1.43481e-02 	 5.82778e-03 	 8.52035e-03 
2.406 	 1.36363e-02 	 5.51061e-03 	 8.12570e-03 
2.402 	 1.29751e-02 	 5.21727e-03 	 7.75780e-03 
2.397 	 1.23601e-02 	 4.94562e-03 	 7.41445e-03 
2.392 	 1.17874e-02 	 4.69372e-03 	 7.09365e-03 
2.388 	 1.12534e-02 	 4.45985e-03 	 6.79356e-03 
2.383 	 1.07549e-02 	 4.24241e-03 	 6.51251e-03 
2.378 	 1.02890e-02 	 4.04000e-03 	 6.24898e-03 
2.374 	 9.85295e-03 	 3.85134e-03 	 6.00161e-03 
2.369 	 9.44439e-03 	 3.67527e-03 	 5.76912e-03 
2.365 	 9.06112e-03 	 3.51075e-03 	 5.55037e-03 
2.360 	 8.70116e-03 	 3.35683e-03 	 5.34432e-03 
2.356 	 8.36268e-03 	 3.21266e-03 	 5.15002e-03 
2.351 	 8.04406e-03 	 3.07746e-03 	 4.96660e-03 
2.347 	 7.74379e-03 	 2.95053e-03 	 4.79326e-03 
2.342 	 7.46052e-03 	 2.83123e-03 	 4.62929e-03 
2.338 	 7.19300e-03 	 2.71899e-03 	 4.47402e-03 
2.333 	 6.94011e-03 	 2.61327e-03 	 4.32684e-03 
2.329 	 6.70080e-03 	 2.51360e-03 	 4.18720e-03 
2.325 	 6.47413e-03 	 2.41953e-03 	 4.05459e-03 
2.320 	 6.25922e-03 	 2.33067e-03 	 3.92854e-03 
2.316 	 6.05528e-03 	 2.24665e-03 	 3.80862e-03 
2.312 	 5.86156e-03 	 2.16713e-03 	 3.69444e-03 
2.307 	 5.67741e-03 	 2.09180e-03 	 3.58561e-03 
2.303 	 5.50219e-03 	 2.02037e-03 	 3.48182e-03 
2.299 	 5.33533e-03 	 1.95259e-03 	 3.38274e-03 
2.294 	 5.17631e-03 	 1.88822e-03 	 3.28809e-03 
2.290 	 5.02464e-03 	 1.82704e-03 	 3.19760e-03 
2.286 	 4.87986e-03 	 1.76883e-03 	 3.11103e-03 
2.282 	 4.74155e-03 	 1.71342e-03 	 3.02814e-03 
2.277 	 4.60935e-03 	 1.66063e-03 	 2.94872e-03 
2.273 	 4.48288e-03 	 1.61030e-03 	 2.87258e-03 
2.269 	 4.36181e-03 	 1.56228e-03 	 2.79954e-03 
2.265 	 4.24585e-03 	 1.51644e-03 	 2.72942e-03 
2.261 	 4.13470e-03 	 1.47264e-03 	 2.66206e-03 
2.257 	 4.02810e-03 	 1.43078e-03 	 2.59732e-03 
2.252 	 3.92580e-03 	 1.39074e-03 	 2.53506e-03 
2.248 	 3.82757e-03 	 1.35241e-03 	 2.47515e-03 
2.244 	 3.73318e-03 	 1.31571e-03 	 2.41747e-03 
2.240 	 3.64245e-03 	 1.28054e-03 	 2.36191e-03 
2.236 	 3.55517e-03 	 1.24682e-03 	 2.30835e-03 
2.232 	 3.47117e-03 	 1.21447e-03 	 2.25670e-03 
2.228 	 3.39029e-03 	 1.18342e-03 	 2.20687e-03 
2.224 	 3.31237e-03 	 1.15360e-03 	 2.15876e-03 
2.220 	 3.23725e-03 	 1.12495e-03 	 2.11231e-03 
2.216 	 3.16481e-03 	 1.09740e-03 	 2.06741e-03 
2.212 	 3.09492e-03 	 1.07090e-03 	 2.02402e-03 
2.208 	 3.02745e-03 	 1.04541e-03 	 1.98205e-03 
2.204 	 2.96229e-03 	 1.02086e-03 	 1.94144e-03 
2.200 	 2.89934e-03 	 9.97209e-04 	 1.90213e-03 
2.196 	 2.83849e-03 	 9.74423e-04 	 1.86407e-03 
2.192 	 2.77965e-03 	 9.52455e-04 	 1.82719e-03 
2.189 	 2.72273e-03 	 9.31268e-04 	 1.79146e-03 
2.185 	 2.66764e-03 	 9.10826e-04 	 1.75681e-03 
2.181 	 2.61430e-03 	 8.91094e-04 	 1.72321e-03 
2.177 	 2.56265e-03 	 8.72039e-04 	 1.69061e-03 
2.173 	 2.51260e-03 	 8.53632e-04 	 1.65896e-03 
2.169 	 2.46409e-03 	 8.35844e-04 	 1.62824e-03 
2.166 	 2.41705e-03 	 8.18647e-04 	 1.59840e-03 
2.162 	 2.37143e-03 	 8.02016e-04 	 1.56941e-03 
2.158 	 2.32716e-03 	 7.85926e-04 	 1.54123e-03 
2.154 	 2.28419e-03 	 7.70355e-04 	 1.51384e-03 
2.150 	 2.24248e-03 	 7.55279e-04 	 1.48720e-03 
2.147 	 2.20196e-03 	 7.40679e-04 	 1.46128e-03 
2.143 	 2.16259e-03 	 7.26534e-04 	 1.43606e-03 
2.139 	 2.12433e-03 	 7.12827e-04 	 1.41151e-03 
2.136 	 2.08714e-03 	 6.99539e-04 	 1.38760e-03 
2.132 	 2.05097e-03 	 6.86653e-04 	 1.36432e-03 
2.128 	 2.01579e-03 	 6.74155e-04 	 1.34164e-03 
2.124 	 1.98156e-03 	 6.62027e-04 	 1.31953e-03 
2.121 	 1.94824e-03 	 6.50257e-04 	 1.29799e-03 
2.117 	 1.91581e-03 	 6.38830e-04 	 1.27698e-03 
2.114 	 1.88422e-03 	 6.27732e-04 	 1.25649e-03 
2.110 	 1.85346e-03 	 6.16953e-04 	 1.23651e-03 
2.106 	 1.82348e-03 	 6.06479e-04 	 1.21700e-03 
2.103 	 1.79427e-03 	 5.96299e-04 	 1.19797e-03 
2.099 	 1.76579e-03 	 5.86403e-04 	 1.17939e-03 
2.096 	 1.73803e-03 	 5.76779e-04 	 1.16125e-03 
2.092 	 1.71095e-03 	 5.67419e-04 	 1.14353e-03 
2.089 	 1.68454e-03 	 5.58313e-04 	 1.12622e-03 
2.085 	 1.65876e-03 	 5.49451e-04 	 1.10931e-03 
2.081 	 1.63361e-03 	 5.40825e-04 	 1.09278e-03 
2.078 	 1.60905e-03 	 5.32427e-04 	 1.07663e-03 
2.074 	 1.58508e-03 	 5.24249e-04 	 1.06083e-03 
2.071 	 1.56167e-03 	 5.16282e-04 	 1.04539e-03 
2.068 	 1.53880e-03 	 5.08521e-04 	 1.03028e-03 
2.064 	 1.51646e-03 	 5.00959e-04 	 1.01550e-03 
2.061 	 1.49462e-03 	 4.93587e-04 	 1.00104e-03 
2.057 	 1.47328e-03 	 4.86401e-04 	 9.86883e-04 
2.054 	 1.45242e-03 	 4.79394e-04 	 9.73029e-04 
2.050 	 1.43203e-03 	 4.72560e-04 	 9.59467e-04 
2.047 	 1.41208e-03 	 4.65894e-04 	 9.46186e-04 
2.044 	 1.39257e-03 	 4.59391e-04 	 9.33180e-04 
2.040 	 1.37348e-03 	 4.53044e-04 	 9.20440e-04 
2.037 	 1.35481e-03 	 4.46849e-04 	 9.07959e-04 
2.033 	 1.33653e-03 	 4.40802e-04 	 8.95729e-04 
2.030 	 1.31864e-03 	 4.34898e-04 	 8.83744e-04 
2.027 	 1.30113e-03 	 4.29132e-04 	 8.71997e-04 
2.023 	 1.28398e-03 	 4.23500e-04 	 8.60480e-04 
2.020 	 1.26719e-03 	 4.17998e-04 	 8.49189e-04 
2.017 	 1.25074e-03 	 4.12622e-04 	 8.38116e-04 
2.014 	 1.23462e-03 	 4.07368e-04 	 8.27256e-04 
2.010 	 1.21884e-03 	 4.02232e-04 	 8.16603e-04 
2.007 	 1.20336e-03 	 3.97212e-04 	 8.06152e-04 
2.004 	 1.18820e-03 	 3.92304e-04 	 7.95898e-04 
2.000 	 1.17334e-03 	 3.87503e-04 	 7.85834e-04 
1.997 	 1.15877e-03 	 3.82809e-04 	 7.75958e-04 
1.994 	 1.14448e-03 	 3.78216e-04 	 7.66262e-04 
1.991 	 1.13047e-03 	 3.73723e-04 	 7.56744e-04 
1.988 	 1.11673e-03 	 3.69327e-04 	 7.47399e-04 
1.984 	 1.10325e-03 	 3.65024e-04 	 7.38222e-04 
1.981 	 1.09002e-03 	 3.60813e-04 	 7.29209e-04 
1.978 	 1.07705e-03 	 3.56691e-04 	 7.20356e-04 
1.975 	 1.06432e-03 	 3.52656e-04 	 7.11660e-04 
1.972 	 1.05182e-03 	 3.48704e-04 	 7.03116e-04 
1.969 	 1.03956e-03 	 3.44835e-04 	 6.94721e-04 
1.965 	 1.02752e-03 	 3.41045e-04 	 6.86471e-04 
1.962 	 1.01569e-03 	 3.37332e-04 	 6.78362e-04 
1.959 	 1.00409e-03 	 3.33696e-04 	 6.70393e-04 
1.956 	 9.92690e-04 	 3.30132e-04 	 6.62558e-04 
1.953 	 9.81495e-04 	 3.26640e-04 	 6.54855e-04 
1.950 	 9.70499e-04 	 3.23218e-04 	 6.47281e-04 
1.947 	 9.59697e-04 	 3.19863e-04 	 6.39833e-04 
1.944 	 9.49083e-04 	 3.16575e-04 	 6.32508e-04 
1.941 	 9.38654e-04 	 3.13350e-04 	 6.25304e-04 
1.938 	 9.28405e-04 	 3.10188e-04 	 6.18217e-04 
1.935 	 9.18332e-04 	 3.07088e-04 	 6.11244e-04 
1.932 	 9.08431e-04 	 3.04046e-04 	 6.04385e-04 
1.929 	 8.98698e-04 	 3.01063e-04 	 5.97635e-04 
1.926 	 8.89129e-04 	 2.98137e-04 	 5.90992e-04 
1.923 	 8.79720e-04 	 2.95265e-04 	 5.84454e-04 
1.920 	 8.70468e-04 	 2.92448e-04 	 5.78020e-04 
1.917 	 8.61369e-04 	 2.89683e-04 	 5.71686e-04 
1.914 	 8.52420e-04 	 2.86970e-04 	 5.65450e-04 
1.911 	 8.43618e-04 	 2.84306e-04 	 5.59311e-04 
1.908 	 8.34959e-04 	 2.81692e-04 	 5.53267e-04 
