 5.0000E-03 8.2666E-01 2.7123E-02 2.6866E-02 2.5747E-04 -4.1413E-04 4.0218E-01 3.0724E-05   214
 5.0000E-03 7.5840E-01 4.8556E-02 4.8044E-02 5.1230E-04 -2.1771E-04 4.0218E-01 6.1108E-05   214
 5.0000E-03 4.1541E-01 2.1534E-02 2.1336E-02 1.9891E-04  3.3672E-03 4.0219E-01 2.3519E-05   214
 5.0000E-03 7.5151E-01 5.2217E-02 5.1661E-02 5.5631E-04 -1.9532E-04 4.0218E-01 6.6354E-05   214
 5.0000E-03 7.4474E-01 5.6265E-02 5.5661E-02 6.0502E-04 -1.7284E-04 4.0218E-01 7.2160E-05   214
 5.0000E-03 7.3809E-01 6.0746E-02 6.0087E-02 6.5908E-04 -1.5036E-04 4.0218E-01 7.8604E-05   214
 5.0000E-03 7.3156E-01 6.5728E-02 6.5010E-02 7.1921E-04 -1.2785E-04 4.0218E-01 8.5772E-05   214
 5.0000E-03 7.2514E-01 7.1275E-02 7.0490E-02 7.8633E-04 -1.0533E-04 4.0218E-01 9.3772E-05   214
 5.0000E-03 7.1884E-01 7.7387E-02 7.6527E-02 8.6126E-04 -8.2929E-05 4.0218E-01 1.0270E-04   214
 5.0000E-03 7.1264E-01 8.4073E-02 8.3129E-02 9.4570E-04 -6.0644E-05 4.0218E-01 1.1277E-04   214
 5.0000E-03 7.0655E-01 9.1537E-02 9.0497E-02 1.0414E-03 -3.8482E-05 4.0218E-01 1.2417E-04   214
 5.0000E-03 7.0056E-01 1.0005E-01 9.8898E-02 1.1503E-03 -1.6358E-05 4.0218E-01 1.3715E-04   214
 5.0000E-03 8.1848E-01 2.8805E-02 2.8528E-02 2.7696E-04 -3.9246E-04 4.0218E-01 3.3048E-05   214
 5.0000E-03 6.9467E-01 1.0971E-01 1.0844E-01 1.2747E-03  5.7309E-06 4.0218E-01 1.5197E-04   214
 5.0000E-03 6.8888E-01 1.2080E-01 1.1939E-01 1.4177E-03  2.7717E-05 4.0218E-01 1.6902E-04   214
 5.0000E-03 6.8319E-01 1.3371E-01 1.3213E-01 1.5828E-03  4.9513E-05 4.0218E-01 1.8869E-04   214
 5.0000E-03 6.7759E-01 1.4874E-01 1.4697E-01 1.7745E-03  7.1093E-05 4.0218E-01 2.1155E-04   214
 5.0000E-03 6.7208E-01 1.6639E-01 1.6439E-01 1.9988E-03  9.2400E-05 4.0218E-01 2.3827E-04   214
 5.0000E-03 6.6666E-01 1.8721E-01 1.8495E-01 2.2626E-03  1.1333E-04 4.0218E-01 2.6971E-04   214
 5.0000E-03 6.6133E-01 2.1188E-01 2.0931E-01 2.5754E-03  1.3378E-04 4.0218E-01 3.0698E-04   214
 5.0000E-03 6.5608E-01 2.4139E-01 2.3844E-01 2.9501E-03  1.5364E-04 4.0218E-01 3.5163E-04   214
 5.0000E-03 6.5091E-01 2.7701E-01 2.7361E-01 3.4038E-03  1.7285E-04 4.0218E-01 4.0569E-04   214
 5.0000E-03 6.4583E-01 3.2041E-01 3.1646E-01 3.9578E-03  1.9130E-04 4.0218E-01 4.7171E-04   214
 5.0000E-03 8.1045E-01 3.0671E-02 3.0373E-02 2.9814E-04 -3.7075E-04 4.0218E-01 3.5574E-05   214
 5.0000E-03 6.4082E-01 3.7406E-01 3.6942E-01 4.6457E-03  2.0898E-04 4.0218E-01 5.5369E-04   214
 5.0000E-03 6.3589E-01 4.4136E-01 4.3585E-01 5.5119E-03  2.2572E-04 4.0218E-01 6.5690E-04   214
 5.0000E-03 6.3104E-01 5.2746E-01 5.2085E-01 6.6187E-03  2.4135E-04 4.0218E-01 7.8879E-04   214
 5.0000E-03 6.2626E-01 6.3938E-01 6.3133E-01 8.0589E-03  2.5568E-04 4.0218E-01 9.6041E-04   214
 5.0000E-03 6.2155E-01 7.8784E-01 7.7788E-01 9.9744E-03  2.6838E-04 4.0218E-01 1.1887E-03   214
 5.0000E-03 6.1691E-01 9.8967E-01 9.7711E-01 1.2579E-02  2.7913E-04 4.0218E-01 1.4990E-03   214
 5.0000E-03 6.1234E-01 1.2702E+00 1.2540E+00 1.6200E-02  2.8760E-04 4.0218E-01 1.9305E-03   214
 5.0000E-03 6.0784E-01 1.6683E+00 1.6470E+00 2.1350E-02  2.9338E-04 4.0218E-01 2.5444E-03   214
 5.0000E-03 6.0340E-01 2.2459E+00 2.2171E+00 2.8858E-02  2.9592E-04 4.0218E-01 3.4392E-03   214
 5.0000E-03 5.9903E-01 3.0862E+00 3.0464E+00 3.9829E-02  2.9456E-04 4.0217E-01 4.7468E-03   214
 5.0000E-03 8.0258E-01 3.2703E-02 3.2383E-02 3.2113E-04 -3.4910E-04 4.0218E-01 3.8315E-05   214
 5.0000E-03 5.9472E-01 4.2634E+00 4.2082E+00 5.5305E-02  2.8841E-04 4.0217E-01 6.5915E-03   214
 5.0000E-03 5.9047E-01 5.6730E+00 5.5991E+00 7.3974E-02  2.7637E-04 4.0217E-01 8.8172E-03   214
 5.0000E-03 5.8628E-01 6.7110E+00 6.6231E+00 8.7963E-02  2.5724E-04 4.0217E-01 1.0486E-02   214
 5.0000E-03 5.8215E-01 6.5638E+00 6.4773E+00 8.6522E-02  2.2956E-04 4.0217E-01 1.0315E-02   214
 5.0000E-03 5.7808E-01 5.3724E+00 5.3012E+00 7.1255E-02  1.9185E-04 4.0217E-01 8.4962E-03   214
 5.0000E-03 5.7407E-01 3.9929E+00 3.9396E+00 5.3298E-02  1.4353E-04 4.0217E-01 6.3563E-03   214
 5.0000E-03 5.7011E-01 2.8918E+00 2.8530E+00 3.8856E-02  8.6863E-05 4.0217E-01 4.6348E-03   214
 5.0000E-03 5.6621E-01 2.1165E+00 2.0879E+00 2.8612E-02  3.3613E-05 4.0217E-01 3.4136E-03   214
 5.0000E-03 5.6235E-01 1.5843E+00 1.5628E+00 2.1515E-02  2.0631E-05 4.0217E-01 2.5671E-03   214
 5.0000E-03 5.5855E-01 1.2192E+00 1.2026E+00 1.6589E-02  1.4002E-04 4.0216E-01 1.9786E-03   214
 5.0000E-03 7.9487E-01 3.4854E-02 3.4508E-02 3.4609E-04 -3.2749E-04 4.0218E-01 4.1291E-05   214
 5.0000E-03 5.5480E-01 9.6341E-01 9.5033E-01 1.3089E-02  5.3560E-04 4.0216E-01 1.5592E-03   214
 5.0000E-03 5.5111E-01 7.8038E-01 7.6984E-01 1.0554E-02  1.2073E-03 4.0216E-01 1.2544E-03   214
 5.0000E-03 5.4746E-01 6.4532E-01 6.3666E-01 8.6695E-03  1.8355E-03 4.0216E-01 1.0283E-03   214
 5.0000E-03 5.4385E-01 5.4424E-01 5.3700E-01 7.2465E-03  2.1753E-03 4.0216E-01 8.5856E-04   214
 5.0000E-03 5.4030E-01 4.6785E-01 4.6169E-01 6.1652E-03  2.2863E-03 4.0216E-01 7.3022E-04   214
 5.0000E-03 5.3679E-01 4.0741E-01 4.0209E-01 5.3258E-03  2.2911E-03 4.0217E-01 6.3084E-04   214
 5.0000E-03 5.3333E-01 3.5725E-01 3.5259E-01 4.6584E-03  2.2551E-03 4.0218E-01 5.5190E-04   214
 5.0000E-03 5.2991E-01 3.1418E-01 3.1007E-01 4.1110E-03  2.2075E-03 4.0218E-01 4.8717E-04   214
 5.0000E-03 5.2653E-01 2.7652E-01 2.7288E-01 3.6518E-03  2.1632E-03 4.0219E-01 4.3286E-04   214
 5.0000E-03 5.2320E-01 2.4344E-01 2.4019E-01 3.2588E-03  2.1298E-03 4.0219E-01 3.8635E-04   214
 5.0000E-03 7.8730E-01 3.7124E-02 3.6751E-02 3.7340E-04 -3.0582E-04 4.0218E-01 4.4547E-05   214
 5.0000E-03 5.1991E-01 2.1492E-01 2.1200E-01 2.9165E-03  2.1089E-03 4.0220E-01 3.4581E-04   214
 5.0000E-03 5.1666E-01 1.9102E-01 1.8840E-01 2.6187E-03  2.0985E-03 4.0220E-01 3.1053E-04   214
 5.0000E-03 5.1345E-01 1.7118E-01 1.6882E-01 2.3610E-03  2.0960E-03 4.0219E-01 2.7997E-04   214
 5.0000E-03 5.1028E-01 1.5461E-01 1.5247E-01 2.1378E-03  2.0999E-03 4.0219E-01 2.5351E-04   214
 5.0000E-03 5.0715E-01 1.4063E-01 1.3869E-01 1.9440E-03  2.1091E-03 4.0219E-01 2.3053E-04   214
 5.0000E-03 5.0406E-01 1.2869E-01 1.2692E-01 1.7750E-03  2.1226E-03 4.0219E-01 2.1048E-04   214
 5.0000E-03 5.0101E-01 1.1837E-01 1.1675E-01 1.6266E-03  2.1396E-03 4.0219E-01 1.9289E-04   214
 5.0000E-03 4.9799E-01 1.0936E-01 1.0787E-01 1.4953E-03  2.1596E-03 4.0219E-01 1.7731E-04   214
 5.0000E-03 4.9500E-01 1.0146E-01 1.0008E-01 1.3787E-03  2.1822E-03 4.0219E-01 1.6347E-04   214
 5.0000E-03 4.9206E-01 9.4498E-02 9.3224E-02 1.2754E-03  2.2067E-03 4.0219E-01 1.5121E-04   214
 5.0000E-03 7.7987E-01 3.9593E-02 3.9190E-02 4.0337E-04 -2.8404E-04 4.0218E-01 4.8120E-05   214
 5.0000E-03 4.8915E-01 8.8252E-02 8.7070E-02 1.1828E-03  2.2332E-03 4.0219E-01 1.4022E-04   214
 5.0000E-03 4.8627E-01 8.2588E-02 8.1489E-02 1.0993E-03  2.2613E-03 4.0219E-01 1.3033E-04   214
 5.0000E-03 4.8343E-01 7.7442E-02 7.6419E-02 1.0241E-03  2.2907E-03 4.0219E-01 1.2140E-04   214
 5.0000E-03 4.8062E-01 7.2728E-02 7.1773E-02 9.5572E-04  2.3214E-03 4.0219E-01 1.1328E-04   214
 5.0000E-03 4.7784E-01 6.8384E-02 6.7491E-02 8.9335E-04  2.3532E-03 4.0219E-01 1.0588E-04   214
 5.0000E-03 4.7509E-01 6.4365E-02 6.3530E-02 8.3623E-04  2.3858E-03 4.0219E-01 9.9107E-05   214
 5.0000E-03 4.7238E-01 6.0652E-02 5.9869E-02 7.8393E-04  2.4190E-03 4.0219E-01 9.2901E-05   214
 5.0000E-03 4.6969E-01 5.7199E-02 5.6465E-02 7.3551E-04  2.4529E-03 4.0219E-01 8.7156E-05   214
 5.0000E-03 4.6704E-01 5.4023E-02 5.3333E-02 6.9091E-04  2.4873E-03 4.0219E-01 8.1865E-05   214
 5.0000E-03 4.6441E-01 5.1087E-02 5.0438E-02 6.4945E-04  2.5223E-03 4.0219E-01 7.6946E-05   214
 5.0000E-03 7.7258E-01 4.2309E-02 4.1873E-02 4.3624E-04 -2.6210E-04 4.0218E-01 5.2040E-05   214
 5.0000E-03 4.6182E-01 4.8399E-02 4.7788E-02 6.1113E-04  2.5577E-03 4.0219E-01 7.2401E-05   214
 5.0000E-03 4.5925E-01 4.5924E-02 4.5350E-02 5.7541E-04  2.5937E-03 4.0219E-01 6.8164E-05   214
 5.0000E-03 4.5672E-01 4.3664E-02 4.3122E-02 5.4234E-04  2.6301E-03 4.0219E-01 6.4240E-05   214
 5.0000E-03 4.5421E-01 4.1578E-02 4.1067E-02 5.1144E-04  2.6672E-03 4.0219E-01 6.0575E-05   214
 5.0000E-03 4.5173E-01 3.9653E-02 3.9171E-02 4.8266E-04  2.7049E-03 4.0219E-01 5.7161E-05   214
 5.0000E-03 4.4927E-01 3.7866E-02 3.7411E-02 4.5570E-04  2.7432E-03 4.0219E-01 5.3964E-05   214
 5.0000E-03 4.4684E-01 3.6206E-02 3.5776E-02 4.3052E-04  2.7820E-03 4.0219E-01 5.0977E-05   214
 5.0000E-03 4.4444E-01 3.4662E-02 3.4255E-02 4.0696E-04  2.8212E-03 4.0219E-01 4.8183E-05   214
 5.0000E-03 4.4206E-01 3.3215E-02 3.2831E-02 3.8480E-04  2.8609E-03 4.0219E-01 4.5555E-05   214
 5.0000E-03 4.3971E-01 3.1861E-02 3.1498E-02 3.6402E-04  2.9011E-03 4.0219E-01 4.3091E-05   214
 5.0000E-03 7.6543E-01 4.5268E-02 4.4796E-02 4.7237E-04 -2.4000E-04 4.0218E-01 5.6347E-05   214
 5.0000E-03 4.3738E-01 3.0586E-02 3.0242E-02 3.4441E-04  2.9418E-03 4.0219E-01 4.0766E-05   214
 5.0000E-03 4.3508E-01 2.9388E-02 2.9062E-02 3.2598E-04  2.9827E-03 4.0219E-01 3.8580E-05   214
 5.0000E-03 4.3280E-01 2.8258E-02 2.7950E-02 3.0853E-04  3.0241E-03 4.0219E-01 3.6512E-05   214
 5.0000E-03 4.3055E-01 2.7202E-02 2.6910E-02 2.9208E-04  3.0657E-03 4.0219E-01 3.4562E-05   214
 5.0000E-03 4.2832E-01 2.6218E-02 2.5942E-02 2.7649E-04  3.1076E-03 4.0219E-01 3.2714E-05   214
 5.0000E-03 4.2611E-01 2.5303E-02 2.5041E-02 2.6173E-04  3.1499E-03 4.0219E-01 3.0964E-05   214
 5.0000E-03 4.2393E-01 2.4453E-02 2.4206E-02 2.4780E-04  3.1925E-03 4.0219E-01 2.9313E-05   214
 5.0000E-03 4.2176E-01 2.3653E-02 2.3419E-02 2.3454E-04  3.2357E-03 4.0219E-01 2.7742E-05   214
 5.0000E-03 4.1962E-01 2.2905E-02 2.2683E-02 2.2202E-04  3.2792E-03 4.0219E-01 2.6258E-05   214
 5.0000E-03 4.1750E-01 2.2199E-02 2.1989E-02 2.1014E-04  3.3231E-03 4.0219E-01 2.4850E-05   214
