Energy [eV] Abs Cross [um^2] 
2.756 	 2.89487e-06 
2.749 	 2.94703e-06 
2.743 	 3.00058e-06 
2.737 	 3.05528e-06 
2.731 	 3.11107e-06 
2.725 	 3.16807e-06 
2.719 	 3.22641e-06 
2.713 	 3.28618e-06 
2.707 	 3.34746e-06 
2.701 	 3.41031e-06 
2.695 	 3.47479e-06 
2.689 	 3.54098e-06 
2.684 	 3.60895e-06 
2.678 	 3.67874e-06 
2.672 	 3.75038e-06 
2.666 	 3.82390e-06 
2.660 	 3.89938e-06 
2.655 	 3.97688e-06 
2.649 	 4.05651e-06 
2.643 	 4.13832e-06 
2.638 	 4.22241e-06 
2.632 	 4.30885e-06 
2.627 	 4.39772e-06 
2.621 	 4.48913e-06 
2.615 	 4.58317e-06 
2.610 	 4.67994e-06 
2.604 	 4.77955e-06 
2.599 	 4.88210e-06 
2.593 	 4.98770e-06 
2.588 	 5.09648e-06 
2.583 	 5.20856e-06 
2.577 	 5.32409e-06 
2.572 	 5.44319e-06 
2.566 	 5.56602e-06 
2.561 	 5.69273e-06 
2.556 	 5.82348e-06 
2.550 	 5.95843e-06 
2.545 	 6.09777e-06 
2.540 	 6.24169e-06 
2.535 	 6.39038e-06 
2.530 	 6.54405e-06 
2.524 	 6.70292e-06 
2.519 	 6.86722e-06 
2.514 	 7.03720e-06 
2.509 	 7.21312e-06 
2.504 	 7.39525e-06 
2.499 	 7.58388e-06 
2.494 	 7.77932e-06 
2.489 	 7.98189e-06 
2.484 	 8.19194e-06 
2.479 	 8.40984e-06 
2.474 	 8.63598e-06 
2.469 	 8.87078e-06 
2.464 	 9.11468e-06 
2.459 	 9.36814e-06 
2.454 	 9.63167e-06 
2.449 	 9.90579e-06 
2.444 	 1.01911e-05 
2.440 	 1.04881e-05 
2.435 	 1.07975e-05 
2.430 	 1.11200e-05 
2.425 	 1.14563e-05 
2.420 	 1.18072e-05 
2.416 	 1.21736e-05 
2.411 	 1.25562e-05 
2.406 	 1.29562e-05 
2.402 	 1.33745e-05 
2.397 	 1.38123e-05 
2.392 	 1.42708e-05 
2.388 	 1.47512e-05 
2.383 	 1.52550e-05 
2.378 	 1.57836e-05 
2.374 	 1.63388e-05 
2.369 	 1.69223e-05 
2.365 	 1.75359e-05 
2.360 	 1.81818e-05 
2.356 	 1.88623e-05 
2.351 	 1.95797e-05 
2.347 	 2.03368e-05 
2.342 	 2.11364e-05 
2.338 	 2.19818e-05 
2.333 	 2.28764e-05 
2.329 	 2.38240e-05 
2.325 	 2.48288e-05 
2.320 	 2.58954e-05 
2.316 	 2.70288e-05 
2.312 	 2.82346e-05 
2.307 	 2.95190e-05 
2.303 	 3.08887e-05 
2.299 	 3.23513e-05 
2.294 	 3.39151e-05 
2.290 	 3.55894e-05 
2.286 	 3.73846e-05 
2.282 	 3.93123e-05 
2.277 	 4.13854e-05 
2.273 	 4.36184e-05 
2.269 	 4.60276e-05 
2.265 	 4.86313e-05 
2.261 	 5.14501e-05 
2.257 	 5.45075e-05 
2.252 	 5.78300e-05 
2.248 	 6.14476e-05 
2.244 	 6.53947e-05 
2.240 	 6.97103e-05 
2.236 	 7.44394e-05 
2.232 	 7.96333e-05 
2.228 	 8.53510e-05 
2.224 	 9.16603e-05 
2.220 	 9.86398e-05 
2.216 	 1.06380e-04 
2.212 	 1.14984e-04 
2.208 	 1.24574e-04 
2.204 	 1.35288e-04 
2.200 	 1.47285e-04 
2.196 	 1.60750e-04 
2.192 	 1.75890e-04 
2.189 	 1.92941e-04 
2.185 	 2.12162e-04 
2.181 	 2.33835e-04 
2.177 	 2.58253e-04 
2.173 	 2.85702e-04 
2.169 	 3.16424e-04 
2.166 	 3.50574e-04 
2.162 	 3.88133e-04 
2.158 	 4.28806e-04 
2.154 	 4.71884e-04 
2.150 	 5.16105e-04 
2.147 	 5.59545e-04 
2.143 	 5.99618e-04 
2.139 	 6.33264e-04 
2.136 	 6.57385e-04 
2.132 	 6.69459e-04 
2.128 	 6.68155e-04 
2.124 	 6.53695e-04 
2.121 	 6.27782e-04 
2.117 	 5.93142e-04 
2.114 	 5.52886e-04 
2.110 	 5.09937e-04 
2.106 	 4.66683e-04 
2.103 	 4.24842e-04 
2.099 	 3.85508e-04 
2.096 	 3.49269e-04 
2.092 	 3.16345e-04 
2.089 	 2.86716e-04 
2.085 	 2.60214e-04 
2.081 	 2.36595e-04 
2.078 	 2.15586e-04 
2.074 	 1.96907e-04 
2.071 	 1.80292e-04 
2.068 	 1.65496e-04 
2.064 	 1.52299e-04 
2.061 	 1.40504e-04 
2.057 	 1.29940e-04 
2.054 	 1.20456e-04 
2.050 	 1.11920e-04 
2.047 	 1.04220e-04 
2.044 	 9.72550e-05 
2.040 	 9.09408e-05 
2.037 	 8.52025e-05 
2.033 	 7.99752e-05 
2.030 	 7.52025e-05 
2.027 	 7.08352e-05 
2.023 	 6.68301e-05 
2.020 	 6.31496e-05 
2.017 	 5.97606e-05 
2.014 	 5.66338e-05 
2.010 	 5.37436e-05 
2.007 	 5.10672e-05 
2.004 	 4.85845e-05 
2.000 	 4.62776e-05 
1.997 	 4.41306e-05 
1.994 	 4.21293e-05 
1.991 	 4.02611e-05 
1.988 	 3.85145e-05 
1.984 	 3.68795e-05 
1.981 	 3.53468e-05 
1.978 	 3.39081e-05 
1.975 	 3.25561e-05 
1.972 	 3.12840e-05 
1.969 	 3.00856e-05 
1.965 	 2.89554e-05 
1.962 	 2.78884e-05 
1.959 	 2.68799e-05 
1.956 	 2.59259e-05 
1.953 	 2.50224e-05 
1.950 	 2.41659e-05 
1.947 	 2.33533e-05 
1.944 	 2.25817e-05 
1.941 	 2.18482e-05 
1.938 	 2.11505e-05 
1.935 	 2.04863e-05 
1.932 	 1.98534e-05 
1.929 	 1.92499e-05 
1.926 	 1.86741e-05 
1.923 	 1.81242e-05 
1.920 	 1.75988e-05 
1.917 	 1.70963e-05 
1.914 	 1.66156e-05 
1.911 	 1.61553e-05 
1.908 	 1.57143e-05 
