Energy [eV] Abs Cross [um^2] 
2.756 	 6.22527e-03 
2.749 	 6.39066e-03 
2.743 	 6.56186e-03 
2.737 	 6.73854e-03 
2.731 	 6.92067e-03 
2.725 	 7.10857e-03 
2.719 	 7.30254e-03 
2.713 	 7.50284e-03 
2.707 	 7.70968e-03 
2.701 	 7.92322e-03 
2.695 	 8.14363e-03 
2.689 	 8.37108e-03 
2.684 	 8.60567e-03 
2.678 	 8.84748e-03 
2.672 	 9.09654e-03 
2.666 	 9.35282e-03 
2.660 	 9.61632e-03 
2.655 	 9.88705e-03 
2.649 	 1.01650e-02 
2.643 	 1.04500e-02 
2.638 	 1.07419e-02 
2.632 	 1.10406e-02 
2.627 	 1.13456e-02 
2.621 	 1.16568e-02 
2.615 	 1.19737e-02 
2.610 	 1.22957e-02 
2.604 	 1.26223e-02 
2.599 	 1.29529e-02 
2.593 	 1.32866e-02 
2.588 	 1.36225e-02 
2.583 	 1.39596e-02 
2.577 	 1.42969e-02 
2.572 	 1.46331e-02 
2.566 	 1.49668e-02 
2.561 	 1.52967e-02 
2.556 	 1.56212e-02 
2.550 	 1.59386e-02 
2.545 	 1.62472e-02 
2.540 	 1.65453e-02 
2.535 	 1.68310e-02 
2.530 	 1.71025e-02 
2.524 	 1.73578e-02 
2.519 	 1.75953e-02 
2.514 	 1.78130e-02 
2.509 	 1.80093e-02 
2.504 	 1.81827e-02 
2.499 	 1.83317e-02 
2.494 	 1.84550e-02 
2.489 	 1.85517e-02 
2.484 	 1.86208e-02 
2.479 	 1.86618e-02 
2.474 	 1.86743e-02 
2.469 	 1.86583e-02 
2.464 	 1.86140e-02 
2.459 	 1.85417e-02 
2.454 	 1.84423e-02 
2.449 	 1.83165e-02 
2.444 	 1.81657e-02 
2.440 	 1.79910e-02 
2.435 	 1.77939e-02 
2.430 	 1.75762e-02 
2.425 	 1.73394e-02 
2.420 	 1.70854e-02 
2.416 	 1.68160e-02 
2.411 	 1.65330e-02 
2.406 	 1.62383e-02 
2.402 	 1.59337e-02 
2.397 	 1.56209e-02 
2.392 	 1.53015e-02 
2.388 	 1.49771e-02 
2.383 	 1.46492e-02 
2.378 	 1.43193e-02 
2.374 	 1.39884e-02 
2.369 	 1.36579e-02 
2.365 	 1.33288e-02 
2.360 	 1.30020e-02 
2.356 	 1.26783e-02 
2.351 	 1.23585e-02 
2.347 	 1.20432e-02 
2.342 	 1.17329e-02 
2.338 	 1.14283e-02 
2.333 	 1.11296e-02 
2.329 	 1.08371e-02 
2.325 	 1.05512e-02 
2.320 	 1.02720e-02 
2.316 	 9.99960e-03 
2.312 	 9.73418e-03 
2.307 	 9.47577e-03 
2.303 	 9.22436e-03 
2.299 	 8.97995e-03 
2.294 	 8.74249e-03 
2.290 	 8.51191e-03 
2.286 	 8.28812e-03 
2.282 	 8.07100e-03 
2.277 	 7.86044e-03 
2.273 	 7.65632e-03 
2.269 	 7.45850e-03 
2.265 	 7.26683e-03 
2.261 	 7.08117e-03 
2.257 	 6.90134e-03 
2.252 	 6.72721e-03 
2.248 	 6.55860e-03 
2.244 	 6.39535e-03 
2.240 	 6.23730e-03 
2.236 	 6.08429e-03 
2.232 	 5.93615e-03 
2.228 	 5.79273e-03 
2.224 	 5.65386e-03 
2.220 	 5.51941e-03 
2.216 	 5.38921e-03 
2.212 	 5.26312e-03 
2.208 	 5.14100e-03 
2.204 	 5.02272e-03 
2.200 	 4.90814e-03 
2.196 	 4.79713e-03 
2.192 	 4.68957e-03 
2.189 	 4.58534e-03 
2.185 	 4.48431e-03 
2.181 	 4.38638e-03 
2.177 	 4.29144e-03 
2.173 	 4.19938e-03 
2.169 	 4.11010e-03 
2.166 	 4.02350e-03 
2.162 	 3.93949e-03 
2.158 	 3.85796e-03 
2.154 	 3.77885e-03 
2.150 	 3.70205e-03 
2.147 	 3.62749e-03 
2.143 	 3.55510e-03 
2.139 	 3.48478e-03 
2.136 	 3.41648e-03 
2.132 	 3.35012e-03 
2.128 	 3.28564e-03 
2.124 	 3.22296e-03 
2.121 	 3.16204e-03 
2.117 	 3.10280e-03 
2.114 	 3.04519e-03 
2.110 	 2.98916e-03 
2.106 	 2.93465e-03 
2.103 	 2.88161e-03 
2.099 	 2.82999e-03 
2.096 	 2.77975e-03 
2.092 	 2.73083e-03 
2.089 	 2.68320e-03 
2.085 	 2.63681e-03 
2.081 	 2.59163e-03 
2.078 	 2.54760e-03 
2.074 	 2.50470e-03 
2.071 	 2.46289e-03 
2.068 	 2.42213e-03 
2.064 	 2.38239e-03 
2.061 	 2.34364e-03 
2.057 	 2.30584e-03 
2.054 	 2.26898e-03 
2.050 	 2.23301e-03 
2.047 	 2.19791e-03 
2.044 	 2.16366e-03 
2.040 	 2.13022e-03 
2.037 	 2.09758e-03 
2.033 	 2.06570e-03 
2.030 	 2.03457e-03 
2.027 	 2.00417e-03 
2.023 	 1.97446e-03 
2.020 	 1.94544e-03 
2.017 	 1.91708e-03 
2.014 	 1.88936e-03 
2.010 	 1.86226e-03 
2.007 	 1.83577e-03 
2.004 	 1.80986e-03 
2.000 	 1.78452e-03 
1.997 	 1.75974e-03 
1.994 	 1.73550e-03 
1.991 	 1.71178e-03 
1.988 	 1.68857e-03 
1.984 	 1.66586e-03 
1.981 	 1.64362e-03 
1.978 	 1.62186e-03 
1.975 	 1.60055e-03 
1.972 	 1.57969e-03 
1.969 	 1.55926e-03 
1.965 	 1.53925e-03 
1.962 	 1.51964e-03 
1.959 	 1.50044e-03 
1.956 	 1.48162e-03 
1.953 	 1.46318e-03 
1.950 	 1.44511e-03 
1.947 	 1.42740e-03 
1.944 	 1.41003e-03 
1.941 	 1.39300e-03 
1.938 	 1.37630e-03 
1.935 	 1.35993e-03 
1.932 	 1.34386e-03 
1.929 	 1.32811e-03 
1.926 	 1.31265e-03 
1.923 	 1.29748e-03 
1.920 	 1.28260e-03 
1.917 	 1.26800e-03 
1.914 	 1.25366e-03 
1.911 	 1.23959e-03 
1.908 	 1.22578e-03 
