 5.0000E-03 8.2666E-01 5.8095E-03 5.7893E-03 2.0188E-05 -8.2455E-04 4.0217E-01 2.4112E-06   214
 5.0000E-03 7.5840E-01 8.9051E-03 8.8737E-03 3.1431E-05 -6.9979E-04 4.0217E-01 3.7530E-06   214
 5.0000E-03 4.1541E-01 2.9488E-01 2.9462E-01 2.5914E-04  9.5475E-04 4.0218E-01 3.0827E-05   214
 5.0000E-03 7.5151E-01 9.1998E-03 9.1668E-03 3.3021E-05 -6.8646E-04 4.0217E-01 3.9428E-06   214
 5.0000E-03 7.4474E-01 9.5833E-03 9.5486E-03 3.4705E-05 -6.7261E-04 4.0217E-01 4.1437E-06   214
 5.0000E-03 7.3809E-01 1.0071E-02 1.0035E-02 3.6465E-05 -6.5856E-04 4.0217E-01 4.3538E-06   214
 5.0000E-03 7.3156E-01 1.0626E-02 1.0588E-02 3.8291E-05 -6.4446E-04 4.0217E-01 4.5717E-06   214
 5.0000E-03 7.2514E-01 1.1162E-02 1.1122E-02 4.0174E-05 -6.2932E-04 4.0217E-01 4.7963E-06   214
 5.0000E-03 7.1884E-01 1.1559E-02 1.1517E-02 4.2129E-05 -6.1275E-04 4.0217E-01 5.0295E-06   214
 5.0000E-03 7.1264E-01 1.1807E-02 1.1763E-02 4.4214E-05 -5.9537E-04 4.0217E-01 5.2783E-06   214
 5.0000E-03 7.0655E-01 1.2068E-02 1.2022E-02 4.6463E-05 -5.7828E-04 4.0217E-01 5.5465E-06   214
 5.0000E-03 7.0056E-01 1.2443E-02 1.2395E-02 4.8857E-05 -5.6195E-04 4.0217E-01 5.8321E-06   214
 5.0000E-03 8.1848E-01 6.1864E-03 6.1651E-03 2.1235E-05 -8.1302E-04 4.0217E-01 2.5362E-06   214
 5.0000E-03 6.9467E-01 1.2848E-02 1.2797E-02 5.1384E-05 -5.4648E-04 4.0217E-01 6.1335E-06   214
 5.0000E-03 6.8888E-01 1.3282E-02 1.3228E-02 5.4097E-05 -5.3103E-04 4.0217E-01 6.4571E-06   214
 5.0000E-03 6.8319E-01 1.3909E-02 1.3852E-02 5.7007E-05 -5.1442E-04 4.0217E-01 6.8043E-06   214
 5.0000E-03 6.7759E-01 1.4733E-02 1.4673E-02 6.0092E-05 -4.9669E-04 4.0217E-01 7.1723E-06   214
 5.0000E-03 6.7208E-01 1.5742E-02 1.5679E-02 6.3364E-05 -4.7837E-04 4.0217E-01 7.5624E-06   214
 5.0000E-03 6.6666E-01 1.6971E-02 1.6904E-02 6.6813E-05 -4.6009E-04 4.0217E-01 7.9737E-06   214
 5.0000E-03 6.6133E-01 1.8373E-02 1.8303E-02 7.0418E-05 -4.4261E-04 4.0217E-01 8.4037E-06   214
 5.0000E-03 6.5608E-01 1.9980E-02 1.9906E-02 7.4177E-05 -4.2551E-04 4.0217E-01 8.8519E-06   214
 5.0000E-03 6.5091E-01 2.1679E-02 2.1601E-02 7.8144E-05 -4.0777E-04 4.0217E-01 9.3249E-06   214
 5.0000E-03 6.4583E-01 2.3442E-02 2.3360E-02 8.2394E-05 -3.8912E-04 4.0217E-01 9.8317E-06   214
 5.0000E-03 8.1045E-01 6.5857E-03 6.5634E-03 2.2333E-05 -7.9918E-04 4.0217E-01 2.6673E-06   214
 5.0000E-03 6.4082E-01 2.5408E-02 2.5321E-02 8.7005E-05 -3.6985E-04 4.0217E-01 1.0381E-05   214
 5.0000E-03 6.3589E-01 2.7705E-02 2.7613E-02 9.1982E-05 -3.5055E-04 4.0217E-01 1.0975E-05   214
 5.0000E-03 6.3104E-01 3.0380E-02 3.0283E-02 9.7318E-05 -3.3147E-04 4.0217E-01 1.1611E-05   214
 5.0000E-03 6.2626E-01 3.3448E-02 3.3345E-02 1.0304E-04 -3.1246E-04 4.0217E-01 1.2293E-05   214
 5.0000E-03 6.2155E-01 3.6936E-02 3.6826E-02 1.0917E-04 -2.9340E-04 4.0217E-01 1.3024E-05   214
 5.0000E-03 6.1691E-01 4.0887E-02 4.0772E-02 1.1575E-04 -2.7410E-04 4.0217E-01 1.3809E-05   214
 5.0000E-03 6.1234E-01 4.5235E-02 4.5112E-02 1.2307E-04 -2.5321E-04 4.0217E-01 1.4681E-05   214
 5.0000E-03 6.0784E-01 5.0136E-02 5.0005E-02 1.3096E-04 -2.3180E-04 4.0217E-01 1.5621E-05   214
 5.0000E-03 6.0340E-01 5.5650E-02 5.5511E-02 1.3952E-04 -2.0987E-04 4.0217E-01 1.6641E-05   214
 5.0000E-03 5.9903E-01 6.1863E-02 6.1714E-02 1.4882E-04 -1.8756E-04 4.0217E-01 1.7750E-05   214
 5.0000E-03 8.0258E-01 7.0421E-03 7.0187E-03 2.3471E-05 -7.8287E-04 4.0217E-01 2.8032E-06   214
 5.0000E-03 5.9472E-01 6.8924E-02 6.8765E-02 1.5898E-04 -1.6486E-04 4.0217E-01 1.8961E-05   214
 5.0000E-03 5.9047E-01 7.6985E-02 7.6815E-02 1.7008E-04 -1.4176E-04 4.0217E-01 2.0284E-05   214
 5.0000E-03 5.8628E-01 8.6201E-02 8.6019E-02 1.8221E-04 -1.1827E-04 4.0217E-01 2.1729E-05   214
 5.0000E-03 5.8215E-01 9.6738E-02 9.6543E-02 1.9546E-04 -9.4441E-05 4.0217E-01 2.3309E-05   214
 5.0000E-03 5.7808E-01 1.0863E-01 1.0842E-01 2.0929E-04 -7.1449E-05 4.0217E-01 2.4956E-05   214
 5.0000E-03 5.7407E-01 1.2222E-01 1.2200E-01 2.2413E-04 -4.8240E-05 4.0217E-01 2.6725E-05   214
 5.0000E-03 5.7011E-01 1.3772E-01 1.3748E-01 2.4004E-04 -2.4783E-05 4.0217E-01 2.8621E-05   214
 5.0000E-03 5.6621E-01 1.5527E-01 1.5501E-01 2.5695E-04 -1.1272E-06 4.0217E-01 3.0635E-05   214
 5.0000E-03 5.6235E-01 1.7512E-01 1.7484E-01 2.7485E-04  2.2863E-05 4.0217E-01 3.2767E-05   214
 5.0000E-03 5.5855E-01 1.9728E-01 1.9698E-01 2.9350E-04  4.7088E-05 4.0217E-01 3.4990E-05   214
 5.0000E-03 7.9487E-01 7.5013E-03 7.4767E-03 2.4643E-05 -7.6598E-04 4.0217E-01 2.9430E-06   214
 5.0000E-03 5.5480E-01 2.2185E-01 2.2154E-01 3.1273E-04  7.1625E-05 4.0217E-01 3.7279E-05   214
 5.0000E-03 5.5111E-01 2.4870E-01 2.4837E-01 3.3213E-04  9.6434E-05 4.0217E-01 3.9590E-05   214
 5.0000E-03 5.4746E-01 2.7835E-01 2.7799E-01 3.5232E-04  1.2215E-04 4.0217E-01 4.1995E-05   214
 5.0000E-03 5.4385E-01 3.1139E-01 3.1102E-01 3.7337E-04  1.4927E-04 4.0217E-01 4.4501E-05   214
 5.0000E-03 5.4030E-01 3.4590E-01 3.4551E-01 3.9212E-04  1.7678E-04 4.0217E-01 4.6733E-05   214
 5.0000E-03 5.3679E-01 3.8082E-01 3.8041E-01 4.0743E-04  2.0495E-04 4.0217E-01 4.8555E-05   214
 5.0000E-03 5.3333E-01 4.1447E-01 4.1405E-01 4.1807E-04  2.3381E-04 4.0217E-01 4.9820E-05   214
 5.0000E-03 5.2991E-01 4.4520E-01 4.4478E-01 4.2305E-04  2.6355E-04 4.0217E-01 5.0410E-05   214
 5.0000E-03 5.2653E-01 4.7130E-01 4.7087E-01 4.2175E-04  2.9424E-04 4.0217E-01 5.0251E-05   214
 5.0000E-03 5.2320E-01 4.9129E-01 4.9088E-01 4.1409E-04  3.2584E-04 4.0217E-01 4.9335E-05   214
 5.0000E-03 7.8730E-01 7.8634E-03 7.8376E-03 2.5855E-05 -7.5047E-04 4.0217E-01 3.0876E-06   214
 5.0000E-03 5.1991E-01 5.0047E-01 5.0007E-01 3.9432E-04  3.5993E-04 4.0217E-01 4.6977E-05   214
 5.0000E-03 5.1666E-01 4.9356E-01 4.9320E-01 3.5991E-04  3.9699E-04 4.0217E-01 4.2873E-05   214
 5.0000E-03 5.1345E-01 4.7989E-01 4.7956E-01 3.2629E-04  4.3350E-04 4.0217E-01 3.8865E-05   214
 5.0000E-03 5.1028E-01 4.6205E-01 4.6175E-01 2.9502E-04  4.6934E-04 4.0217E-01 3.5138E-05   214
 5.0000E-03 5.0715E-01 4.4203E-01 4.4176E-01 2.6689E-04  5.0449E-04 4.0217E-01 3.1785E-05   214
 5.0000E-03 5.0406E-01 4.2123E-01 4.2099E-01 2.4212E-04  5.3899E-04 4.0217E-01 2.8832E-05   214
 5.0000E-03 5.0101E-01 4.0056E-01 4.0034E-01 2.2062E-04  5.7292E-04 4.0217E-01 2.6270E-05   214
 5.0000E-03 4.9799E-01 3.8049E-01 3.8029E-01 2.0207E-04  6.0650E-04 4.0217E-01 2.4060E-05   214
 5.0000E-03 4.9500E-01 3.6296E-01 3.6277E-01 1.8806E-04  6.3663E-04 4.0217E-01 2.2390E-05   214
 5.0000E-03 4.9206E-01 3.5021E-01 3.5003E-01 1.8006E-04  6.5916E-04 4.0217E-01 2.1436E-05   214
 5.0000E-03 7.7987E-01 8.1210E-03 8.0939E-03 2.7135E-05 -7.3792E-04 4.0217E-01 3.2403E-06   214
 5.0000E-03 4.8915E-01 3.3913E-01 3.3896E-01 1.7401E-04  6.8006E-04 4.0218E-01 2.0715E-05   214
 5.0000E-03 4.8627E-01 3.2952E-01 3.2935E-01 1.6960E-04  6.9930E-04 4.0218E-01 2.0189E-05   214
 5.0000E-03 4.8343E-01 3.2123E-01 3.2106E-01 1.6660E-04  7.1679E-04 4.0218E-01 1.9831E-05   214
 5.0000E-03 4.8062E-01 3.1407E-01 3.1391E-01 1.6481E-04  7.3257E-04 4.0218E-01 1.9617E-05   214
 5.0000E-03 4.7784E-01 3.0792E-01 3.0776E-01 1.6409E-04  7.4662E-04 4.0218E-01 1.9531E-05   214
 5.0000E-03 4.7509E-01 3.0267E-01 3.0250E-01 1.6433E-04  7.5888E-04 4.0218E-01 1.9559E-05   214
 5.0000E-03 4.7238E-01 2.9821E-01 2.9804E-01 1.6544E-04  7.6929E-04 4.0218E-01 1.9690E-05   214
 5.0000E-03 4.6969E-01 2.9541E-01 2.9524E-01 1.6748E-04  7.7836E-04 4.0218E-01 1.9933E-05   214
 5.0000E-03 4.6704E-01 2.9360E-01 2.9343E-01 1.7003E-04  7.8674E-04 4.0218E-01 2.0236E-05   214
 5.0000E-03 4.6441E-01 2.9223E-01 2.9206E-01 1.7296E-04  7.9443E-04 4.0218E-01 2.0585E-05   214
 5.0000E-03 7.7258E-01 8.3690E-03 8.3406E-03 2.8491E-05 -7.2616E-04 4.0217E-01 3.4022E-06   214
 5.0000E-03 4.6182E-01 2.9127E-01 2.9109E-01 1.7625E-04  8.0134E-04 4.0218E-01 2.0976E-05   214
 5.0000E-03 4.5925E-01 2.9069E-01 2.9051E-01 1.7992E-04  8.0753E-04 4.0218E-01 2.1411E-05   214
 5.0000E-03 4.5672E-01 2.9047E-01 2.9029E-01 1.8392E-04  8.1293E-04 4.0218E-01 2.1888E-05   214
 5.0000E-03 4.5421E-01 2.9060E-01 2.9041E-01 1.8830E-04  8.1757E-04 4.0218E-01 2.2409E-05   214
 5.0000E-03 4.5173E-01 2.9105E-01 2.9085E-01 1.9305E-04  8.2141E-04 4.0218E-01 2.2973E-05   214
 5.0000E-03 4.4927E-01 2.9063E-01 2.9044E-01 1.9688E-04  8.2816E-04 4.0218E-01 2.3429E-05   214
 5.0000E-03 4.4684E-01 2.8980E-01 2.8960E-01 2.0018E-04  8.3670E-04 4.0218E-01 2.3821E-05   214
 5.0000E-03 4.4444E-01 2.8908E-01 2.8888E-01 2.0354E-04  8.4539E-04 4.0218E-01 2.4220E-05   214
 5.0000E-03 4.4206E-01 2.8847E-01 2.8827E-01 2.0696E-04  8.5426E-04 4.0218E-01 2.4627E-05   214
 5.0000E-03 4.3971E-01 2.8798E-01 2.8777E-01 2.1044E-04  8.6326E-04 4.0218E-01 2.5040E-05   214
 5.0000E-03 7.6543E-01 8.6275E-03 8.5976E-03 2.9922E-05 -7.1326E-04 4.0217E-01 3.5729E-06   214
 5.0000E-03 4.3738E-01 2.8758E-01 2.8737E-01 2.1399E-04  8.7244E-04 4.0218E-01 2.5462E-05   214
 5.0000E-03 4.3508E-01 2.8728E-01 2.8707E-01 2.1758E-04  8.8176E-04 4.0218E-01 2.5889E-05   214
 5.0000E-03 4.3280E-01 2.8708E-01 2.8686E-01 2.2125E-04  8.9124E-04 4.0218E-01 2.6324E-05   214
 5.0000E-03 4.3055E-01 2.8698E-01 2.8675E-01 2.2496E-04  9.0083E-04 4.0218E-01 2.6766E-05   214
 5.0000E-03 4.2832E-01 2.8773E-01 2.8750E-01 2.2946E-04  9.0866E-04 4.0218E-01 2.7300E-05   214
 5.0000E-03 4.2611E-01 2.8862E-01 2.8838E-01 2.3409E-04  9.1645E-04 4.0218E-01 2.7850E-05   214
 5.0000E-03 4.2393E-01 2.8962E-01 2.8939E-01 2.3883E-04  9.2418E-04 4.0218E-01 2.8413E-05   214
 5.0000E-03 4.2176E-01 2.9076E-01 2.9052E-01 2.4372E-04  9.3191E-04 4.0218E-01 2.8995E-05   214
 5.0000E-03 4.1962E-01 2.9202E-01 2.9177E-01 2.4873E-04  9.3957E-04 4.0218E-01 2.9590E-05   214
 5.0000E-03 4.1750E-01 2.9339E-01 2.9314E-01 2.5388E-04  9.4719E-04 4.0218E-01 3.0202E-05   214
