Energy [eV] Abs Cross [um^2] 
2.756 	 2.31590e-05 
2.749 	 2.35763e-05 
2.743 	 2.40046e-05 
2.737 	 2.44423e-05 
2.731 	 2.48885e-05 
2.725 	 2.53446e-05 
2.719 	 2.58113e-05 
2.713 	 2.62894e-05 
2.707 	 2.67797e-05 
2.701 	 2.72825e-05 
2.695 	 2.77983e-05 
2.689 	 2.83279e-05 
2.684 	 2.88716e-05 
2.678 	 2.94299e-05 
2.672 	 3.00030e-05 
2.666 	 3.05912e-05 
2.660 	 3.11950e-05 
2.655 	 3.18151e-05 
2.649 	 3.24520e-05 
2.643 	 3.31066e-05 
2.638 	 3.37793e-05 
2.632 	 3.44708e-05 
2.627 	 3.51818e-05 
2.621 	 3.59130e-05 
2.615 	 3.66653e-05 
2.610 	 3.74395e-05 
2.604 	 3.82364e-05 
2.599 	 3.90568e-05 
2.593 	 3.99016e-05 
2.588 	 4.07718e-05 
2.583 	 4.16685e-05 
2.577 	 4.25927e-05 
2.572 	 4.35455e-05 
2.566 	 4.45282e-05 
2.561 	 4.55418e-05 
2.556 	 4.65878e-05 
2.550 	 4.76674e-05 
2.545 	 4.87822e-05 
2.540 	 4.99335e-05 
2.535 	 5.11231e-05 
2.530 	 5.23524e-05 
2.524 	 5.36234e-05 
2.519 	 5.49378e-05 
2.514 	 5.62976e-05 
2.509 	 5.77049e-05 
2.504 	 5.91620e-05 
2.499 	 6.06710e-05 
2.494 	 6.22345e-05 
2.489 	 6.38551e-05 
2.484 	 6.55355e-05 
2.479 	 6.72787e-05 
2.474 	 6.90879e-05 
2.469 	 7.09663e-05 
2.464 	 7.29174e-05 
2.459 	 7.49451e-05 
2.454 	 7.70533e-05 
2.449 	 7.92463e-05 
2.444 	 8.15285e-05 
2.440 	 8.39047e-05 
2.435 	 8.63801e-05 
2.430 	 8.89602e-05 
2.425 	 9.16507e-05 
2.420 	 9.44579e-05 
2.416 	 9.73885e-05 
2.411 	 1.00450e-04 
2.406 	 1.03650e-04 
2.402 	 1.06996e-04 
2.397 	 1.10498e-04 
2.392 	 1.14166e-04 
2.388 	 1.18009e-04 
2.383 	 1.22040e-04 
2.378 	 1.26269e-04 
2.374 	 1.30711e-04 
2.369 	 1.35378e-04 
2.365 	 1.40287e-04 
2.360 	 1.45455e-04 
2.356 	 1.50898e-04 
2.351 	 1.56638e-04 
2.347 	 1.62694e-04 
2.342 	 1.69091e-04 
2.338 	 1.75854e-04 
2.333 	 1.83011e-04 
2.329 	 1.90592e-04 
2.325 	 1.98630e-04 
2.320 	 2.07163e-04 
2.316 	 2.16231e-04 
2.312 	 2.25877e-04 
2.307 	 2.36152e-04 
2.303 	 2.47110e-04 
2.299 	 2.58810e-04 
2.294 	 2.71320e-04 
2.290 	 2.84715e-04 
2.286 	 2.99077e-04 
2.282 	 3.14498e-04 
2.277 	 3.31083e-04 
2.273 	 3.48947e-04 
2.269 	 3.68221e-04 
2.265 	 3.89050e-04 
2.261 	 4.11601e-04 
2.257 	 4.36060e-04 
2.252 	 4.62640e-04 
2.248 	 4.91581e-04 
2.244 	 5.23157e-04 
2.240 	 5.57683e-04 
2.236 	 5.95515e-04 
2.232 	 6.37066e-04 
2.228 	 6.82808e-04 
2.224 	 7.33283e-04 
2.220 	 7.89118e-04 
2.216 	 8.51036e-04 
2.212 	 9.19873e-04 
2.208 	 9.96591e-04 
2.204 	 1.08230e-03 
2.200 	 1.17828e-03 
2.196 	 1.28600e-03 
2.192 	 1.40712e-03 
2.189 	 1.54353e-03 
2.185 	 1.69730e-03 
2.181 	 1.87068e-03 
2.177 	 2.06603e-03 
2.173 	 2.28561e-03 
2.169 	 2.53140e-03 
2.166 	 2.80459e-03 
2.162 	 3.10507e-03 
2.158 	 3.43045e-03 
2.154 	 3.77507e-03 
2.150 	 4.12884e-03 
2.147 	 4.47636e-03 
2.143 	 4.79694e-03 
2.139 	 5.06611e-03 
2.136 	 5.25908e-03 
2.132 	 5.35567e-03 
2.128 	 5.34524e-03 
2.124 	 5.22956e-03 
2.121 	 5.02225e-03 
2.117 	 4.74514e-03 
2.114 	 4.42308e-03 
2.110 	 4.07950e-03 
2.106 	 3.73346e-03 
2.103 	 3.39873e-03 
2.099 	 3.08406e-03 
2.096 	 2.79415e-03 
2.092 	 2.53076e-03 
2.089 	 2.29373e-03 
2.085 	 2.08171e-03 
2.081 	 1.89276e-03 
2.078 	 1.72469e-03 
2.074 	 1.57525e-03 
2.071 	 1.44233e-03 
2.068 	 1.32397e-03 
2.064 	 1.21839e-03 
2.061 	 1.12403e-03 
2.057 	 1.03952e-03 
2.054 	 9.63646e-04 
2.050 	 8.95361e-04 
2.047 	 8.33756e-04 
2.044 	 7.78040e-04 
2.040 	 7.27526e-04 
2.037 	 6.81620e-04 
2.033 	 6.39801e-04 
2.030 	 6.01620e-04 
2.027 	 5.66681e-04 
2.023 	 5.34641e-04 
2.020 	 5.05197e-04 
2.017 	 4.78085e-04 
2.014 	 4.53070e-04 
2.010 	 4.29949e-04 
2.007 	 4.08537e-04 
2.004 	 3.88676e-04 
2.000 	 3.70221e-04 
1.997 	 3.53045e-04 
1.994 	 3.37034e-04 
1.991 	 3.22089e-04 
1.988 	 3.08116e-04 
1.984 	 2.95036e-04 
1.981 	 2.82774e-04 
1.978 	 2.71265e-04 
1.975 	 2.60449e-04 
1.972 	 2.50272e-04 
1.969 	 2.40685e-04 
1.965 	 2.31643e-04 
1.962 	 2.23107e-04 
1.959 	 2.15039e-04 
1.956 	 2.07407e-04 
1.953 	 2.00179e-04 
1.950 	 1.93327e-04 
1.947 	 1.86827e-04 
1.944 	 1.80653e-04 
1.941 	 1.74786e-04 
1.938 	 1.69204e-04 
1.935 	 1.63890e-04 
1.932 	 1.58827e-04 
1.929 	 1.53999e-04 
1.926 	 1.49393e-04 
1.923 	 1.44994e-04 
1.920 	 1.40790e-04 
1.917 	 1.36771e-04 
1.914 	 1.32925e-04 
1.911 	 1.29243e-04 
1.908 	 1.25715e-04 
