Energy [eV] Abs Cross [um^2] 
2.756 	 1.99053e-02 
2.749 	 2.04588e-02 
2.743 	 2.10745e-02 
2.737 	 2.17611e-02 
2.731 	 2.25300e-02 
2.725 	 2.33956e-02 
2.719 	 2.43738e-02 
2.713 	 2.54814e-02 
2.707 	 2.67347e-02 
2.701 	 2.81469e-02 
2.695 	 2.97256e-02 
2.689 	 3.14667e-02 
2.684 	 3.33447e-02 
2.678 	 3.52942e-02 
2.672 	 3.71948e-02 
2.666 	 3.88820e-02 
2.660 	 4.02045e-02 
2.655 	 4.11058e-02 
2.649 	 4.16648e-02 
2.643 	 4.20548e-02 
2.638 	 4.24605e-02 
2.632 	 4.30169e-02 
2.627 	 4.37940e-02 
2.621 	 4.48088e-02 
2.615 	 4.60425e-02 
2.610 	 4.74540e-02 
2.604 	 4.89868e-02 
2.599 	 5.05728e-02 
2.593 	 5.21340e-02 
2.588 	 5.35847e-02 
2.583 	 5.48357e-02 
2.577 	 5.58002e-02 
2.572 	 5.64014e-02 
2.566 	 5.65810e-02 
2.561 	 5.63062e-02 
2.556 	 5.55740e-02 
2.550 	 5.44111e-02 
2.545 	 5.28696e-02 
2.540 	 5.10196e-02 
2.535 	 4.89403e-02 
2.530 	 4.67113e-02 
2.524 	 4.44061e-02 
2.519 	 4.20877e-02 
2.514 	 3.98066e-02 
2.509 	 3.76009e-02 
2.504 	 3.54967e-02 
2.499 	 3.35106e-02 
2.494 	 3.16511e-02 
2.489 	 2.99211e-02 
2.484 	 2.83190e-02 
2.479 	 2.68404e-02 
2.474 	 2.54788e-02 
2.469 	 2.42268e-02 
2.464 	 2.30766e-02 
2.459 	 2.20200e-02 
2.454 	 2.10493e-02 
2.449 	 2.01570e-02 
2.444 	 1.93362e-02 
2.440 	 1.85803e-02 
2.435 	 1.78834e-02 
2.430 	 1.72401e-02 
2.425 	 1.66453e-02 
2.420 	 1.60946e-02 
2.416 	 1.55839e-02 
2.411 	 1.51096e-02 
2.406 	 1.46683e-02 
2.402 	 1.42572e-02 
2.397 	 1.38734e-02 
2.392 	 1.35147e-02 
2.388 	 1.31788e-02 
2.383 	 1.28638e-02 
2.378 	 1.25679e-02 
2.374 	 1.22895e-02 
2.369 	 1.20272e-02 
2.365 	 1.17797e-02 
2.360 	 1.15457e-02 
2.356 	 1.13243e-02 
2.351 	 1.11144e-02 
2.347 	 1.09151e-02 
2.342 	 1.07257e-02 
2.338 	 1.05455e-02 
2.333 	 1.03737e-02 
2.329 	 1.02097e-02 
2.325 	 1.00531e-02 
2.320 	 9.90321e-03 
2.316 	 9.75967e-03 
2.312 	 9.62201e-03 
2.307 	 9.48985e-03 
2.303 	 9.36281e-03 
2.299 	 9.24055e-03 
2.294 	 9.12277e-03 
2.290 	 9.00918e-03 
2.286 	 8.89951e-03 
2.282 	 8.79351e-03 
2.277 	 8.69097e-03 
2.273 	 8.59168e-03 
2.269 	 8.49544e-03 
2.265 	 8.40209e-03 
2.261 	 8.31144e-03 
2.257 	 8.22336e-03 
2.252 	 8.13769e-03 
2.248 	 8.05431e-03 
2.244 	 7.97308e-03 
2.240 	 7.89389e-03 
2.236 	 7.81664e-03 
2.232 	 7.74120e-03 
2.228 	 7.66750e-03 
2.224 	 7.59543e-03 
2.220 	 7.52491e-03 
2.216 	 7.45587e-03 
2.212 	 7.38822e-03 
2.208 	 7.32190e-03 
2.204 	 7.25684e-03 
2.200 	 7.19299e-03 
2.196 	 7.13028e-03 
2.192 	 7.06867e-03 
2.189 	 7.00810e-03 
2.185 	 6.94853e-03 
2.181 	 6.88991e-03 
2.177 	 6.83220e-03 
2.173 	 6.77536e-03 
2.169 	 6.71935e-03 
2.166 	 6.66414e-03 
2.162 	 6.60969e-03 
2.158 	 6.55597e-03 
2.154 	 6.50296e-03 
2.150 	 6.45061e-03 
2.147 	 6.39892e-03 
2.143 	 6.34784e-03 
2.139 	 6.29737e-03 
2.136 	 6.24746e-03 
2.132 	 6.19812e-03 
2.128 	 6.14931e-03 
2.124 	 6.10101e-03 
2.121 	 6.05321e-03 
2.117 	 6.00590e-03 
2.114 	 5.95905e-03 
2.110 	 5.91265e-03 
2.106 	 5.86669e-03 
2.103 	 5.82115e-03 
2.099 	 5.77602e-03 
2.096 	 5.73129e-03 
2.092 	 5.68694e-03 
2.089 	 5.64297e-03 
2.085 	 5.59937e-03 
2.081 	 5.55612e-03 
2.078 	 5.51322e-03 
2.074 	 5.47066e-03 
2.071 	 5.42843e-03 
2.068 	 5.38651e-03 
2.064 	 5.34492e-03 
2.061 	 5.30363e-03 
2.057 	 5.26265e-03 
2.054 	 5.22196e-03 
2.050 	 5.18157e-03 
2.047 	 5.14146e-03 
2.044 	 5.10164e-03 
2.040 	 5.06209e-03 
2.037 	 5.02281e-03 
2.033 	 4.98380e-03 
2.030 	 4.94506e-03 
2.027 	 4.90657e-03 
2.023 	 4.86835e-03 
2.020 	 4.83037e-03 
2.017 	 4.79265e-03 
2.014 	 4.75517e-03 
2.010 	 4.71793e-03 
2.007 	 4.68094e-03 
2.004 	 4.64419e-03 
2.000 	 4.60767e-03 
1.997 	 4.57138e-03 
1.994 	 4.53533e-03 
1.991 	 4.49952e-03 
1.988 	 4.46393e-03 
1.984 	 4.42857e-03 
1.981 	 4.39345e-03 
1.978 	 4.35855e-03 
1.975 	 4.32388e-03 
1.972 	 4.28944e-03 
1.969 	 4.25522e-03 
1.965 	 4.22123e-03 
1.962 	 4.18746e-03 
1.959 	 4.15391e-03 
1.956 	 4.12059e-03 
1.953 	 4.08748e-03 
1.950 	 4.05460e-03 
1.947 	 4.02193e-03 
1.944 	 3.98948e-03 
1.941 	 3.95725e-03 
1.938 	 3.92523e-03 
1.935 	 3.89342e-03 
1.932 	 3.86183e-03 
1.929 	 3.83046e-03 
1.926 	 3.79929e-03 
1.923 	 3.76834e-03 
1.920 	 3.73761e-03 
1.917 	 3.70709e-03 
1.914 	 3.67678e-03 
1.911 	 3.64668e-03 
1.908 	 3.61681e-03 
