Energy [eV] Ext Cross [um^2] Abs Cross [um^2] Sca Cross [um^2] 
3.000 	 4.35098e-05 	 4.34650e-05 	 4.48171e-08 
2.970 	 4.63110e-05 	 4.62123e-05 	 9.87268e-08 
2.941 	 4.92159e-05 	 4.90319e-05 	 1.84005e-07 
2.912 	 5.26256e-05 	 5.23220e-05 	 3.03695e-07 
2.884 	 5.61901e-05 	 5.57317e-05 	 4.58417e-07 
2.856 	 6.03084e-05 	 5.96603e-05 	 6.48068e-07 
2.829 	 6.41993e-05 	 6.33160e-05 	 8.83229e-07 
2.803 	 6.92422e-05 	 6.80829e-05 	 1.15927e-06 
2.777 	 7.43864e-05 	 7.29020e-05 	 1.48442e-06 
2.751 	 8.00951e-05 	 7.82324e-05 	 1.86272e-06 
2.726 	 8.64650e-05 	 8.41651e-05 	 2.29991e-06 
2.701 	 9.34704e-05 	 9.06672e-05 	 2.80318e-06 
2.677 	 1.01259e-04 	 9.78777e-05 	 3.38083e-06 
2.653 	 1.09935e-04 	 1.05892e-04 	 4.04289e-06 
2.630 	 1.19624e-04 	 1.14823e-04 	 4.80128e-06 
2.607 	 1.30485e-04 	 1.24815e-04 	 5.67032e-06 
2.584 	 1.42708e-04 	 1.36040e-04 	 6.66758e-06 
2.562 	 1.56522e-04 	 1.48707e-04 	 7.81437e-06 
2.540 	 1.72204e-04 	 1.63067e-04 	 9.13674e-06 
2.519 	 1.90093e-04 	 1.79426e-04 	 1.06667e-05 
2.498 	 2.10609e-04 	 1.98165e-04 	 1.24439e-05 
2.477 	 2.34275e-04 	 2.19756e-04 	 1.45185e-05 
2.457 	 2.61754e-04 	 2.44801e-04 	 1.69536e-05 
2.437 	 2.93892e-04 	 2.74061e-04 	 1.98306e-05 
2.417 	 3.31766e-04 	 3.08513e-04 	 2.32537e-05 
2.398 	 3.76790e-04 	 3.49430e-04 	 2.73596e-05 
2.378 	 4.30836e-04 	 3.98505e-04 	 3.23305e-05 
2.360 	 4.96420e-04 	 4.58008e-04 	 3.84117e-05 
2.341 	 5.76976e-04 	 5.31036e-04 	 4.59404e-05 
2.323 	 6.77294e-04 	 6.21906e-04 	 5.53874e-05 
2.305 	 8.04195e-04 	 7.36769e-04 	 6.74256e-05 
2.287 	 9.67650e-04 	 8.84607e-04 	 8.30431e-05 
2.270 	 1.18263e-03 	 1.07890e-03 	 1.03731e-04 
2.253 	 1.47229e-03 	 1.34049e-03 	 1.31799e-04 
2.236 	 1.87366e-03 	 1.70270e-03 	 1.70962e-04 
2.219 	 2.44834e-03 	 2.22091e-03 	 2.27427e-04 
2.203 	 3.30271e-03 	 2.99074e-03 	 3.11967e-04 
2.187 	 4.62583e-03 	 4.18198e-03 	 4.43849e-04 
2.171 	 6.75236e-03 	 6.09489e-03 	 6.57469e-04 
2.155 	 1.02008e-02 	 9.19381e-03 	 1.00698e-03 
2.140 	 1.52669e-02 	 1.37403e-02 	 1.52659e-03 
2.125 	 1.99809e-02 	 1.79587e-02 	 2.02215e-03 
2.110 	 1.95166e-02 	 1.75191e-02 	 1.99753e-03 
2.095 	 1.45647e-02 	 1.30583e-02 	 1.50647e-03 
2.080 	 9.81189e-03 	 8.78699e-03 	 1.02490e-03 
2.066 	 6.63832e-03 	 5.93852e-03 	 6.99799e-04 
2.052 	 4.66254e-03 	 4.16680e-03 	 4.95743e-04 
2.038 	 3.41200e-03 	 3.04631e-03 	 3.65686e-04 
2.024 	 2.58970e-03 	 2.31008e-03 	 2.79624e-04 
2.010 	 2.02693e-03 	 1.80655e-03 	 2.20374e-04 
1.997 	 1.62750e-03 	 1.44942e-03 	 1.78085e-04 
1.983 	 1.33492e-03 	 1.18798e-03 	 1.46940e-04 
1.970 	 1.11471e-03 	 9.91336e-04 	 1.23377e-04 
1.957 	 9.45069e-04 	 8.39937e-04 	 1.05131e-04 
1.945 	 8.11707e-04 	 7.20990e-04 	 9.07170e-05 
1.932 	 7.05009e-04 	 6.25879e-04 	 7.91297e-05 
1.920 	 6.18327e-04 	 5.48654e-04 	 6.96725e-05 
1.907 	 5.46959e-04 	 4.85108e-04 	 6.18508e-05 
1.895 	 4.87502e-04 	 4.32197e-04 	 5.53056e-05 
1.883 	 4.37442e-04 	 3.87672e-04 	 4.97708e-05 
1.871 	 3.94893e-04 	 3.49846e-04 	 4.50466e-05 
1.860 	 3.58416e-04 	 3.17435e-04 	 4.09801e-05 
1.848 	 3.26902e-04 	 2.89449e-04 	 3.74530e-05 
1.837 	 2.99485e-04 	 2.65112e-04 	 3.43726e-05 
1.826 	 2.75478e-04 	 2.43813e-04 	 3.16654e-05 
1.815 	 2.54336e-04 	 2.25063e-04 	 2.92724e-05 
1.804 	 2.35615e-04 	 2.08469e-04 	 2.71461e-05 
1.793 	 2.18958e-04 	 1.93710e-04 	 2.52477e-05 
1.782 	 2.04068e-04 	 1.80523e-04 	 2.35451e-05 
1.772 	 1.90703e-04 	 1.68691e-04 	 2.20118e-05 
1.761 	 1.78657e-04 	 1.58032e-04 	 2.06257e-05 
1.751 	 1.67761e-04 	 1.48393e-04 	 1.93681e-05 
1.741 	 1.57871e-04 	 1.39648e-04 	 1.82233e-05 
1.730 	 1.48865e-04 	 1.31687e-04 	 1.71780e-05 
1.720 	 1.40640e-04 	 1.24420e-04 	 1.62208e-05 
1.711 	 1.33107e-04 	 1.17765e-04 	 1.53418e-05 
1.701 	 1.26189e-04 	 1.11657e-04 	 1.45326e-05 
1.691 	 1.19820e-04 	 1.06035e-04 	 1.37859e-05 
1.682 	 1.13943e-04 	 1.00848e-04 	 1.30952e-05 
1.672 	 1.08508e-04 	 9.60526e-05 	 1.24551e-05 
1.663 	 1.03470e-04 	 9.16092e-05 	 1.18605e-05 
1.654 	 9.87908e-05 	 8.74836e-05 	 1.13072e-05 
1.645 	 9.44372e-05 	 8.36457e-05 	 1.07914e-05 
1.636 	 9.03787e-05 	 8.00690e-05 	 1.03097e-05 
1.627 	 8.65890e-05 	 7.67299e-05 	 9.85918e-06 
1.618 	 8.30444e-05 	 7.36073e-05 	 9.43709e-06 
1.609 	 7.97239e-05 	 7.06828e-05 	 9.04107e-06 
1.601 	 7.66085e-05 	 6.79395e-05 	 8.66900e-06 
1.592 	 7.36813e-05 	 6.53624e-05 	 8.31894e-06 
1.584 	 7.09273e-05 	 6.29381e-05 	 7.98917e-06 
1.575 	 6.83326e-05 	 6.06545e-05 	 7.67812e-06 
1.567 	 6.58851e-05 	 5.85007e-05 	 7.38440e-06 
1.559 	 6.35736e-05 	 5.64669e-05 	 7.10673e-06 
1.551 	 6.13880e-05 	 5.45441e-05 	 6.84394e-06 
1.543 	 5.93192e-05 	 5.27242e-05 	 6.59498e-06 
1.535 	 5.73588e-05 	 5.09999e-05 	 6.35889e-06 
1.527 	 5.54991e-05 	 4.93644e-05 	 6.13478e-06 
1.519 	 5.37334e-05 	 4.78115e-05 	 5.92186e-06 
1.511 	 5.20552e-05 	 4.63358e-05 	 5.71938e-06 
1.504 	 5.04587e-05 	 4.49320e-05 	 5.52668e-06 
1.496 	 4.89386e-05 	 4.35954e-05 	 5.34312e-06 
1.489 	 4.74899e-05 	 4.23218e-05 	 5.16814e-06 
1.481 	 4.61082e-05 	 4.11070e-05 	 5.00121e-06 
1.474 	 4.47892e-05 	 3.99474e-05 	 4.84184e-06 
1.467 	 4.35292e-05 	 3.88396e-05 	 4.68958e-06 
1.460 	 4.23246e-05 	 3.77806e-05 	 4.54401e-06 
1.453 	 4.11722e-05 	 3.67674e-05 	 4.40474e-06 
1.446 	 4.00688e-05 	 3.57974e-05 	 4.27143e-06 
1.439 	 3.90118e-05 	 3.48681e-05 	 4.14373e-06 
1.432 	 3.79985e-05 	 3.39772e-05 	 4.02133e-06 
1.425 	 3.70264e-05 	 3.31224e-05 	 3.90395e-06 
1.418 	 3.60933e-05 	 3.23020e-05 	 3.79132e-06 
1.411 	 3.51970e-05 	 3.15138e-05 	 3.68318e-06 
1.405 	 3.43356e-05 	 3.07563e-05 	 3.57930e-06 
1.398 	 3.35073e-05 	 3.00278e-05 	 3.47947e-06 
1.392 	 3.27103e-05 	 2.93269e-05 	 3.38347e-06 
1.385 	 3.19431e-05 	 2.86520e-05 	 3.29111e-06 
1.379 	 3.12042e-05 	 2.80020e-05 	 3.20222e-06 
1.372 	 3.04921e-05 	 2.73755e-05 	 3.11662e-06 
1.366 	 2.98055e-05 	 2.67714e-05 	 3.03415e-06 
1.360 	 2.91433e-05 	 2.61886e-05 	 2.95468e-06 
1.354 	 2.85042e-05 	 2.56261e-05 	 2.87805e-06 
1.348 	 2.78871e-05 	 2.50830e-05 	 2.80413e-06 
1.342 	 2.72911e-05 	 2.45583e-05 	 2.73280e-06 
1.336 	 2.67151e-05 	 2.40511e-05 	 2.66395e-06 
1.330 	 2.61582e-05 	 2.35607e-05 	 2.59745e-06 
1.324 	 2.56196e-05 	 2.30864e-05 	 2.53321e-06 
1.318 	 2.50984e-05 	 2.26273e-05 	 2.47112e-06 
1.312 	 2.45940e-05 	 2.21828e-05 	 2.41110e-06 
1.306 	 2.41055e-05 	 2.17524e-05 	 2.35306e-06 
1.301 	 2.36323e-05 	 2.13354e-05 	 2.29690e-06 
1.295 	 2.31737e-05 	 2.09312e-05 	 2.24256e-06 
1.289 	 2.27292e-05 	 2.05392e-05 	 2.18995e-06 
1.284 	 2.22981e-05 	 2.01591e-05 	 2.13900e-06 
1.278 	 2.18799e-05 	 1.97903e-05 	 2.08966e-06 
1.273 	 2.14741e-05 	 1.94322e-05 	 2.04184e-06 
1.268 	 2.10801e-05 	 1.90846e-05 	 1.99550e-06 
1.262 	 2.06976e-05 	 1.87470e-05 	 1.95057e-06 
1.257 	 2.03260e-05 	 1.84190e-05 	 1.90699e-06 
1.252 	 1.99649e-05 	 1.81002e-05 	 1.86473e-06 
1.246 	 1.96139e-05 	 1.77902e-05 	 1.82371e-06 
1.241 	 1.92727e-05 	 1.74888e-05 	 1.78391e-06 
1.236 	 1.89409e-05 	 1.71956e-05 	 1.74527e-06 
1.231 	 1.86181e-05 	 1.69103e-05 	 1.70774e-06 
1.226 	 1.83039e-05 	 1.66326e-05 	 1.67129e-06 
1.221 	 1.79982e-05 	 1.63623e-05 	 1.63588e-06 
1.216 	 1.77005e-05 	 1.60990e-05 	 1.60147e-06 
1.211 	 1.74106e-05 	 1.58425e-05 	 1.56803e-06 
1.206 	 1.71282e-05 	 1.55926e-05 	 1.53551e-06 
1.201 	 1.68530e-05 	 1.53491e-05 	 1.50389e-06 
1.196 	 1.65848e-05 	 1.51117e-05 	 1.47314e-06 
1.192 	 1.63234e-05 	 1.48801e-05 	 1.44322e-06 
1.187 	 1.60684e-05 	 1.46543e-05 	 1.41411e-06 
1.182 	 1.58198e-05 	 1.44340e-05 	 1.38577e-06 
1.178 	 1.55772e-05 	 1.42190e-05 	 1.35819e-06 
1.173 	 1.53406e-05 	 1.40092e-05 	 1.33133e-06 
1.168 	 1.51096e-05 	 1.38044e-05 	 1.30518e-06 
1.164 	 1.48841e-05 	 1.36044e-05 	 1.27970e-06 
1.159 	 1.46639e-05 	 1.34090e-05 	 1.25489e-06 
1.155 	 1.44489e-05 	 1.32182e-05 	 1.23070e-06 
1.150 	 1.42389e-05 	 1.30317e-05 	 1.20714e-06 
1.146 	 1.40337e-05 	 1.28495e-05 	 1.18416e-06 
1.141 	 1.38332e-05 	 1.26714e-05 	 1.16177e-06 
1.137 	 1.36372e-05 	 1.24972e-05 	 1.13993e-06 
1.133 	 1.34456e-05 	 1.23269e-05 	 1.11863e-06 
1.129 	 1.32582e-05 	 1.21604e-05 	 1.09786e-06 
1.124 	 1.30750e-05 	 1.19974e-05 	 1.07759e-06 
1.120 	 1.28958e-05 	 1.18380e-05 	 1.05781e-06 
1.116 	 1.27205e-05 	 1.16820e-05 	 1.03851e-06 
1.112 	 1.25489e-05 	 1.15293e-05 	 1.01968e-06 
1.108 	 1.23811e-05 	 1.13798e-05 	 1.00129e-06 
1.104 	 1.22167e-05 	 1.12334e-05 	 9.83331e-07 
1.099 	 1.20558e-05 	 1.10900e-05 	 9.65798e-07 
1.095 	 1.18983e-05 	 1.09496e-05 	 9.48674e-07 
1.091 	 1.17440e-05 	 1.08121e-05 	 9.31948e-07 
1.087 	 1.15929e-05 	 1.06773e-05 	 9.15607e-07 
1.083 	 1.14449e-05 	 1.05453e-05 	 8.99641e-07 
1.080 	 1.12999e-05 	 1.04159e-05 	 8.84038e-07 
1.076 	 1.11578e-05 	 1.02890e-05 	 8.68789e-07 
1.072 	 1.10185e-05 	 1.01646e-05 	 8.53884e-07 
1.068 	 1.08819e-05 	 1.00426e-05 	 8.39312e-07 
1.064 	 1.07481e-05 	 9.92301e-06 	 8.25064e-07 
1.060 	 1.06168e-05 	 9.80568e-06 	 8.11132e-07 
1.057 	 1.04881e-05 	 9.69058e-06 	 7.97506e-07 
1.053 	 1.03618e-05 	 9.57765e-06 	 7.84178e-07 
1.049 	 1.02380e-05 	 9.46684e-06 	 7.71140e-07 
1.046 	 1.01165e-05 	 9.35808e-06 	 7.58384e-07 
1.042 	 9.99724e-06 	 9.25134e-06 	 7.45903e-07 
1.038 	 9.88024e-06 	 9.14655e-06 	 7.33689e-07 
1.035 	 9.76541e-06 	 9.04367e-06 	 7.21734e-07 
1.031 	 9.65269e-06 	 8.94265e-06 	 7.10033e-07 
1.028 	 9.54203e-06 	 8.84345e-06 	 6.98578e-07 
1.024 	 9.43338e-06 	 8.74601e-06 	 6.87363e-07 
1.021 	 9.32669e-06 	 8.65030e-06 	 6.76381e-07 
1.017 	 9.22191e-06 	 8.55628e-06 	 6.65627e-07 
1.014 	 9.11899e-06 	 8.46390e-06 	 6.55095e-07 
1.010 	 9.01790e-06 	 8.37312e-06 	 6.44778e-07 
1.007 	 8.91858e-06 	 8.28390e-06 	 6.34673e-07 
1.003 	 8.82099e-06 	 8.19621e-06 	 6.24772e-07 
1.000 	 8.72509e-06 	 8.11001e-06 	 6.15071e-07 
