Energy [eV] Ext Cross [um^2] Abs Cross [um^2] Sca Cross [um^2] 
3.500 	 9.87064e-05 	 7.63302e-05 	 2.23762e-05 
3.477 	 9.71364e-05 	 7.70903e-05 	 2.00461e-05 
3.454 	 9.57682e-05 	 7.78797e-05 	 1.78885e-05 
3.431 	 9.45927e-05 	 7.86981e-05 	 1.58946e-05 
3.409 	 9.36007e-05 	 7.95449e-05 	 1.40559e-05 
3.387 	 9.27830e-05 	 8.04192e-05 	 1.23639e-05 
3.365 	 9.21314e-05 	 8.13205e-05 	 1.08109e-05 
3.343 	 9.16385e-05 	 8.22487e-05 	 9.38984e-06 
3.322 	 9.12980e-05 	 8.32036e-05 	 8.09437e-06 
3.301 	 9.11031e-05 	 8.41851e-05 	 6.91801e-06 
3.280 	 9.10468e-05 	 8.51923e-05 	 5.85452e-06 
3.260 	 9.11232e-05 	 8.62249e-05 	 4.89826e-06 
3.240 	 9.13268e-05 	 8.72828e-05 	 4.04400e-06 
3.220 	 9.16530e-05 	 8.83662e-05 	 3.28682e-06 
3.200 	 9.20970e-05 	 8.94751e-05 	 2.62193e-06 
3.180 	 9.26533e-05 	 9.06085e-05 	 2.04480e-06 
3.161 	 9.33183e-05 	 9.17670e-05 	 1.55127e-06 
3.142 	 9.40876e-05 	 9.29502e-05 	 1.13746e-06 
3.123 	 9.49591e-05 	 9.41595e-05 	 7.99578e-07 
3.105 	 9.59274e-05 	 9.53934e-05 	 5.34067e-07 
3.086 	 9.69886e-05 	 9.66510e-05 	 3.37580e-07 
3.068 	 9.81392e-05 	 9.79322e-05 	 2.06986e-07 
3.050 	 9.93846e-05 	 9.92452e-05 	 1.39333e-07 
3.033 	 1.00716e-04 	 1.00584e-04 	 1.31815e-07 
3.015 	 1.02109e-04 	 1.01927e-04 	 1.81700e-07 
2.998 	 1.03579e-04 	 1.03292e-04 	 2.86513e-07 
2.981 	 1.05191e-04 	 1.04747e-04 	 4.44308e-07 
2.964 	 1.06891e-04 	 1.06238e-04 	 6.52676e-07 
2.947 	 1.08471e-04 	 1.07563e-04 	 9.07935e-07 
2.931 	 1.10045e-04 	 1.08837e-04 	 1.20815e-06 
2.914 	 1.12182e-04 	 1.10623e-04 	 1.55860e-06 
2.898 	 1.14220e-04 	 1.12264e-04 	 1.95649e-06 
2.882 	 1.15993e-04 	 1.13612e-04 	 2.38036e-06 
2.866 	 1.18409e-04 	 1.15568e-04 	 2.84054e-06 
2.851 	 1.20288e-04 	 1.16933e-04 	 3.35467e-06 
2.835 	 1.21780e-04 	 1.17874e-04 	 3.90634e-06 
2.820 	 1.24060e-04 	 1.19574e-04 	 4.48533e-06 
2.805 	 1.26763e-04 	 1.21665e-04 	 5.09825e-06 
2.790 	 1.29119e-04 	 1.23373e-04 	 5.74552e-06 
2.775 	 1.31434e-04 	 1.25010e-04 	 6.42481e-06 
2.760 	 1.33902e-04 	 1.26767e-04 	 7.13485e-06 
2.746 	 1.36557e-04 	 1.28682e-04 	 7.87426e-06 
2.731 	 1.39276e-04 	 1.30633e-04 	 8.64263e-06 
2.717 	 1.41944e-04 	 1.32505e-04 	 9.43866e-06 
2.703 	 1.44567e-04 	 1.34307e-04 	 1.02609e-05 
2.689 	 1.47233e-04 	 1.36124e-04 	 1.11093e-05 
2.675 	 1.49993e-04 	 1.38009e-04 	 1.19832e-05 
2.662 	 1.52836e-04 	 1.39953e-04 	 1.28824e-05 
2.648 	 1.55752e-04 	 1.41945e-04 	 1.38061e-05 
2.635 	 1.58739e-04 	 1.43985e-04 	 1.47538e-05 
2.622 	 1.61794e-04 	 1.46069e-04 	 1.57247e-05 
2.609 	 1.64914e-04 	 1.48196e-04 	 1.67185e-05 
2.596 	 1.68100e-04 	 1.50365e-04 	 1.77346e-05 
2.583 	 1.71349e-04 	 1.52576e-04 	 1.87730e-05 
2.570 	 1.74662e-04 	 1.54829e-04 	 1.98329e-05 
2.558 	 1.78040e-04 	 1.57126e-04 	 2.09143e-05 
2.545 	 1.81483e-04 	 1.59466e-04 	 2.20167e-05 
2.533 	 1.84991e-04 	 1.61851e-04 	 2.31398e-05 
2.521 	 1.88564e-04 	 1.64281e-04 	 2.42833e-05 
2.508 	 1.92201e-04 	 1.66754e-04 	 2.54470e-05 
2.496 	 1.95896e-04 	 1.69266e-04 	 2.66304e-05 
2.485 	 1.99642e-04 	 1.71809e-04 	 2.78337e-05 
2.473 	 2.03448e-04 	 1.74391e-04 	 2.90571e-05 
2.461 	 2.07324e-04 	 1.77024e-04 	 3.03005e-05 
2.450 	 2.11275e-04 	 1.79711e-04 	 3.15639e-05 
2.438 	 2.15305e-04 	 1.82458e-04 	 3.28472e-05 
2.427 	 2.19416e-04 	 1.85266e-04 	 3.41502e-05 
2.416 	 2.23613e-04 	 1.88140e-04 	 3.54727e-05 
2.404 	 2.27904e-04 	 1.91090e-04 	 3.68147e-05 
2.393 	 2.32296e-04 	 1.94120e-04 	 3.81755e-05 
2.383 	 2.36779e-04 	 1.97225e-04 	 3.95545e-05 
2.372 	 2.41309e-04 	 2.00359e-04 	 4.09508e-05 
2.361 	 2.45822e-04 	 2.03456e-04 	 4.23652e-05 
2.350 	 2.50311e-04 	 2.06511e-04 	 4.38004e-05 
2.340 	 2.54840e-04 	 2.09582e-04 	 4.52580e-05 
2.329 	 2.59460e-04 	 2.12722e-04 	 4.67378e-05 
2.319 	 2.64185e-04 	 2.15946e-04 	 4.82390e-05 
2.309 	 2.69012e-04 	 2.19251e-04 	 4.97613e-05 
2.299 	 2.73937e-04 	 2.22633e-04 	 5.13048e-05 
2.289 	 2.78956e-04 	 2.26086e-04 	 5.28696e-05 
2.279 	 2.84064e-04 	 2.29608e-04 	 5.44562e-05 
2.269 	 2.89261e-04 	 2.33196e-04 	 5.60647e-05 
2.259 	 2.94545e-04 	 2.36850e-04 	 5.76953e-05 
2.249 	 2.99916e-04 	 2.40567e-04 	 5.93484e-05 
2.240 	 3.05373e-04 	 2.44348e-04 	 6.10241e-05 
2.230 	 3.10914e-04 	 2.48191e-04 	 6.27230e-05 
2.221 	 3.16539e-04 	 2.52094e-04 	 6.44454e-05 
2.211 	 3.22245e-04 	 2.56053e-04 	 6.61921e-05 
2.202 	 3.28029e-04 	 2.60065e-04 	 6.79634e-05 
2.193 	 3.33884e-04 	 2.64124e-04 	 6.97598e-05 
2.183 	 3.39802e-04 	 2.68221e-04 	 7.15818e-05 
2.174 	 3.45773e-04 	 2.72343e-04 	 7.34299e-05 
2.165 	 3.51778e-04 	 2.76474e-04 	 7.53045e-05 
2.156 	 3.57794e-04 	 2.80588e-04 	 7.72064e-05 
2.147 	 3.63785e-04 	 2.84649e-04 	 7.91361e-05 
2.139 	 3.69704e-04 	 2.88610e-04 	 8.10941e-05 
2.130 	 3.75491e-04 	 2.92410e-04 	 8.30810e-05 
2.121 	 3.81087e-04 	 2.95990e-04 	 8.50968e-05 
2.113 	 3.86479e-04 	 2.99337e-04 	 8.71416e-05 
2.104 	 3.91801e-04 	 3.02586e-04 	 8.92146e-05 
2.096 	 3.97472e-04 	 3.06157e-04 	 9.13152e-05 
2.087 	 4.04156e-04 	 3.10712e-04 	 9.34441e-05 
2.079 	 4.12286e-04 	 3.16681e-04 	 9.56042e-05 
2.071 	 4.21616e-04 	 3.23816e-04 	 9.77997e-05 
2.063 	 4.31498e-04 	 3.31465e-04 	 1.00033e-04 
2.055 	 4.41432e-04 	 3.39126e-04 	 1.02306e-04 
2.047 	 4.51217e-04 	 3.46600e-04 	 1.04617e-04 
2.039 	 4.60842e-04 	 3.53876e-04 	 1.06967e-04 
2.031 	 4.70365e-04 	 3.61010e-04 	 1.09355e-04 
2.023 	 4.79853e-04 	 3.68069e-04 	 1.11784e-04 
2.015 	 4.89363e-04 	 3.75109e-04 	 1.14254e-04 
2.007 	 4.98940e-04 	 3.82175e-04 	 1.16765e-04 
2.000 	 5.08620e-04 	 3.89301e-04 	 1.19320e-04 
1.992 	 5.18430e-04 	 3.96512e-04 	 1.21918e-04 
1.984 	 5.28388e-04 	 4.03827e-04 	 1.24561e-04 
1.977 	 5.38514e-04 	 4.11263e-04 	 1.27251e-04 
1.969 	 5.48821e-04 	 4.18832e-04 	 1.29988e-04 
1.962 	 5.59320e-04 	 4.26546e-04 	 1.32774e-04 
1.955 	 5.70023e-04 	 4.34413e-04 	 1.35611e-04 
1.947 	 5.80941e-04 	 4.42442e-04 	 1.38499e-04 
1.940 	 5.92082e-04 	 4.50642e-04 	 1.41440e-04 
1.933 	 6.03456e-04 	 4.59019e-04 	 1.44436e-04 
1.926 	 6.15071e-04 	 4.67582e-04 	 1.47490e-04 
1.919 	 6.26938e-04 	 4.76336e-04 	 1.50602e-04 
1.912 	 6.39064e-04 	 4.85290e-04 	 1.53773e-04 
1.905 	 6.51458e-04 	 4.94451e-04 	 1.57007e-04 
1.898 	 6.64130e-04 	 5.03826e-04 	 1.60304e-04 
1.891 	 6.77089e-04 	 5.13422e-04 	 1.63667e-04 
1.884 	 6.90343e-04 	 5.23246e-04 	 1.67097e-04 
1.877 	 7.03904e-04 	 5.33307e-04 	 1.70597e-04 
1.871 	 7.17780e-04 	 5.43611e-04 	 1.74169e-04 
1.864 	 7.31982e-04 	 5.54167e-04 	 1.77815e-04 
1.857 	 7.46520e-04 	 5.64983e-04 	 1.81537e-04 
1.851 	 7.61406e-04 	 5.76068e-04 	 1.85339e-04 
1.844 	 7.76651e-04 	 5.87430e-04 	 1.89222e-04 
1.838 	 7.92268e-04 	 5.99079e-04 	 1.93189e-04 
1.831 	 8.08267e-04 	 6.11025e-04 	 1.97243e-04 
1.825 	 8.24664e-04 	 6.23277e-04 	 2.01387e-04 
1.819 	 8.41470e-04 	 6.35846e-04 	 2.05624e-04 
1.812 	 8.58700e-04 	 6.48744e-04 	 2.09956e-04 
1.806 	 8.76369e-04 	 6.61980e-04 	 2.14388e-04 
1.800 	 8.94490e-04 	 6.75568e-04 	 2.18922e-04 
1.794 	 9.13081e-04 	 6.89519e-04 	 2.23562e-04 
1.787 	 9.32157e-04 	 7.03845e-04 	 2.28312e-04 
1.781 	 9.51735e-04 	 7.18560e-04 	 2.33175e-04 
1.775 	 9.71832e-04 	 7.33678e-04 	 2.38155e-04 
1.769 	 9.92469e-04 	 7.49212e-04 	 2.43256e-04 
1.763 	 1.01366e-03 	 7.65179e-04 	 2.48484e-04 
1.757 	 1.03544e-03 	 7.81594e-04 	 2.53841e-04 
1.751 	 1.05781e-03 	 7.98473e-04 	 2.59335e-04 
1.746 	 1.08080e-03 	 8.15834e-04 	 2.64968e-04 
1.740 	 1.10444e-03 	 8.33694e-04 	 2.70746e-04 
1.734 	 1.12875e-03 	 8.52072e-04 	 2.76675e-04 
1.728 	 1.15375e-03 	 8.70988e-04 	 2.82760e-04 
1.723 	 1.17947e-03 	 8.90462e-04 	 2.89008e-04 
1.717 	 1.20594e-03 	 9.10515e-04 	 2.95423e-04 
1.711 	 1.23318e-03 	 9.31171e-04 	 3.02014e-04 
1.706 	 1.26124e-03 	 9.52452e-04 	 3.08785e-04 
1.700 	 1.29013e-03 	 9.74384e-04 	 3.15746e-04 
1.695 	 1.31989e-03 	 9.96993e-04 	 3.22902e-04 
1.689 	 1.35057e-03 	 1.02031e-03 	 3.30262e-04 
1.684 	 1.38219e-03 	 1.04435e-03 	 3.37834e-04 
1.678 	 1.41479e-03 	 1.06916e-03 	 3.45627e-04 
1.673 	 1.44841e-03 	 1.09476e-03 	 3.53649e-04 
1.668 	 1.48311e-03 	 1.12120e-03 	 3.61911e-04 
1.662 	 1.51891e-03 	 1.14849e-03 	 3.70421e-04 
1.657 	 1.55588e-03 	 1.17669e-03 	 3.79192e-04 
1.652 	 1.59405e-03 	 1.20582e-03 	 3.88233e-04 
1.647 	 1.63349e-03 	 1.23593e-03 	 3.97557e-04 
1.641 	 1.67425e-03 	 1.26707e-03 	 4.07175e-04 
1.636 	 1.71638e-03 	 1.29928e-03 	 4.17102e-04 
1.631 	 1.75995e-03 	 1.33260e-03 	 4.27349e-04 
1.626 	 1.80503e-03 	 1.36710e-03 	 4.37932e-04 
1.621 	 1.85167e-03 	 1.40281e-03 	 4.48866e-04 
1.616 	 1.89996e-03 	 1.43980e-03 	 4.60166e-04 
1.611 	 1.94998e-03 	 1.47813e-03 	 4.71850e-04 
1.606 	 2.00179e-03 	 1.51785e-03 	 4.83936e-04 
1.601 	 2.05550e-03 	 1.55905e-03 	 4.96443e-04 
1.596 	 2.11118e-03 	 1.60179e-03 	 5.09391e-04 
1.591 	 2.16895e-03 	 1.64615e-03 	 5.22801e-04 
1.587 	 2.22889e-03 	 1.69220e-03 	 5.36697e-04 
1.582 	 2.29113e-03 	 1.74003e-03 	 5.51102e-04 
1.577 	 2.35578e-03 	 1.78974e-03 	 5.66041e-04 
1.572 	 2.42296e-03 	 1.84142e-03 	 5.81543e-04 
1.568 	 2.49280e-03 	 1.89517e-03 	 5.97635e-04 
1.563 	 2.56545e-03 	 1.95110e-03 	 6.14349e-04 
1.558 	 2.64104e-03 	 2.00933e-03 	 6.31717e-04 
1.554 	 2.71975e-03 	 2.06998e-03 	 6.49773e-04 
1.549 	 2.80173e-03 	 2.13318e-03 	 6.68556e-04 
1.544 	 2.88718e-03 	 2.19908e-03 	 6.88104e-04 
1.540 	 2.97628e-03 	 2.26782e-03 	 7.08459e-04 
1.535 	 3.06924e-03 	 2.33958e-03 	 7.29668e-04 
1.531 	 3.16629e-03 	 2.41451e-03 	 7.51778e-04 
1.526 	 3.26765e-03 	 2.49281e-03 	 7.74841e-04 
1.522 	 3.37360e-03 	 2.57468e-03 	 7.98913e-04 
1.517 	 3.48439e-03 	 2.66033e-03 	 8.24054e-04 
1.513 	 3.60032e-03 	 2.74999e-03 	 8.50327e-04 
1.509 	 3.72171e-03 	 2.84391e-03 	 8.77801e-04 
1.504 	 3.84890e-03 	 2.94235e-03 	 9.06550e-04 
1.500 	 3.98225e-03 	 3.04560e-03 	 9.36654e-04 
