Energy [eV] Ext Cross [um^2] Abs Cross [um^2] Sca Cross [um^2] 
2.756 	 8.94416e-06 	 8.92690e-06 	 1.72654e-08 
2.751 	 9.13971e-06 	 9.12158e-06 	 1.81201e-08 
2.746 	 9.34159e-06 	 9.32258e-06 	 1.90096e-08 
2.742 	 9.54977e-06 	 9.52984e-06 	 1.99352e-08 
2.737 	 9.76412e-06 	 9.74322e-06 	 2.08990e-08 
2.733 	 9.98483e-06 	 9.96293e-06 	 2.19024e-08 
2.728 	 1.02123e-05 	 1.01894e-05 	 2.29470e-08 
2.724 	 1.04469e-05 	 1.04229e-05 	 2.40346e-08 
2.719 	 1.06891e-05 	 1.06639e-05 	 2.51670e-08 
2.715 	 1.09392e-05 	 1.09129e-05 	 2.63463e-08 
2.710 	 1.11977e-05 	 1.11701e-05 	 2.75744e-08 
2.706 	 1.14649e-05 	 1.14360e-05 	 2.88538e-08 
2.701 	 1.17412e-05 	 1.17110e-05 	 3.01869e-08 
2.697 	 1.20271e-05 	 1.19955e-05 	 3.15763e-08 
2.692 	 1.23231e-05 	 1.22900e-05 	 3.30244e-08 
2.688 	 1.26295e-05 	 1.25950e-05 	 3.45340e-08 
2.684 	 1.29470e-05 	 1.29108e-05 	 3.61081e-08 
2.679 	 1.32759e-05 	 1.32381e-05 	 3.77500e-08 
2.675 	 1.36168e-05 	 1.35774e-05 	 3.94629e-08 
2.671 	 1.39703e-05 	 1.39291e-05 	 4.12505e-08 
2.666 	 1.43370e-05 	 1.42938e-05 	 4.31169e-08 
2.662 	 1.47173e-05 	 1.46723e-05 	 4.50659e-08 
2.658 	 1.51122e-05 	 1.50651e-05 	 4.71019e-08 
2.653 	 1.55223e-05 	 1.54730e-05 	 4.92292e-08 
2.649 	 1.59483e-05 	 1.58969e-05 	 5.14527e-08 
2.645 	 1.63913e-05 	 1.63375e-05 	 5.37775e-08 
2.641 	 1.68519e-05 	 1.67957e-05 	 5.62093e-08 
2.636 	 1.73312e-05 	 1.72725e-05 	 5.87539e-08 
2.632 	 1.78302e-05 	 1.77687e-05 	 6.14177e-08 
2.628 	 1.83498e-05 	 1.82856e-05 	 6.42075e-08 
2.624 	 1.88914e-05 	 1.88242e-05 	 6.71305e-08 
2.620 	 1.94560e-05 	 1.93858e-05 	 7.01942e-08 
2.615 	 2.00451e-05 	 1.99717e-05 	 7.34071e-08 
2.611 	 2.06599e-05 	 2.05832e-05 	 7.67780e-08 
2.607 	 2.13022e-05 	 2.12218e-05 	 8.03165e-08 
2.603 	 2.19733e-05 	 2.18893e-05 	 8.40330e-08 
2.599 	 2.26751e-05 	 2.25872e-05 	 8.79386e-08 
2.595 	 2.34095e-05 	 2.33174e-05 	 9.20455e-08 
2.591 	 2.41783e-05 	 2.40820e-05 	 9.63663e-08 
2.587 	 2.49839e-05 	 2.48830e-05 	 1.00915e-07 
2.583 	 2.58285e-05 	 2.57228e-05 	 1.05706e-07 
2.578 	 2.67146e-05 	 2.66039e-05 	 1.10756e-07 
2.574 	 2.76450e-05 	 2.75289e-05 	 1.16083e-07 
2.570 	 2.86226e-05 	 2.85009e-05 	 1.21705e-07 
2.566 	 2.96505e-05 	 2.95229e-05 	 1.27643e-07 
2.562 	 3.07323e-05 	 3.05984e-05 	 1.33920e-07 
2.558 	 3.18716e-05 	 3.17310e-05 	 1.40559e-07 
2.554 	 3.30725e-05 	 3.29249e-05 	 1.47589e-07 
2.550 	 3.43394e-05 	 3.41844e-05 	 1.55036e-07 
2.547 	 3.56772e-05 	 3.55143e-05 	 1.62934e-07 
2.543 	 3.70911e-05 	 3.69198e-05 	 1.71315e-07 
2.539 	 3.85868e-05 	 3.84066e-05 	 1.80219e-07 
2.535 	 4.01706e-05 	 3.99809e-05 	 1.89686e-07 
2.531 	 4.18495e-05 	 4.16497e-05 	 1.99762e-07 
2.527 	 4.36309e-05 	 4.34204e-05 	 2.10498e-07 
2.523 	 4.55231e-05 	 4.53012e-05 	 2.21947e-07 
2.519 	 4.75354e-05 	 4.73012e-05 	 2.34172e-07 
2.515 	 4.96777e-05 	 4.94305e-05 	 2.47238e-07 
2.512 	 5.19612e-05 	 5.17000e-05 	 2.61220e-07 
2.508 	 5.43982e-05 	 5.41220e-05 	 2.76201e-07 
2.504 	 5.70023e-05 	 5.67100e-05 	 2.92271e-07 
2.500 	 5.97886e-05 	 5.94791e-05 	 3.09532e-07 
2.496 	 6.27741e-05 	 6.24460e-05 	 3.28097e-07 
2.493 	 6.59773e-05 	 6.56292e-05 	 3.48094e-07 
2.489 	 6.94194e-05 	 6.90497e-05 	 3.69664e-07 
2.485 	 7.31236e-05 	 7.27307e-05 	 3.92964e-07 
2.481 	 7.71163e-05 	 7.66981e-05 	 4.18173e-07 
2.478 	 8.14268e-05 	 8.09813e-05 	 4.45492e-07 
2.474 	 8.60884e-05 	 8.56132e-05 	 4.75147e-07 
2.470 	 9.11383e-05 	 9.06309e-05 	 5.07392e-07 
2.466 	 9.66187e-05 	 9.60762e-05 	 5.42517e-07 
2.463 	 1.02577e-04 	 1.01997e-04 	 5.80851e-07 
2.459 	 1.09069e-04 	 1.08446e-04 	 6.22765e-07 
2.455 	 1.16154e-04 	 1.15485e-04 	 6.68685e-07 
2.452 	 1.23902e-04 	 1.23183e-04 	 7.19094e-07 
2.448 	 1.32394e-04 	 1.31619e-04 	 7.74544e-07 
2.444 	 1.41718e-04 	 1.40883e-04 	 8.35666e-07 
2.441 	 1.51980e-04 	 1.51077e-04 	 9.03183e-07 
2.437 	 1.63296e-04 	 1.62318e-04 	 9.77921e-07 
2.434 	 1.75801e-04 	 1.74740e-04 	 1.06083e-06 
2.430 	 1.89648e-04 	 1.88495e-04 	 1.15299e-06 
2.426 	 2.05011e-04 	 2.03755e-04 	 1.25564e-06 
2.423 	 2.22087e-04 	 2.20717e-04 	 1.37020e-06 
2.419 	 2.41099e-04 	 2.39601e-04 	 1.49826e-06 
2.416 	 2.62295e-04 	 2.60654e-04 	 1.64162e-06 
2.412 	 2.85948e-04 	 2.84146e-04 	 1.80227e-06 
2.409 	 3.12355e-04 	 3.10373e-04 	 1.98242e-06 
2.405 	 3.41828e-04 	 3.39643e-04 	 2.18438e-06 
2.402 	 3.74679e-04 	 3.72269e-04 	 2.41056e-06 
2.398 	 4.11203e-04 	 4.08540e-04 	 2.66328e-06 
2.395 	 4.51636e-04 	 4.48692e-04 	 2.94451e-06 
2.391 	 4.96102e-04 	 4.92846e-04 	 3.25555e-06 
2.388 	 5.44534e-04 	 5.40938e-04 	 3.59644e-06 
2.384 	 5.96576e-04 	 5.92611e-04 	 3.96527e-06 
2.381 	 6.51453e-04 	 6.47096e-04 	 4.35727e-06 
2.377 	 7.07843e-04 	 7.03079e-04 	 4.76387e-06 
2.374 	 7.63776e-04 	 7.58604e-04 	 5.17187e-06 
2.370 	 8.16612e-04 	 8.11049e-04 	 5.56318e-06 
2.367 	 8.63170e-04 	 8.57255e-04 	 5.91558e-06 
2.364 	 9.00053e-04 	 8.93848e-04 	 6.20484e-06 
2.360 	 9.24158e-04 	 9.17749e-04 	 6.40825e-06 
2.357 	 9.33271e-04 	 9.26762e-04 	 6.50881e-06 
2.353 	 9.26555e-04 	 9.20056e-04 	 6.49883e-06 
2.350 	 9.04743e-04 	 8.98362e-04 	 6.38160e-06 
2.347 	 8.69960e-04 	 8.63790e-04 	 6.17043e-06 
2.343 	 8.25244e-04 	 8.19359e-04 	 5.88546e-06 
2.340 	 7.73957e-04 	 7.68407e-04 	 5.54968e-06 
2.337 	 7.19271e-04 	 7.14086e-04 	 5.18525e-06 
2.333 	 6.63839e-04 	 6.59028e-04 	 4.81102e-06 
2.330 	 6.09660e-04 	 6.05218e-04 	 4.44152e-06 
2.327 	 5.58088e-04 	 5.54001e-04 	 4.08685e-06 
2.324 	 5.09936e-04 	 5.06183e-04 	 3.75334e-06 
2.320 	 4.65598e-04 	 4.62154e-04 	 3.44431e-06 
2.317 	 4.25171e-04 	 4.22010e-04 	 3.16095e-06 
2.314 	 3.88559e-04 	 3.85656e-04 	 2.90301e-06 
2.310 	 3.55549e-04 	 3.52880e-04 	 2.66933e-06 
2.307 	 3.25867e-04 	 3.23409e-04 	 2.45827e-06 
2.304 	 2.99213e-04 	 2.96945e-04 	 2.26794e-06 
2.301 	 2.75287e-04 	 2.73190e-04 	 2.09640e-06 
2.298 	 2.53801e-04 	 2.51860e-04 	 1.94176e-06 
2.294 	 2.34491e-04 	 2.32688e-04 	 1.80226e-06 
2.291 	 2.17111e-04 	 2.15435e-04 	 1.67625e-06 
2.288 	 2.01444e-04 	 1.99882e-04 	 1.56227e-06 
2.285 	 1.87297e-04 	 1.85838e-04 	 1.45899e-06 
2.282 	 1.74496e-04 	 1.73131e-04 	 1.36523e-06 
2.278 	 1.62890e-04 	 1.61610e-04 	 1.27995e-06 
2.275 	 1.52347e-04 	 1.51145e-04 	 1.20223e-06 
2.272 	 1.42748e-04 	 1.41617e-04 	 1.13125e-06 
2.269 	 1.33992e-04 	 1.32926e-04 	 1.06630e-06 
2.266 	 1.25988e-04 	 1.24981e-04 	 1.00674e-06 
2.263 	 1.18657e-04 	 1.17705e-04 	 9.52032e-07 
2.260 	 1.11928e-04 	 1.11026e-04 	 9.01669e-07 
2.257 	 1.05741e-04 	 1.04885e-04 	 8.55222e-07 
2.254 	 1.00040e-04 	 9.92280e-05 	 8.12308e-07 
2.250 	 9.47790e-05 	 9.40065e-05 	 7.72586e-07 
2.247 	 8.99144e-05 	 8.91787e-05 	 7.35754e-07 
2.244 	 8.54088e-05 	 8.47072e-05 	 7.01544e-07 
2.241 	 8.12286e-05 	 8.05589e-05 	 6.69717e-07 
2.238 	 7.73441e-05 	 7.67041e-05 	 6.40061e-07 
2.235 	 7.37288e-05 	 7.31164e-05 	 6.12383e-07 
2.232 	 7.03589e-05 	 6.97724e-05 	 5.86514e-07 
2.229 	 6.72131e-05 	 6.66508e-05 	 5.62301e-07 
2.226 	 6.42724e-05 	 6.37328e-05 	 5.39606e-07 
2.223 	 6.15196e-05 	 6.10013e-05 	 5.18306e-07 
2.220 	 5.89394e-05 	 5.84412e-05 	 4.98288e-07 
2.217 	 5.65179e-05 	 5.60384e-05 	 4.79452e-07 
2.214 	 5.42424e-05 	 5.37807e-05 	 4.61706e-07 
2.211 	 5.21017e-05 	 5.16567e-05 	 4.44968e-07 
2.208 	 5.00854e-05 	 4.96562e-05 	 4.29163e-07 
2.205 	 4.81842e-05 	 4.77699e-05 	 4.14222e-07 
2.202 	 4.63896e-05 	 4.59895e-05 	 4.00084e-07 
2.199 	 4.46939e-05 	 4.43072e-05 	 3.86691e-07 
2.196 	 4.30900e-05 	 4.27160e-05 	 3.73991e-07 
2.193 	 4.15715e-05 	 4.12096e-05 	 3.61937e-07 
2.191 	 4.01325e-05 	 3.97820e-05 	 3.50486e-07 
2.188 	 3.87675e-05 	 3.84279e-05 	 3.39598e-07 
2.185 	 3.74717e-05 	 3.71424e-05 	 3.29236e-07 
2.182 	 3.62404e-05 	 3.59210e-05 	 3.19366e-07 
2.179 	 3.50695e-05 	 3.47595e-05 	 3.09957e-07 
2.176 	 3.39550e-05 	 3.36541e-05 	 3.00981e-07 
2.173 	 3.28936e-05 	 3.26012e-05 	 2.92410e-07 
2.170 	 3.18818e-05 	 3.15975e-05 	 2.84221e-07 
2.167 	 3.09166e-05 	 3.06402e-05 	 2.76391e-07 
2.165 	 2.99952e-05 	 2.97263e-05 	 2.68898e-07 
2.162 	 2.91150e-05 	 2.88533e-05 	 2.61724e-07 
2.159 	 2.82736e-05 	 2.80188e-05 	 2.54850e-07 
2.156 	 2.74688e-05 	 2.72206e-05 	 2.48259e-07 
2.153 	 2.66985e-05 	 2.64565e-05 	 2.41935e-07 
2.150 	 2.59606e-05 	 2.57248e-05 	 2.35865e-07 
2.148 	 2.52535e-05 	 2.50235e-05 	 2.30034e-07 
2.145 	 2.45755e-05 	 2.43511e-05 	 2.24430e-07 
2.142 	 2.39249e-05 	 2.37059e-05 	 2.19041e-07 
2.139 	 2.33003e-05 	 2.30865e-05 	 2.13856e-07 
2.136 	 2.27004e-05 	 2.24915e-05 	 2.08863e-07 
2.134 	 2.21238e-05 	 2.19198e-05 	 2.04055e-07 
2.131 	 2.15694e-05 	 2.13700e-05 	 1.99421e-07 
2.128 	 2.10361e-05 	 2.08411e-05 	 1.94953e-07 
2.125 	 2.05227e-05 	 2.03321e-05 	 1.90643e-07 
2.123 	 2.00283e-05 	 1.98419e-05 	 1.86483e-07 
2.120 	 1.95521e-05 	 1.93696e-05 	 1.82467e-07 
2.117 	 1.90930e-05 	 1.89144e-05 	 1.78587e-07 
2.114 	 1.86503e-05 	 1.84754e-05 	 1.74837e-07 
2.112 	 1.82232e-05 	 1.80520e-05 	 1.71212e-07 
2.109 	 1.78110e-05 	 1.76433e-05 	 1.67706e-07 
2.106 	 1.74130e-05 	 1.72486e-05 	 1.64313e-07 
2.104 	 1.70285e-05 	 1.68675e-05 	 1.61029e-07 
2.101 	 1.66570e-05 	 1.64991e-05 	 1.57848e-07 
2.098 	 1.62978e-05 	 1.61431e-05 	 1.54767e-07 
2.096 	 1.59505e-05 	 1.57987e-05 	 1.51781e-07 
2.093 	 1.56144e-05 	 1.54656e-05 	 1.48886e-07 
2.090 	 1.52892e-05 	 1.51431e-05 	 1.46078e-07 
2.088 	 1.49743e-05 	 1.48310e-05 	 1.43354e-07 
2.085 	 1.46694e-05 	 1.45287e-05 	 1.40710e-07 
2.082 	 1.43739e-05 	 1.42358e-05 	 1.38144e-07 
2.080 	 1.40876e-05 	 1.39519e-05 	 1.35651e-07 
2.077 	 1.38100e-05 	 1.36768e-05 	 1.33230e-07 
2.074 	 1.35408e-05 	 1.34099e-05 	 1.30877e-07 
2.072 	 1.32796e-05 	 1.31510e-05 	 1.28589e-07 
2.069 	 1.30261e-05 	 1.28997e-05 	 1.26365e-07 
2.067 	 1.27801e-05 	 1.26559e-05 	 1.24202e-07 
