Energy [eV] Ext Cross [um^2] Abs Cross [um^2] Sca Cross [um^2] 
2.500 	 2.11078e-04 	 1.79590e-04 	 3.14880e-05 
2.462 	 2.23565e-04 	 1.87581e-04 	 3.59845e-05 
2.426 	 2.36571e-04 	 1.95897e-04 	 4.06737e-05 
2.391 	 2.50239e-04 	 2.04687e-04 	 4.55518e-05 
2.356 	 2.64695e-04 	 2.14081e-04 	 5.06138e-05 
2.323 	 2.80071e-04 	 2.24223e-04 	 5.58475e-05 
2.291 	 2.95436e-04 	 2.34192e-04 	 6.12448e-05 
2.259 	 3.11300e-04 	 2.44452e-04 	 6.68485e-05 
2.228 	 3.28119e-04 	 2.55473e-04 	 7.26458e-05 
2.199 	 3.45756e-04 	 2.67118e-04 	 7.86383e-05 
2.169 	 3.64156e-04 	 2.79321e-04 	 8.48347e-05 
2.141 	 3.83267e-04 	 2.92023e-04 	 9.12447e-05 
2.114 	 4.02952e-04 	 3.05071e-04 	 9.78806e-05 
2.087 	 4.22825e-04 	 3.18069e-04 	 1.04756e-04 
2.060 	 4.41828e-04 	 3.29943e-04 	 1.11885e-04 
2.035 	 4.57717e-04 	 3.38436e-04 	 1.19281e-04 
2.010 	 4.74502e-04 	 3.47575e-04 	 1.26926e-04 
1.986 	 5.08164e-04 	 3.73303e-04 	 1.34861e-04 
1.962 	 5.44437e-04 	 4.01272e-04 	 1.43165e-04 
1.939 	 5.77882e-04 	 4.26046e-04 	 1.51836e-04 
1.916 	 6.10887e-04 	 4.49993e-04 	 1.60893e-04 
1.894 	 6.44787e-04 	 4.74421e-04 	 1.70365e-04 
1.872 	 6.80202e-04 	 4.99919e-04 	 1.80283e-04 
1.851 	 7.17493e-04 	 5.26808e-04 	 1.90685e-04 
1.831 	 7.56928e-04 	 5.55316e-04 	 2.01612e-04 
1.810 	 7.98751e-04 	 5.85640e-04 	 2.13111e-04 
1.791 	 8.43202e-04 	 6.17971e-04 	 2.25231e-04 
1.771 	 8.90534e-04 	 6.52507e-04 	 2.38027e-04 
1.752 	 9.41022e-04 	 6.89460e-04 	 2.51562e-04 
1.734 	 9.94966e-04 	 7.29061e-04 	 2.65904e-04 
1.716 	 1.05270e-03 	 7.71566e-04 	 2.81131e-04 
1.698 	 1.11459e-03 	 8.17261e-04 	 2.97326e-04 
1.681 	 1.18105e-03 	 8.66462e-04 	 3.14585e-04 
1.664 	 1.25254e-03 	 9.19524e-04 	 3.33015e-04 
1.647 	 1.32959e-03 	 9.76850e-04 	 3.52736e-04 
1.630 	 1.41278e-03 	 1.03889e-03 	 3.73887e-04 
1.614 	 1.50278e-03 	 1.10616e-03 	 3.96617e-04 
1.599 	 1.60035e-03 	 1.17924e-03 	 4.21103e-04 
1.583 	 1.70635e-03 	 1.25881e-03 	 4.47544e-04 
1.568 	 1.82179e-03 	 1.34562e-03 	 4.76168e-04 
1.553 	 1.94780e-03 	 1.44056e-03 	 5.07236e-04 
1.539 	 2.08569e-03 	 1.54464e-03 	 5.41047e-04 
1.524 	 2.23698e-03 	 1.65903e-03 	 5.77945e-04 
1.510 	 2.40343e-03 	 1.78510e-03 	 6.18335e-04 
1.497 	 2.58712e-03 	 1.92443e-03 	 6.62684e-04 
1.483 	 2.79045e-03 	 2.07891e-03 	 7.11540e-04 
1.470 	 3.01629e-03 	 2.25074e-03 	 7.65550e-04 
1.457 	 3.26800e-03 	 2.44252e-03 	 8.25477e-04 
1.444 	 3.54961e-03 	 2.65738e-03 	 8.92226e-04 
1.431 	 3.86594e-03 	 2.89906e-03 	 9.66883e-04 
1.419 	 4.22282e-03 	 3.17207e-03 	 1.05076e-03 
1.407 	 4.62732e-03 	 3.48188e-03 	 1.14543e-03 
1.395 	 5.08805e-03 	 3.83521e-03 	 1.25285e-03 
1.383 	 5.61566e-03 	 4.24029e-03 	 1.37537e-03 
1.371 	 6.22332e-03 	 4.70738e-03 	 1.51594e-03 
1.360 	 6.92752e-03 	 5.24929e-03 	 1.67823e-03 
1.349 	 7.74911e-03 	 5.88224e-03 	 1.86687e-03 
1.338 	 8.71461e-03 	 6.62688e-03 	 2.08773e-03 
1.327 	 9.85820e-03 	 7.50981e-03 	 2.34839e-03 
1.316 	 1.12242e-02 	 8.56561e-03 	 2.65861e-03 
1.306 	 1.28709e-02 	 9.83966e-03 	 3.03123e-03 
1.296 	 1.48754e-02 	 1.13922e-02 	 3.48317e-03 
1.286 	 1.73409e-02 	 1.33038e-02 	 4.03703e-03 
1.276 	 2.04064e-02 	 1.56832e-02 	 4.72316e-03 
1.266 	 2.42597e-02 	 1.86773e-02 	 5.58236e-03 
1.256 	 2.91532e-02 	 2.24839e-02 	 6.66929e-03 
1.246 	 3.54197e-02 	 2.73642e-02 	 8.05552e-03 
1.237 	 4.34759e-02 	 3.36460e-02 	 9.82988e-03 
1.228 	 5.37807e-02 	 4.16921e-02 	 1.20886e-02 
1.219 	 6.66709e-02 	 5.17726e-02 	 1.48983e-02 
1.210 	 8.19346e-02 	 6.37327e-02 	 1.82019e-02 
1.201 	 9.80343e-02 	 7.63831e-02 	 2.16512e-02 
1.192 	 1.11412e-01 	 8.69496e-02 	 2.44619e-02 
1.184 	 1.17360e-01 	 9.17422e-02 	 2.56179e-02 
1.175 	 1.13296e-01 	 8.87088e-02 	 2.45870e-02 
1.167 	 1.01173e-01 	 7.93443e-02 	 2.18290e-02 
1.158 	 8.55773e-02 	 6.72198e-02 	 1.83575e-02 
1.150 	 7.03102e-02 	 5.53145e-02 	 1.49958e-02 
1.142 	 5.71793e-02 	 4.50539e-02 	 1.21254e-02 
1.134 	 4.65612e-02 	 3.67437e-02 	 9.81747e-03 
1.127 	 3.81952e-02 	 3.01873e-02 	 8.00787e-03 
1.119 	 3.16500e-02 	 2.50518e-02 	 6.59826e-03 
1.111 	 2.65150e-02 	 2.10182e-02 	 5.49680e-03 
1.104 	 2.24552e-02 	 1.78259e-02 	 4.62928e-03 
1.097 	 1.92134e-02 	 1.52743e-02 	 3.93910e-03 
1.089 	 1.65969e-02 	 1.32129e-02 	 3.38405e-03 
1.082 	 1.44624e-02 	 1.15296e-02 	 2.93281e-03 
1.075 	 1.27030e-02 	 1.01409e-02 	 2.56215e-03 
1.068 	 1.12385e-02 	 8.98383e-03 	 2.25467e-03 
1.061 	 1.00082e-02 	 8.01100e-03 	 1.99724e-03 
1.054 	 8.96596e-03 	 7.18608e-03 	 1.77988e-03 
1.048 	 8.07596e-03 	 6.48106e-03 	 1.59491e-03 
1.041 	 7.31046e-03 	 5.87412e-03 	 1.43634e-03 
1.034 	 6.64759e-03 	 5.34810e-03 	 1.29949e-03 
1.028 	 6.07000e-03 	 4.88935e-03 	 1.18065e-03 
1.021 	 5.56382e-03 	 4.48697e-03 	 1.07685e-03 
1.015 	 5.11784e-03 	 4.13213e-03 	 9.85711e-04 
1.009 	 4.72292e-03 	 3.81764e-03 	 9.05279e-04 
1.003 	 4.37161e-03 	 3.53764e-03 	 8.33972e-04 
0.997 	 4.05772e-03 	 3.28724e-03 	 7.70481e-04 
0.991 	 3.77614e-03 	 3.06241e-03 	 7.13723e-04 
0.985 	 3.52257e-03 	 2.85978e-03 	 6.62792e-04 
0.979 	 3.29344e-03 	 2.67651e-03 	 6.16929e-04 
0.973 	 3.08568e-03 	 2.51019e-03 	 5.75493e-04 
0.967 	 2.89672e-03 	 2.35878e-03 	 5.37941e-04 
0.962 	 2.72435e-03 	 2.22054e-03 	 5.03809e-04 
0.956 	 2.56668e-03 	 2.09398e-03 	 4.72701e-04 
0.950 	 2.42207e-03 	 1.97779e-03 	 4.44274e-04 
0.945 	 2.28910e-03 	 1.87087e-03 	 4.18233e-04 
0.940 	 2.16656e-03 	 1.77224e-03 	 3.94324e-04 
0.934 	 2.05337e-03 	 1.68105e-03 	 3.72322e-04 
0.929 	 1.94859e-03 	 1.59656e-03 	 3.52033e-04 
0.924 	 1.85141e-03 	 1.51812e-03 	 3.33286e-04 
0.918 	 1.76109e-03 	 1.44516e-03 	 3.15932e-04 
0.913 	 1.67700e-03 	 1.37716e-03 	 2.99838e-04 
0.908 	 1.59857e-03 	 1.31368e-03 	 2.84886e-04 
0.903 	 1.52529e-03 	 1.25432e-03 	 2.70974e-04 
0.898 	 1.45672e-03 	 1.19872e-03 	 2.58007e-04 
0.893 	 1.39246e-03 	 1.14656e-03 	 2.45905e-04 
0.889 	 1.33214e-03 	 1.09755e-03 	 2.34592e-04 
0.884 	 1.27545e-03 	 1.05145e-03 	 2.24004e-04 
0.879 	 1.22209e-03 	 1.00801e-03 	 2.14080e-04 
0.874 	 1.17181e-03 	 9.67038e-04 	 2.04767e-04 
0.870 	 1.12435e-03 	 9.28335e-04 	 1.96017e-04 
0.865 	 1.07952e-03 	 8.91733e-04 	 1.87787e-04 
0.861 	 1.03711e-03 	 8.57076e-04 	 1.80035e-04 
0.856 	 9.96953e-04 	 8.24225e-04 	 1.72728e-04 
0.852 	 9.58881e-04 	 7.93049e-04 	 1.65832e-04 
0.847 	 9.22751e-04 	 7.63434e-04 	 1.59317e-04 
0.843 	 8.88428e-04 	 7.35271e-04 	 1.53157e-04 
0.839 	 8.55790e-04 	 7.08463e-04 	 1.47326e-04 
0.834 	 8.24725e-04 	 6.82922e-04 	 1.41803e-04 
0.830 	 7.95130e-04 	 6.58564e-04 	 1.36566e-04 
0.826 	 7.66911e-04 	 6.35314e-04 	 1.31596e-04 
0.822 	 7.39980e-04 	 6.13103e-04 	 1.26877e-04 
0.818 	 7.14257e-04 	 5.91867e-04 	 1.22391e-04 
0.814 	 6.89669e-04 	 5.71545e-04 	 1.18124e-04 
0.810 	 6.66146e-04 	 5.52084e-04 	 1.14062e-04 
0.806 	 6.43625e-04 	 5.33431e-04 	 1.10193e-04 
0.802 	 6.22046e-04 	 5.15541e-04 	 1.06505e-04 
0.798 	 6.01355e-04 	 4.98368e-04 	 1.02987e-04 
0.794 	 5.81501e-04 	 4.81871e-04 	 9.96295e-05 
0.790 	 5.62437e-04 	 4.66014e-04 	 9.64223e-05 
0.786 	 5.44118e-04 	 4.50761e-04 	 9.33571e-05 
0.783 	 5.26504e-04 	 4.36078e-04 	 9.04259e-05 
0.779 	 5.09556e-04 	 4.21935e-04 	 8.76212e-05 
0.775 	 4.93240e-04 	 4.08304e-04 	 8.49360e-05 
0.772 	 4.77521e-04 	 3.95158e-04 	 8.23638e-05 
0.768 	 4.62370e-04 	 3.82471e-04 	 7.98985e-05 
0.764 	 4.47757e-04 	 3.70222e-04 	 7.75345e-05 
0.761 	 4.33655e-04 	 3.58389e-04 	 7.52664e-05 
0.757 	 4.20039e-04 	 3.46949e-04 	 7.30893e-05 
0.754 	 4.06884e-04 	 3.35886e-04 	 7.09985e-05 
0.750 	 3.94169e-04 	 3.25180e-04 	 6.89896e-05 
0.747 	 3.81873e-04 	 3.14814e-04 	 6.70586e-05 
0.744 	 3.69975e-04 	 3.04773e-04 	 6.52016e-05 
0.740 	 3.58457e-04 	 2.95042e-04 	 6.34150e-05 
0.737 	 3.47301e-04 	 2.85606e-04 	 6.16953e-05 
0.734 	 3.36491e-04 	 2.76452e-04 	 6.00395e-05 
0.730 	 3.26011e-04 	 2.67566e-04 	 5.84443e-05 
0.727 	 3.15845e-04 	 2.58938e-04 	 5.69071e-05 
0.724 	 3.05980e-04 	 2.50555e-04 	 5.54251e-05 
0.721 	 2.96404e-04 	 2.42408e-04 	 5.39958e-05 
0.718 	 2.87102e-04 	 2.34485e-04 	 5.26168e-05 
0.715 	 2.78063e-04 	 2.26777e-04 	 5.12859e-05 
0.711 	 2.69277e-04 	 2.19276e-04 	 5.00009e-05 
0.708 	 2.60731e-04 	 2.11971e-04 	 4.87598e-05 
0.705 	 2.52417e-04 	 2.04857e-04 	 4.75607e-05 
0.702 	 2.44325e-04 	 1.97924e-04 	 4.64017e-05 
0.699 	 2.36446e-04 	 1.91165e-04 	 4.52813e-05 
0.696 	 2.28771e-04 	 1.84573e-04 	 4.41977e-05 
0.693 	 2.21292e-04 	 1.78142e-04 	 4.31494e-05 
0.690 	 2.14001e-04 	 1.71866e-04 	 4.21349e-05 
0.688 	 2.06891e-04 	 1.65738e-04 	 4.11529e-05 
0.685 	 1.99956e-04 	 1.59753e-04 	 4.02021e-05 
0.682 	 1.93187e-04 	 1.53906e-04 	 3.92811e-05 
0.679 	 1.86579e-04 	 1.48190e-04 	 3.83888e-05 
0.676 	 1.80126e-04 	 1.42602e-04 	 3.75241e-05 
0.673 	 1.73822e-04 	 1.37137e-04 	 3.66858e-05 
0.671 	 1.67662e-04 	 1.31789e-04 	 3.58730e-05 
0.668 	 1.61640e-04 	 1.26555e-04 	 3.50847e-05 
0.665 	 1.55751e-04 	 1.21431e-04 	 3.43199e-05 
0.663 	 1.49990e-04 	 1.16412e-04 	 3.35777e-05 
0.660 	 1.44353e-04 	 1.11496e-04 	 3.28573e-05 
0.657 	 1.38836e-04 	 1.06678e-04 	 3.21579e-05 
0.655 	 1.33433e-04 	 1.01955e-04 	 3.14787e-05 
0.652 	 1.28142e-04 	 9.73230e-05 	 3.08190e-05 
0.649 	 1.22958e-04 	 9.27801e-05 	 3.01780e-05 
0.647 	 1.17878e-04 	 8.83226e-05 	 2.95551e-05 
0.644 	 1.12897e-04 	 8.39477e-05 	 2.89496e-05 
0.642 	 1.08014e-04 	 7.96527e-05 	 2.83610e-05 
0.639 	 1.03223e-04 	 7.54348e-05 	 2.77886e-05 
0.637 	 9.85235e-05 	 7.12916e-05 	 2.72318e-05 
0.634 	 9.39108e-05 	 6.72206e-05 	 2.66902e-05 
0.632 	 8.93825e-05 	 6.32194e-05 	 2.61631e-05 
0.630 	 8.49359e-05 	 5.92857e-05 	 2.56502e-05 
0.627 	 8.05683e-05 	 5.54174e-05 	 2.51509e-05 
0.625 	 7.62771e-05 	 5.16124e-05 	 2.46647e-05 
0.622 	 7.20599e-05 	 4.78686e-05 	 2.41913e-05 
0.620 	 6.79143e-05 	 4.41842e-05 	 2.37301e-05 
