Energy [eV] Ext Cross [um^2] Abs Cross [um^2] Sca Cross [um^2] 
3.500 	 6.59274e-05 	 5.38153e-05 	 1.21121e-05 
3.477 	 6.54280e-05 	 5.45481e-05 	 1.08799e-05 
3.454 	 6.50380e-05 	 5.53028e-05 	 9.73519e-06 
3.431 	 6.47534e-05 	 5.60796e-05 	 8.67371e-06 
3.409 	 6.45702e-05 	 5.68787e-05 	 7.69144e-06 
3.387 	 6.44843e-05 	 5.76999e-05 	 6.78440e-06 
3.365 	 6.44923e-05 	 5.85434e-05 	 5.94892e-06 
3.343 	 6.45910e-05 	 5.94093e-05 	 5.18167e-06 
3.322 	 6.47778e-05 	 6.02982e-05 	 4.47964e-06 
3.301 	 6.50500e-05 	 6.12103e-05 	 3.83977e-06 
3.280 	 6.54045e-05 	 6.21454e-05 	 3.25908e-06 
3.260 	 6.58388e-05 	 6.31039e-05 	 2.73492e-06 
3.240 	 6.63508e-05 	 6.40860e-05 	 2.26481e-06 
3.220 	 6.69387e-05 	 6.50922e-05 	 1.84644e-06 
3.200 	 6.76006e-05 	 6.61231e-05 	 1.47756e-06 
3.180 	 6.83343e-05 	 6.71783e-05 	 1.15601e-06 
3.161 	 6.91385e-05 	 6.82587e-05 	 8.79843e-07 
3.142 	 7.00116e-05 	 6.93643e-05 	 6.47260e-07 
3.123 	 7.09532e-05 	 7.04967e-05 	 4.56471e-07 
3.105 	 7.19610e-05 	 7.16551e-05 	 3.05819e-07 
3.086 	 7.30332e-05 	 7.28395e-05 	 1.93745e-07 
3.068 	 7.41687e-05 	 7.40499e-05 	 1.18799e-07 
3.050 	 7.53729e-05 	 7.52932e-05 	 7.96217e-08 
3.033 	 7.66403e-05 	 7.65654e-05 	 7.49246e-08 
3.015 	 7.79538e-05 	 7.78503e-05 	 1.03449e-07 
2.998 	 7.93262e-05 	 7.91622e-05 	 1.64075e-07 
2.981 	 8.08093e-05 	 8.05533e-05 	 2.55977e-07 
2.964 	 8.23622e-05 	 8.19842e-05 	 3.78055e-07 
2.947 	 8.38280e-05 	 8.32995e-05 	 5.28448e-07 
2.931 	 8.52938e-05 	 8.45875e-05 	 7.06291e-07 
2.914 	 8.72041e-05 	 8.62891e-05 	 9.15019e-07 
2.898 	 8.90549e-05 	 8.79016e-05 	 1.15329e-06 
2.882 	 9.07069e-05 	 8.92984e-05 	 1.40849e-06 
2.866 	 9.28738e-05 	 9.11868e-05 	 1.68701e-06 
2.851 	 9.46451e-05 	 9.26452e-05 	 1.99992e-06 
2.835 	 9.61208e-05 	 9.37832e-05 	 2.33766e-06 
2.820 	 9.82160e-05 	 9.55217e-05 	 2.69422e-06 
2.805 	 1.00656e-04 	 9.75822e-05 	 3.07395e-06 
2.790 	 1.02835e-04 	 9.93579e-05 	 3.47742e-06 
2.775 	 1.04997e-04 	 1.01094e-04 	 3.90348e-06 
2.760 	 1.07298e-04 	 1.02947e-04 	 4.35161e-06 
2.746 	 1.09776e-04 	 1.04955e-04 	 4.82123e-06 
2.731 	 1.12345e-04 	 1.07033e-04 	 5.31242e-06 
2.717 	 1.14899e-04 	 1.09074e-04 	 5.82485e-06 
2.703 	 1.17373e-04 	 1.11016e-04 	 6.35783e-06 
2.689 	 1.19838e-04 	 1.12926e-04 	 6.91137e-06 
2.675 	 1.22394e-04 	 1.14908e-04 	 7.48547e-06 
2.662 	 1.25056e-04 	 1.16975e-04 	 8.08029e-06 
2.648 	 1.27813e-04 	 1.19117e-04 	 8.69576e-06 
2.635 	 1.30661e-04 	 1.21329e-04 	 9.33171e-06 
2.622 	 1.33595e-04 	 1.23607e-04 	 9.98813e-06 
2.609 	 1.36614e-04 	 1.25949e-04 	 1.06650e-05 
2.596 	 1.39716e-04 	 1.28354e-04 	 1.13623e-05 
2.583 	 1.42900e-04 	 1.30820e-04 	 1.20802e-05 
2.570 	 1.46164e-04 	 1.33345e-04 	 1.28188e-05 
2.558 	 1.49506e-04 	 1.35928e-04 	 1.35783e-05 
2.545 	 1.52933e-04 	 1.38574e-04 	 1.43590e-05 
2.533 	 1.56453e-04 	 1.41292e-04 	 1.51609e-05 
2.521 	 1.60072e-04 	 1.44088e-04 	 1.59844e-05 
2.508 	 1.63794e-04 	 1.46965e-04 	 1.68294e-05 
2.496 	 1.67622e-04 	 1.49927e-04 	 1.76959e-05 
2.485 	 1.71544e-04 	 1.52960e-04 	 1.85839e-05 
2.473 	 1.75529e-04 	 1.56035e-04 	 1.94937e-05 
2.461 	 1.79563e-04 	 1.59136e-04 	 2.04264e-05 
2.450 	 1.83676e-04 	 1.62292e-04 	 2.13834e-05 
2.438 	 1.87899e-04 	 1.65534e-04 	 2.23650e-05 
2.427 	 1.92242e-04 	 1.68871e-04 	 2.33713e-05 
2.416 	 1.96705e-04 	 1.72303e-04 	 2.44026e-05 
2.404 	 2.01289e-04 	 1.75830e-04 	 2.54593e-05 
2.393 	 2.05993e-04 	 1.79451e-04 	 2.65420e-05 
2.383 	 2.10818e-04 	 1.83167e-04 	 2.76513e-05 
2.372 	 2.15766e-04 	 1.86978e-04 	 2.87878e-05 
2.361 	 2.20837e-04 	 1.90885e-04 	 2.99524e-05 
2.350 	 2.26032e-04 	 1.94886e-04 	 3.11457e-05 
2.340 	 2.31349e-04 	 1.98980e-04 	 3.23686e-05 
2.329 	 2.36786e-04 	 2.03164e-04 	 3.36217e-05 
2.319 	 2.42339e-04 	 2.07433e-04 	 3.49060e-05 
2.309 	 2.47997e-04 	 2.11775e-04 	 3.62223e-05 
2.299 	 2.53748e-04 	 2.16177e-04 	 3.75715e-05 
2.289 	 2.59581e-04 	 2.20626e-04 	 3.89545e-05 
2.279 	 2.65507e-04 	 2.25135e-04 	 4.03721e-05 
2.269 	 2.71610e-04 	 2.29785e-04 	 4.18247e-05 
2.259 	 2.78073e-04 	 2.34760e-04 	 4.33130e-05 
2.249 	 2.85048e-04 	 2.40208e-04 	 4.48392e-05 
2.240 	 2.92475e-04 	 2.46069e-04 	 4.64058e-05 
2.230 	 3.00173e-04 	 2.52158e-04 	 4.80149e-05 
2.221 	 3.08028e-04 	 2.58360e-04 	 4.96679e-05 
2.211 	 3.16017e-04 	 2.64651e-04 	 5.13659e-05 
2.202 	 3.24160e-04 	 2.71050e-04 	 5.31102e-05 
2.193 	 3.32484e-04 	 2.77582e-04 	 5.49023e-05 
2.183 	 3.41014e-04 	 2.84270e-04 	 5.67437e-05 
2.174 	 3.49771e-04 	 2.91134e-04 	 5.86364e-05 
2.165 	 3.58773e-04 	 2.98191e-04 	 6.05822e-05 
2.156 	 3.68037e-04 	 3.05454e-04 	 6.25833e-05 
2.147 	 3.77578e-04 	 3.12936e-04 	 6.46416e-05 
2.139 	 3.87410e-04 	 3.20650e-04 	 6.67597e-05 
2.130 	 3.97547e-04 	 3.28607e-04 	 6.89399e-05 
2.121 	 4.08004e-04 	 3.36820e-04 	 7.11846e-05 
2.113 	 4.18796e-04 	 3.45299e-04 	 7.34966e-05 
2.104 	 4.29937e-04 	 3.54058e-04 	 7.58786e-05 
2.096 	 4.41443e-04 	 3.63109e-04 	 7.83336e-05 
2.087 	 4.53330e-04 	 3.72466e-04 	 8.08647e-05 
2.079 	 4.65617e-04 	 3.82142e-04 	 8.34753e-05 
2.071 	 4.78321e-04 	 3.92153e-04 	 8.61688e-05 
2.063 	 4.91462e-04 	 4.02513e-04 	 8.89490e-05 
2.055 	 5.05059e-04 	 4.13239e-04 	 9.18198e-05 
2.047 	 5.19134e-04 	 4.24349e-04 	 9.47853e-05 
2.039 	 5.33709e-04 	 4.35859e-04 	 9.78498e-05 
2.031 	 5.48809e-04 	 4.47791e-04 	 1.01018e-04 
2.023 	 5.64458e-04 	 4.60163e-04 	 1.04295e-04 
2.015 	 5.80683e-04 	 4.72998e-04 	 1.07685e-04 
2.007 	 5.97513e-04 	 4.86318e-04 	 1.11195e-04 
2.000 	 6.14978e-04 	 5.00147e-04 	 1.14831e-04 
1.992 	 6.33109e-04 	 5.14512e-04 	 1.18598e-04 
1.984 	 6.51940e-04 	 5.29438e-04 	 1.22502e-04 
1.977 	 6.71507e-04 	 5.44955e-04 	 1.26552e-04 
1.969 	 6.91847e-04 	 5.61093e-04 	 1.30754e-04 
1.962 	 7.13001e-04 	 5.77885e-04 	 1.35116e-04 
1.955 	 7.35013e-04 	 5.95367e-04 	 1.39646e-04 
1.947 	 7.57929e-04 	 6.13574e-04 	 1.44354e-04 
1.940 	 7.81798e-04 	 6.32548e-04 	 1.49250e-04 
1.933 	 8.06675e-04 	 6.52331e-04 	 1.54344e-04 
1.926 	 8.32615e-04 	 6.72969e-04 	 1.59646e-04 
1.919 	 8.59680e-04 	 6.94510e-04 	 1.65170e-04 
1.912 	 8.87934e-04 	 7.17007e-04 	 1.70927e-04 
1.905 	 9.17446e-04 	 7.40515e-04 	 1.76931e-04 
1.898 	 9.48290e-04 	 7.65095e-04 	 1.83195e-04 
1.891 	 9.80548e-04 	 7.90811e-04 	 1.89737e-04 
1.884 	 1.01430e-03 	 8.17732e-04 	 1.96572e-04 
1.877 	 1.04965e-03 	 8.45932e-04 	 2.03718e-04 
1.871 	 1.08669e-03 	 8.75493e-04 	 2.11194e-04 
1.864 	 1.12552e-03 	 9.06500e-04 	 2.19023e-04 
1.857 	 1.16627e-03 	 9.39047e-04 	 2.27225e-04 
1.851 	 1.20906e-03 	 9.73236e-04 	 2.35827e-04 
1.844 	 1.25403e-03 	 1.00918e-03 	 2.44854e-04 
1.838 	 1.30132e-03 	 1.04699e-03 	 2.54334e-04 
1.831 	 1.35109e-03 	 1.08679e-03 	 2.64300e-04 
1.825 	 1.40353e-03 	 1.12874e-03 	 2.74784e-04 
1.819 	 1.45880e-03 	 1.17298e-03 	 2.85824e-04 
1.812 	 1.51714e-03 	 1.21968e-03 	 2.97458e-04 
1.806 	 1.57874e-03 	 1.26901e-03 	 3.09731e-04 
1.800 	 1.64387e-03 	 1.32118e-03 	 3.22690e-04 
1.794 	 1.71279e-03 	 1.37640e-03 	 3.36386e-04 
1.787 	 1.78579e-03 	 1.43491e-03 	 3.50875e-04 
1.781 	 1.86319e-03 	 1.49697e-03 	 3.66222e-04 
1.775 	 1.94534e-03 	 1.56285e-03 	 3.82492e-04 
1.769 	 2.03265e-03 	 1.63289e-03 	 3.99763e-04 
1.763 	 2.12553e-03 	 1.70741e-03 	 4.18117e-04 
1.757 	 2.22446e-03 	 1.78682e-03 	 4.37646e-04 
1.751 	 2.32997e-03 	 1.87152e-03 	 4.58450e-04 
1.746 	 2.44263e-03 	 1.96199e-03 	 4.80642e-04 
1.740 	 2.56309e-03 	 2.05875e-03 	 5.04347e-04 
1.734 	 2.69207e-03 	 2.16237e-03 	 5.29702e-04 
1.728 	 2.83037e-03 	 2.27351e-03 	 5.56862e-04 
1.723 	 2.97888e-03 	 2.39289e-03 	 5.85999e-04 
1.717 	 3.13861e-03 	 2.52130e-03 	 6.17305e-04 
1.711 	 3.31067e-03 	 2.65967e-03 	 6.50997e-04 
1.706 	 3.49632e-03 	 2.80901e-03 	 6.87317e-04 
1.700 	 3.69700e-03 	 2.97046e-03 	 7.26539e-04 
1.695 	 3.91431e-03 	 3.14534e-03 	 7.68973e-04 
1.689 	 4.15008e-03 	 3.33511e-03 	 8.14967e-04 
1.684 	 4.40636e-03 	 3.54144e-03 	 8.64920e-04 
1.678 	 4.68553e-03 	 3.76625e-03 	 9.19284e-04 
1.673 	 4.99027e-03 	 4.01170e-03 	 9.78575e-04 
1.668 	 5.32367e-03 	 4.28029e-03 	 1.04338e-03 
1.662 	 5.68925e-03 	 4.57487e-03 	 1.11439e-03 
1.657 	 6.09109e-03 	 4.89873e-03 	 1.19236e-03 
1.652 	 6.53389e-03 	 5.25567e-03 	 1.27821e-03 
1.647 	 7.02305e-03 	 5.65008e-03 	 1.37297e-03 
1.641 	 7.56489e-03 	 6.08704e-03 	 1.47784e-03 
1.636 	 8.16669e-03 	 6.57247e-03 	 1.59422e-03 
1.631 	 8.83697e-03 	 7.11324e-03 	 1.72373e-03 
1.626 	 9.58564e-03 	 7.71738e-03 	 1.86826e-03 
1.621 	 1.04242e-02 	 8.39424e-03 	 2.03001e-03 
1.616 	 1.13663e-02 	 9.15474e-03 	 2.21155e-03 
1.611 	 1.24275e-02 	 1.00116e-02 	 2.41588e-03 
1.606 	 1.36262e-02 	 1.09797e-02 	 2.64646e-03 
1.601 	 1.49834e-02 	 1.20761e-02 	 2.90731e-03 
1.596 	 1.65234e-02 	 1.33204e-02 	 3.20302e-03 
1.591 	 1.82736e-02 	 1.47348e-02 	 3.53878e-03 
1.587 	 2.02644e-02 	 1.63441e-02 	 3.92031e-03 
1.582 	 2.25283e-02 	 1.81746e-02 	 4.35373e-03 
1.577 	 2.50982e-02 	 2.02530e-02 	 4.84519e-03 
1.572 	 2.80039e-02 	 2.26037e-02 	 5.40025e-03 
1.568 	 3.12668e-02 	 2.52440e-02 	 6.02275e-03 
1.563 	 3.48904e-02 	 2.81773e-02 	 6.71313e-03 
1.558 	 3.88480e-02 	 3.13821e-02 	 7.46597e-03 
1.554 	 4.30654e-02 	 3.47987e-02 	 8.26675e-03 
1.549 	 4.74029e-02 	 3.83144e-02 	 9.08848e-03 
1.544 	 5.16412e-02 	 4.17522e-02 	 9.88905e-03 
1.540 	 5.54827e-02 	 4.48711e-02 	 1.06115e-02 
1.535 	 5.85792e-02 	 4.73895e-02 	 1.11897e-02 
1.531 	 6.05932e-02 	 4.90335e-02 	 1.15597e-02 
1.526 	 6.12785e-02 	 4.96031e-02 	 1.16754e-02 
1.522 	 6.05522e-02 	 4.90303e-02 	 1.15219e-02 
1.517 	 5.85197e-02 	 4.73993e-02 	 1.11204e-02 
1.513 	 5.54406e-02 	 4.49195e-02 	 1.05212e-02 
1.509 	 5.16543e-02 	 4.18650e-02 	 9.78931e-03 
1.504 	 4.75005e-02 	 3.85108e-02 	 8.98972e-03 
1.500 	 4.32640e-02 	 3.50875e-02 	 8.17657e-03 
