Energy [eV] Ext Cross [um^2] Abs Cross [um^2] Sca Cross [um^2] 
3.500 	 5.05271e-05 	 4.24796e-05 	 8.04745e-06 
3.477 	 5.04164e-05 	 4.31716e-05 	 7.24487e-06 
3.454 	 5.03808e-05 	 4.38836e-05 	 6.49716e-06 
3.431 	 5.04181e-05 	 4.46163e-05 	 5.80186e-06 
3.409 	 5.05264e-05 	 4.53698e-05 	 5.15660e-06 
3.387 	 5.07034e-05 	 4.61443e-05 	 4.55901e-06 
3.365 	 5.09473e-05 	 4.69404e-05 	 4.00692e-06 
3.343 	 5.12566e-05 	 4.77583e-05 	 3.49838e-06 
3.322 	 5.16302e-05 	 4.85986e-05 	 3.03163e-06 
3.301 	 5.20667e-05 	 4.94619e-05 	 2.60487e-06 
3.280 	 5.25646e-05 	 5.03482e-05 	 2.21636e-06 
3.260 	 5.31228e-05 	 5.12583e-05 	 1.86451e-06 
3.240 	 5.37403e-05 	 5.21924e-05 	 1.54791e-06 
3.220 	 5.44165e-05 	 5.31513e-05 	 1.26520e-06 
3.200 	 5.51508e-05 	 5.41357e-05 	 1.01507e-06 
3.180 	 5.59419e-05 	 5.51457e-05 	 7.96269e-07 
3.161 	 5.67899e-05 	 5.61822e-05 	 6.07681e-07 
3.142 	 5.76940e-05 	 5.72457e-05 	 4.48270e-07 
3.123 	 5.86547e-05 	 5.83377e-05 	 3.17014e-07 
3.105 	 5.96708e-05 	 5.94578e-05 	 2.12971e-07 
3.086 	 6.07418e-05 	 6.06065e-05 	 1.35260e-07 
3.068 	 6.18673e-05 	 6.17842e-05 	 8.30716e-08 
3.050 	 6.30526e-05 	 6.29969e-05 	 5.56541e-08 
3.033 	 6.42940e-05 	 6.42417e-05 	 5.23007e-08 
3.015 	 6.55778e-05 	 6.55055e-05 	 7.23214e-08 
2.998 	 6.69157e-05 	 6.68005e-05 	 1.15119e-07 
2.981 	 6.83520e-05 	 6.81717e-05 	 1.80305e-07 
2.964 	 6.98535e-05 	 6.95862e-05 	 2.67290e-07 
2.947 	 7.12874e-05 	 7.09125e-05 	 3.74941e-07 
2.931 	 7.27280e-05 	 7.22252e-05 	 5.02823e-07 
2.914 	 7.45577e-05 	 7.39041e-05 	 6.53606e-07 
2.898 	 7.63500e-05 	 7.55235e-05 	 8.26551e-07 
2.882 	 7.79775e-05 	 7.69648e-05 	 1.01267e-06 
2.866 	 8.00579e-05 	 7.88412e-05 	 1.21675e-06 
2.851 	 8.18182e-05 	 8.03710e-05 	 1.44717e-06 
2.835 	 8.33336e-05 	 8.16365e-05 	 1.69716e-06 
2.820 	 8.53920e-05 	 8.34295e-05 	 1.96246e-06 
2.805 	 8.77636e-05 	 8.55171e-05 	 2.24648e-06 
2.790 	 8.99240e-05 	 8.73741e-05 	 2.54990e-06 
2.775 	 9.20852e-05 	 8.92131e-05 	 2.87207e-06 
2.760 	 9.43865e-05 	 9.11736e-05 	 3.21281e-06 
2.746 	 9.68660e-05 	 9.32940e-05 	 3.57192e-06 
2.731 	 9.94612e-05 	 9.55115e-05 	 3.94969e-06 
2.717 	 1.02091e-04 	 9.77447e-05 	 4.34618e-06 
2.703 	 1.04651e-04 	 9.98896e-05 	 4.76117e-06 
2.689 	 1.07149e-04 	 1.01954e-04 	 5.19481e-06 
2.675 	 1.09723e-04 	 1.04076e-04 	 5.64732e-06 
2.662 	 1.12424e-04 	 1.06305e-04 	 6.11913e-06 
2.648 	 1.15250e-04 	 1.08640e-04 	 6.61050e-06 
2.635 	 1.18193e-04 	 1.11072e-04 	 7.12156e-06 
2.622 	 1.21246e-04 	 1.13594e-04 	 7.65261e-06 
2.609 	 1.24405e-04 	 1.16201e-04 	 8.20390e-06 
2.596 	 1.27668e-04 	 1.18892e-04 	 8.77588e-06 
2.583 	 1.31038e-04 	 1.21669e-04 	 9.36908e-06 
2.570 	 1.34524e-04 	 1.24540e-04 	 9.98384e-06 
2.558 	 1.38130e-04 	 1.27509e-04 	 1.06206e-05 
2.545 	 1.41856e-04 	 1.30576e-04 	 1.12796e-05 
2.533 	 1.45690e-04 	 1.33729e-04 	 1.19612e-05 
2.521 	 1.49616e-04 	 1.36949e-04 	 1.26664e-05 
2.508 	 1.53646e-04 	 1.40250e-04 	 1.33961e-05 
2.496 	 1.57805e-04 	 1.43654e-04 	 1.41512e-05 
2.485 	 1.62107e-04 	 1.47174e-04 	 1.49323e-05 
2.473 	 1.66555e-04 	 1.50815e-04 	 1.57401e-05 
2.461 	 1.71152e-04 	 1.54577e-04 	 1.65755e-05 
2.450 	 1.75903e-04 	 1.58464e-04 	 1.74393e-05 
2.438 	 1.80810e-04 	 1.62477e-04 	 1.83325e-05 
2.427 	 1.85876e-04 	 1.66620e-04 	 1.92561e-05 
2.416 	 1.91105e-04 	 1.70894e-04 	 2.02112e-05 
2.404 	 1.96498e-04 	 1.75299e-04 	 2.11989e-05 
2.393 	 2.02056e-04 	 1.79835e-04 	 2.22205e-05 
2.383 	 2.07780e-04 	 1.84503e-04 	 2.32773e-05 
2.372 	 2.13680e-04 	 1.89309e-04 	 2.43704e-05 
2.361 	 2.19791e-04 	 1.94290e-04 	 2.55009e-05 
2.350 	 2.26194e-04 	 1.99524e-04 	 2.66703e-05 
2.340 	 2.32952e-04 	 2.05071e-04 	 2.78809e-05 
2.329 	 2.40039e-04 	 2.10904e-04 	 2.91350e-05 
2.319 	 2.47392e-04 	 2.16957e-04 	 3.04349e-05 
2.309 	 2.54986e-04 	 2.23203e-04 	 3.17825e-05 
2.299 	 2.62830e-04 	 2.29650e-04 	 3.31796e-05 
2.289 	 2.70945e-04 	 2.36316e-04 	 3.46284e-05 
2.279 	 2.79352e-04 	 2.43220e-04 	 3.61316e-05 
2.269 	 2.88072e-04 	 2.50381e-04 	 3.76917e-05 
2.259 	 2.97126e-04 	 2.57815e-04 	 3.93112e-05 
2.249 	 3.06534e-04 	 2.65541e-04 	 4.09932e-05 
2.240 	 3.16315e-04 	 2.73574e-04 	 4.27406e-05 
2.230 	 3.26490e-04 	 2.81933e-04 	 4.45570e-05 
2.221 	 3.37083e-04 	 2.90637e-04 	 4.64459e-05 
2.211 	 3.48116e-04 	 2.99704e-04 	 4.84114e-05 
2.202 	 3.59614e-04 	 3.09156e-04 	 5.04576e-05 
2.193 	 3.71603e-04 	 3.19014e-04 	 5.25890e-05 
2.183 	 3.84112e-04 	 3.29302e-04 	 5.48102e-05 
2.174 	 3.97170e-04 	 3.40044e-04 	 5.71262e-05 
2.165 	 4.10809e-04 	 3.51267e-04 	 5.95426e-05 
2.156 	 4.25065e-04 	 3.63000e-04 	 6.20652e-05 
2.147 	 4.39973e-04 	 3.75273e-04 	 6.47002e-05 
2.139 	 4.55574e-04 	 3.88120e-04 	 6.74545e-05 
2.130 	 4.71911e-04 	 4.01575e-04 	 7.03354e-05 
2.121 	 4.89029e-04 	 4.15678e-04 	 7.33506e-05 
2.113 	 5.06977e-04 	 4.30469e-04 	 7.65086e-05 
2.104 	 5.25810e-04 	 4.45991e-04 	 7.98186e-05 
2.096 	 5.45585e-04 	 4.62295e-04 	 8.32903e-05 
2.087 	 5.66364e-04 	 4.79430e-04 	 8.69345e-05 
2.079 	 5.88217e-04 	 4.97454e-04 	 9.07628e-05 
2.071 	 6.11215e-04 	 5.16427e-04 	 9.47879e-05 
2.063 	 6.35440e-04 	 5.36417e-04 	 9.90235e-05 
2.055 	 6.60979e-04 	 5.57495e-04 	 1.03484e-04 
2.047 	 6.87927e-04 	 5.79740e-04 	 1.08187e-04 
2.039 	 7.16386e-04 	 6.03238e-04 	 1.13148e-04 
2.031 	 7.46471e-04 	 6.28083e-04 	 1.18388e-04 
2.023 	 7.78305e-04 	 6.54377e-04 	 1.23927e-04 
2.015 	 8.12023e-04 	 6.82234e-04 	 1.29790e-04 
2.007 	 8.47775e-04 	 7.11775e-04 	 1.36000e-04 
2.000 	 8.85726e-04 	 7.43138e-04 	 1.42588e-04 
1.992 	 9.26053e-04 	 7.76471e-04 	 1.49582e-04 
1.984 	 9.68956e-04 	 8.11939e-04 	 1.57017e-04 
1.977 	 1.01465e-03 	 8.49723e-04 	 1.64931e-04 
1.969 	 1.06339e-03 	 8.90023e-04 	 1.73363e-04 
1.962 	 1.11542e-03 	 9.33062e-04 	 1.82361e-04 
1.955 	 1.17106e-03 	 9.79090e-04 	 1.91975e-04 
1.947 	 1.23064e-03 	 1.02838e-03 	 2.02262e-04 
1.940 	 1.29454e-03 	 1.08125e-03 	 2.13287e-04 
1.933 	 1.36316e-03 	 1.13804e-03 	 2.25121e-04 
1.926 	 1.43698e-03 	 1.19913e-03 	 2.37844e-04 
1.919 	 1.51652e-03 	 1.26498e-03 	 2.51545e-04 
1.912 	 1.60238e-03 	 1.33606e-03 	 2.66326e-04 
1.905 	 1.69523e-03 	 1.41293e-03 	 2.82301e-04 
1.898 	 1.79582e-03 	 1.49622e-03 	 2.99598e-04 
1.891 	 1.90501e-03 	 1.58665e-03 	 3.18365e-04 
1.884 	 2.02379e-03 	 1.68502e-03 	 3.38768e-04 
1.877 	 2.15328e-03 	 1.79228e-03 	 3.61000e-04 
1.871 	 2.29477e-03 	 1.90949e-03 	 3.85279e-04 
1.864 	 2.44973e-03 	 2.03787e-03 	 4.11860e-04 
1.857 	 2.61989e-03 	 2.17886e-03 	 4.41034e-04 
1.851 	 2.80722e-03 	 2.33408e-03 	 4.73138e-04 
1.844 	 3.01404e-03 	 2.50547e-03 	 5.08566e-04 
1.838 	 3.24303e-03 	 2.69525e-03 	 5.47777e-04 
1.831 	 3.49735e-03 	 2.90604e-03 	 5.91309e-04 
1.825 	 3.78072e-03 	 3.14093e-03 	 6.39794e-04 
1.819 	 4.09752e-03 	 3.40354e-03 	 6.93979e-04 
1.812 	 4.45294e-03 	 3.69819e-03 	 7.54747e-04 
1.806 	 4.85317e-03 	 4.03001e-03 	 8.23152e-04 
1.800 	 5.30558e-03 	 4.40513e-03 	 9.00449e-04 
1.794 	 5.81904e-03 	 4.83090e-03 	 9.88145e-04 
1.787 	 6.40419e-03 	 5.31614e-03 	 1.08805e-03 
1.781 	 7.07388e-03 	 5.87153e-03 	 1.20235e-03 
1.775 	 7.84361e-03 	 6.50992e-03 	 1.33369e-03 
1.769 	 8.73210e-03 	 7.24687e-03 	 1.48523e-03 
1.763 	 9.76193e-03 	 8.10110e-03 	 1.66083e-03 
1.757 	 1.09601e-02 	 9.09504e-03 	 1.86506e-03 
1.751 	 1.23587e-02 	 1.02553e-02 	 2.10337e-03 
1.746 	 1.39948e-02 	 1.16127e-02 	 2.38207e-03 
1.740 	 1.59102e-02 	 1.32019e-02 	 2.70823e-03 
1.734 	 1.81489e-02 	 1.50596e-02 	 3.08931e-03 
1.728 	 2.07520e-02 	 1.72198e-02 	 3.53224e-03 
1.723 	 2.37472e-02 	 1.97056e-02 	 4.04168e-03 
1.717 	 2.71307e-02 	 2.25139e-02 	 4.61689e-03 
1.711 	 3.08395e-02 	 2.55924e-02 	 5.24703e-03 
1.706 	 3.47158e-02 	 2.88106e-02 	 5.90519e-03 
1.700 	 3.84770e-02 	 3.19338e-02 	 6.54319e-03 
1.695 	 4.17156e-02 	 3.46239e-02 	 7.09169e-03 
1.689 	 4.39645e-02 	 3.64932e-02 	 7.47136e-03 
1.684 	 4.48345e-02 	 3.72183e-02 	 7.61618e-03 
1.678 	 4.41667e-02 	 3.66673e-02 	 7.49949e-03 
1.673 	 4.21035e-02 	 3.49577e-02 	 7.14577e-03 
1.668 	 3.90216e-02 	 3.24023e-02 	 6.61935e-03 
1.662 	 3.53820e-02 	 2.93833e-02 	 5.99868e-03 
1.657 	 3.15919e-02 	 2.62389e-02 	 5.35299e-03 
1.652 	 2.79382e-02 	 2.32072e-02 	 4.73099e-03 
1.647 	 2.45843e-02 	 2.04240e-02 	 4.16036e-03 
1.641 	 2.15995e-02 	 1.79468e-02 	 3.65275e-03 
1.636 	 1.89930e-02 	 1.57833e-02 	 3.20967e-03 
1.631 	 1.67414e-02 	 1.39143e-02 	 2.82706e-03 
1.626 	 1.48070e-02 	 1.23085e-02 	 2.49847e-03 
1.621 	 1.31481e-02 	 1.09313e-02 	 2.21677e-03 
1.616 	 1.17247e-02 	 9.74955e-03 	 1.97514e-03 
1.611 	 1.05007e-02 	 8.73331e-03 	 1.76743e-03 
1.606 	 9.44503e-03 	 7.85670e-03 	 1.58833e-03 
1.601 	 8.53104e-03 	 7.09773e-03 	 1.43332e-03 
1.596 	 7.73656e-03 	 6.43795e-03 	 1.29861e-03 
1.591 	 7.04304e-03 	 5.86198e-03 	 1.18106e-03 
1.587 	 6.43510e-03 	 5.35706e-03 	 1.07804e-03 
1.582 	 5.89994e-03 	 4.91255e-03 	 9.87388e-04 
1.577 	 5.42692e-03 	 4.51964e-03 	 9.07282e-04 
1.572 	 5.00716e-03 	 4.17094e-03 	 8.36217e-04 
1.568 	 4.63325e-03 	 3.86031e-03 	 7.72933e-04 
1.563 	 4.29894e-03 	 3.58257e-03 	 7.16371e-04 
1.558 	 3.99901e-03 	 3.33337e-03 	 6.65640e-04 
1.554 	 3.72902e-03 	 3.10903e-03 	 6.19987e-04 
1.549 	 3.48519e-03 	 2.90642e-03 	 5.78772e-04 
1.544 	 3.26434e-03 	 2.72288e-03 	 5.41451e-04 
1.540 	 3.06370e-03 	 2.55614e-03 	 5.07558e-04 
1.535 	 2.88093e-03 	 2.40424e-03 	 4.76694e-04 
1.531 	 2.71400e-03 	 2.26549e-03 	 4.48515e-04 
1.526 	 2.56116e-03 	 2.13844e-03 	 4.22722e-04 
1.522 	 2.42088e-03 	 2.02182e-03 	 3.99058e-04 
1.517 	 2.29184e-03 	 1.91454e-03 	 3.77297e-04 
1.513 	 2.17288e-03 	 1.81564e-03 	 3.57244e-04 
1.509 	 2.06299e-03 	 1.72426e-03 	 3.38725e-04 
1.504 	 1.96127e-03 	 1.63968e-03 	 3.21591e-04 
1.500 	 1.86694e-03 	 1.56123e-03 	 3.05708e-04 
