Energy [eV] Ext Cross [um^2] Abs Cross [um^2] Sca Cross [um^2] 
3.500 	 2.29911e-05 	 2.06130e-05 	 2.37808e-06 
3.477 	 2.32952e-05 	 2.11369e-05 	 2.15833e-06 
3.454 	 2.36309e-05 	 2.16794e-05 	 1.95153e-06 
3.431 	 2.39983e-05 	 2.22411e-05 	 1.75725e-06 
3.409 	 2.43978e-05 	 2.28228e-05 	 1.57504e-06 
3.387 	 2.48298e-05 	 2.34254e-05 	 1.40447e-06 
3.365 	 2.52948e-05 	 2.40497e-05 	 1.24516e-06 
3.343 	 2.57934e-05 	 2.46966e-05 	 1.09675e-06 
3.322 	 2.63262e-05 	 2.53672e-05 	 9.58972e-07 
3.301 	 2.68941e-05 	 2.60625e-05 	 8.31507e-07 
3.280 	 2.74977e-05 	 2.67836e-05 	 7.14062e-07 
3.260 	 2.81379e-05 	 2.75315e-05 	 6.06386e-07 
3.240 	 2.88158e-05 	 2.83076e-05 	 5.08265e-07 
3.220 	 2.95325e-05 	 2.91130e-05 	 4.19512e-07 
3.200 	 3.02893e-05 	 2.99494e-05 	 3.39943e-07 
3.180 	 3.10872e-05 	 3.08178e-05 	 2.69393e-07 
3.161 	 3.19279e-05 	 3.17202e-05 	 2.07739e-07 
3.142 	 3.28126e-05 	 3.26577e-05 	 1.54881e-07 
3.123 	 3.37436e-05 	 3.36329e-05 	 1.10727e-07 
3.105 	 3.47221e-05 	 3.46469e-05 	 7.52095e-08 
3.086 	 3.57497e-05 	 3.57014e-05 	 4.82856e-08 
3.068 	 3.68285e-05 	 3.67986e-05 	 2.99386e-08 
3.050 	 3.79637e-05 	 3.79436e-05 	 2.01760e-08 
3.033 	 3.91556e-05 	 3.91366e-05 	 1.90262e-08 
3.015 	 4.03981e-05 	 4.03716e-05 	 2.65294e-08 
2.998 	 4.17009e-05 	 4.16582e-05 	 4.27669e-08 
2.981 	 4.30952e-05 	 4.30273e-05 	 6.79079e-08 
2.964 	 4.45633e-05 	 4.44613e-05 	 1.02059e-07 
2.947 	 4.60219e-05 	 4.58768e-05 	 1.45116e-07 
2.931 	 4.75196e-05 	 4.73224e-05 	 1.97255e-07 
2.914 	 4.93197e-05 	 4.90597e-05 	 2.59949e-07 
2.898 	 5.11506e-05 	 5.08172e-05 	 3.33359e-07 
2.882 	 5.29012e-05 	 5.24872e-05 	 4.14053e-07 
2.866 	 5.50080e-05 	 5.45036e-05 	 5.04409e-07 
2.851 	 5.69787e-05 	 5.63700e-05 	 6.08701e-07 
2.835 	 5.88375e-05 	 5.81130e-05 	 7.24512e-07 
2.820 	 6.11278e-05 	 6.02775e-05 	 8.50329e-07 
2.805 	 6.37157e-05 	 6.27274e-05 	 9.88285e-07 
2.790 	 6.62347e-05 	 6.50953e-05 	 1.13937e-06 
2.775 	 6.88388e-05 	 6.75349e-05 	 1.30393e-06 
2.760 	 7.16389e-05 	 7.01563e-05 	 1.48258e-06 
2.746 	 7.46773e-05 	 7.30014e-05 	 1.67594e-06 
2.731 	 7.79337e-05 	 7.60488e-05 	 1.88497e-06 
2.717 	 8.14102e-05 	 7.92995e-05 	 2.11064e-06 
2.703 	 8.50862e-05 	 8.27323e-05 	 2.35392e-06 
2.689 	 8.87918e-05 	 8.61758e-05 	 2.61601e-06 
2.675 	 9.24379e-05 	 8.95399e-05 	 2.89801e-06 
2.662 	 9.62220e-05 	 9.30205e-05 	 3.20141e-06 
2.648 	 1.00308e-04 	 9.67807e-05 	 3.52776e-06 
2.635 	 1.04730e-04 	 1.00852e-04 	 3.87867e-06 
2.622 	 1.09482e-04 	 1.05226e-04 	 4.25606e-06 
2.609 	 1.14570e-04 	 1.09908e-04 	 4.66200e-06 
2.596 	 1.20013e-04 	 1.14914e-04 	 5.09882e-06 
2.583 	 1.25831e-04 	 1.20262e-04 	 5.56908e-06 
2.570 	 1.32052e-04 	 1.25976e-04 	 6.07553e-06 
2.558 	 1.38706e-04 	 1.32085e-04 	 6.62130e-06 
2.545 	 1.45833e-04 	 1.38624e-04 	 7.20983e-06 
2.533 	 1.53477e-04 	 1.45632e-04 	 7.84505e-06 
2.521 	 1.61684e-04 	 1.53152e-04 	 8.53155e-06 
2.508 	 1.70503e-04 	 1.61229e-04 	 9.27432e-06 
2.496 	 1.79995e-04 	 1.69916e-04 	 1.00789e-05 
2.485 	 1.90227e-04 	 1.79275e-04 	 1.09515e-05 
2.473 	 2.01276e-04 	 1.89376e-04 	 1.18993e-05 
2.461 	 2.13230e-04 	 2.00299e-04 	 1.29304e-05 
2.450 	 2.26189e-04 	 2.12134e-04 	 1.40540e-05 
2.438 	 2.40264e-04 	 2.24984e-04 	 1.52808e-05 
2.427 	 2.55585e-04 	 2.38963e-04 	 1.66226e-05 
2.416 	 2.72298e-04 	 2.54205e-04 	 1.80933e-05 
2.404 	 2.90573e-04 	 2.70864e-04 	 1.97089e-05 
2.393 	 3.10607e-04 	 2.89119e-04 	 2.14877e-05 
2.383 	 3.32627e-04 	 3.09176e-04 	 2.34514e-05 
2.372 	 3.56901e-04 	 3.31276e-04 	 2.56250e-05 
2.361 	 3.83736e-04 	 3.55698e-04 	 2.80379e-05 
2.350 	 4.13499e-04 	 3.82774e-04 	 3.07249e-05 
2.340 	 4.46619e-04 	 4.12892e-04 	 3.37269e-05 
2.329 	 4.83609e-04 	 4.46517e-04 	 3.70925e-05 
2.319 	 5.25080e-04 	 4.84200e-04 	 4.08801e-05 
2.309 	 5.71767e-04 	 5.26607e-04 	 4.51599e-05 
2.299 	 6.24560e-04 	 5.74543e-04 	 5.00172e-05 
2.289 	 6.84543e-04 	 6.28987e-04 	 5.55563e-05 
2.279 	 7.53047e-04 	 6.91142e-04 	 6.19052e-05 
2.269 	 8.31716e-04 	 7.62493e-04 	 6.92224e-05 
2.259 	 9.22591e-04 	 8.44886e-04 	 7.77051e-05 
2.249 	 1.02824e-03 	 9.40638e-04 	 8.76016e-05 
2.240 	 1.15192e-03 	 1.05269e-03 	 9.92276e-05 
2.230 	 1.29780e-03 	 1.18481e-03 	 1.12988e-04 
2.221 	 1.47127e-03 	 1.34186e-03 	 1.29410e-04 
2.211 	 1.67940e-03 	 1.53022e-03 	 1.49181e-04 
2.202 	 1.93148e-03 	 1.75826e-03 	 1.73212e-04 
2.193 	 2.23990e-03 	 2.03718e-03 	 2.02719e-04 
2.183 	 2.62132e-03 	 2.38197e-03 	 2.39343e-04 
2.174 	 3.09826e-03 	 2.81295e-03 	 2.85308e-04 
2.165 	 3.70120e-03 	 3.35757e-03 	 3.43636e-04 
2.156 	 4.47106e-03 	 4.05265e-03 	 4.18404e-04 
2.147 	 5.46115e-03 	 4.94619e-03 	 5.14961e-04 
2.139 	 6.73622e-03 	 6.09636e-03 	 6.39866e-04 
2.130 	 8.36124e-03 	 7.56138e-03 	 7.99853e-04 
2.121 	 1.03650e-02 	 9.36670e-03 	 9.98304e-04 
2.113 	 1.26563e-02 	 1.14293e-02 	 1.22700e-03 
2.104 	 1.48976e-02 	 1.34442e-02 	 1.45343e-03 
2.096 	 1.64622e-02 	 1.48463e-02 	 1.61586e-03 
2.087 	 1.67217e-02 	 1.50708e-02 	 1.65095e-03 
2.079 	 1.55696e-02 	 1.40237e-02 	 1.54587e-03 
2.071 	 1.35217e-02 	 1.21719e-02 	 1.34984e-03 
2.063 	 1.12461e-02 	 1.01176e-02 	 1.12853e-03 
2.055 	 9.16943e-03 	 8.24467e-03 	 9.24763e-04 
2.047 	 7.44550e-03 	 6.69097e-03 	 7.54526e-04 
2.039 	 6.07482e-03 	 5.45634e-03 	 6.18480e-04 
2.031 	 5.00217e-03 	 4.49062e-03 	 5.11544e-04 
2.023 	 4.16403e-03 	 3.73637e-03 	 4.27657e-04 
2.015 	 3.50539e-03 	 3.14389e-03 	 3.61494e-04 
2.007 	 2.98302e-03 	 2.67418e-03 	 3.08840e-04 
2.000 	 2.56431e-03 	 2.29782e-03 	 2.66496e-04 
1.992 	 2.22501e-03 	 1.99294e-03 	 2.32075e-04 
1.984 	 1.94710e-03 	 1.74331e-03 	 2.03797e-04 
1.977 	 1.71715e-03 	 1.53682e-03 	 1.80328e-04 
1.969 	 1.52504e-03 	 1.36437e-03 	 1.60665e-04 
1.962 	 1.36312e-03 	 1.21907e-03 	 1.44045e-04 
1.955 	 1.22550e-03 	 1.09562e-03 	 1.29881e-04 
1.947 	 1.10763e-03 	 9.89915e-04 	 1.17717e-04 
1.940 	 1.00597e-03 	 8.98771e-04 	 1.07197e-04 
1.933 	 9.17701e-04 	 8.19661e-04 	 9.80399e-05 
1.926 	 8.40600e-04 	 7.50579e-04 	 9.00210e-05 
1.919 	 7.72877e-04 	 6.89917e-04 	 8.29598e-05 
1.912 	 7.13083e-04 	 6.36373e-04 	 7.67099e-05 
1.905 	 6.60035e-04 	 5.88884e-04 	 7.11516e-05 
1.898 	 6.12762e-04 	 5.46575e-04 	 6.61865e-05 
1.891 	 5.70457e-04 	 5.08724e-04 	 6.17327e-05 
1.884 	 5.32450e-04 	 4.74728e-04 	 5.77220e-05 
1.877 	 4.98179e-04 	 4.44081e-04 	 5.40972e-05 
1.871 	 4.67169e-04 	 4.16359e-04 	 5.08100e-05 
1.864 	 4.39019e-04 	 3.91200e-04 	 4.78194e-05 
1.857 	 4.13388e-04 	 3.68297e-04 	 4.50905e-05 
1.851 	 3.89982e-04 	 3.47389e-04 	 4.25933e-05 
1.844 	 3.68552e-04 	 3.28250e-04 	 4.03020e-05 
1.838 	 3.48880e-04 	 3.10685e-04 	 3.81943e-05 
1.831 	 3.30777e-04 	 2.94526e-04 	 3.62509e-05 
1.825 	 3.14081e-04 	 2.79627e-04 	 3.44549e-05 
1.819 	 2.98649e-04 	 2.65858e-04 	 3.27917e-05 
1.812 	 2.84356e-04 	 2.53108e-04 	 3.12483e-05 
1.806 	 2.71092e-04 	 2.41279e-04 	 2.98132e-05 
1.800 	 2.58760e-04 	 2.30284e-04 	 2.84765e-05 
1.794 	 2.47274e-04 	 2.20045e-04 	 2.72293e-05 
1.787 	 2.36559e-04 	 2.10495e-04 	 2.60635e-05 
1.781 	 2.26545e-04 	 2.01573e-04 	 2.49723e-05 
1.775 	 2.17173e-04 	 1.93223e-04 	 2.39491e-05 
1.769 	 2.08388e-04 	 1.85399e-04 	 2.29885e-05 
1.763 	 2.00141e-04 	 1.78056e-04 	 2.20853e-05 
1.757 	 1.92390e-04 	 1.71155e-04 	 2.12349e-05 
1.751 	 1.85095e-04 	 1.64662e-04 	 2.04333e-05 
1.746 	 1.78220e-04 	 1.58543e-04 	 1.96767e-05 
1.740 	 1.71734e-04 	 1.52772e-04 	 1.89618e-05 
1.734 	 1.65607e-04 	 1.47321e-04 	 1.82855e-05 
1.728 	 1.59813e-04 	 1.42168e-04 	 1.76450e-05 
1.723 	 1.54327e-04 	 1.37290e-04 	 1.70378e-05 
1.717 	 1.49130e-04 	 1.32668e-04 	 1.64617e-05 
1.711 	 1.44199e-04 	 1.28285e-04 	 1.59144e-05 
1.706 	 1.39517e-04 	 1.24123e-04 	 1.53940e-05 
1.700 	 1.35068e-04 	 1.20169e-04 	 1.48989e-05 
1.695 	 1.30836e-04 	 1.16409e-04 	 1.44273e-05 
1.689 	 1.26807e-04 	 1.12829e-04 	 1.39777e-05 
1.684 	 1.22967e-04 	 1.09418e-04 	 1.35489e-05 
1.678 	 1.19306e-04 	 1.06166e-04 	 1.31395e-05 
1.673 	 1.15811e-04 	 1.03063e-04 	 1.27483e-05 
1.668 	 1.12474e-04 	 1.00100e-04 	 1.23742e-05 
1.662 	 1.09284e-04 	 9.72678e-05 	 1.20163e-05 
1.657 	 1.06233e-04 	 9.45593e-05 	 1.16736e-05 
1.652 	 1.03312e-04 	 9.19671e-05 	 1.13453e-05 
1.647 	 1.00515e-04 	 8.94846e-05 	 1.10305e-05 
1.641 	 9.78340e-05 	 8.71055e-05 	 1.07285e-05 
1.636 	 9.52628e-05 	 8.48242e-05 	 1.04387e-05 
1.631 	 9.27955e-05 	 8.26352e-05 	 1.01602e-05 
1.626 	 9.04263e-05 	 8.05336e-05 	 9.89268e-06 
1.621 	 8.81501e-05 	 7.85146e-05 	 9.63542e-06 
1.616 	 8.59619e-05 	 7.65740e-05 	 9.38791e-06 
1.611 	 8.38573e-05 	 7.47076e-05 	 9.14967e-06 
1.606 	 8.18319e-05 	 7.29117e-05 	 8.92024e-06 
1.601 	 7.98818e-05 	 7.11826e-05 	 8.69917e-06 
1.596 	 7.80031e-05 	 6.95170e-05 	 8.48606e-06 
1.591 	 7.61923e-05 	 6.79118e-05 	 8.28054e-06 
1.587 	 7.44462e-05 	 6.63640e-05 	 8.08223e-06 
1.582 	 7.27617e-05 	 6.48709e-05 	 7.89080e-06 
1.577 	 7.11357e-05 	 6.34298e-05 	 7.70593e-06 
1.572 	 6.95656e-05 	 6.20383e-05 	 7.52732e-06 
1.568 	 6.80489e-05 	 6.06942e-05 	 7.35469e-06 
1.563 	 6.65830e-05 	 5.93952e-05 	 7.18777e-06 
1.558 	 6.51656e-05 	 5.81393e-05 	 7.02632e-06 
1.554 	 6.37947e-05 	 5.69246e-05 	 6.87009e-06 
1.549 	 6.24681e-05 	 5.57493e-05 	 6.71885e-06 
1.544 	 6.11839e-05 	 5.46115e-05 	 6.57240e-06 
1.540 	 5.99404e-05 	 5.35099e-05 	 6.43054e-06 
1.535 	 5.87357e-05 	 5.24426e-05 	 6.29307e-06 
1.531 	 5.75682e-05 	 5.14084e-05 	 6.15981e-06 
1.526 	 5.64364e-05 	 5.04058e-05 	 6.03059e-06 
1.522 	 5.53388e-05 	 4.94336e-05 	 5.90525e-06 
1.517 	 5.42740e-05 	 4.84904e-05 	 5.78363e-06 
1.513 	 5.32407e-05 	 4.75752e-05 	 5.66558e-06 
1.509 	 5.22376e-05 	 4.66867e-05 	 5.55098e-06 
1.504 	 5.12636e-05 	 4.58239e-05 	 5.43967e-06 
1.500 	 5.03174e-05 	 4.49859e-05 	 5.33155e-06 
