Energy [eV] Ext Cross [um^2] Abs Cross [um^2] Sca Cross [um^2] 
2.500 	 2.28176e-04 	 1.90998e-04 	 3.71784e-05 
2.462 	 2.41186e-04 	 1.98830e-04 	 4.23561e-05 
2.426 	 2.54776e-04 	 2.07054e-04 	 4.77220e-05 
2.391 	 2.68814e-04 	 2.15549e-04 	 5.32650e-05 
2.356 	 2.83458e-04 	 2.24476e-04 	 5.89818e-05 
2.323 	 2.98795e-04 	 2.33929e-04 	 6.48655e-05 
2.291 	 3.15010e-04 	 2.44102e-04 	 7.09079e-05 
2.259 	 3.31828e-04 	 2.54745e-04 	 7.70833e-05 
2.228 	 3.48228e-04 	 2.64806e-04 	 8.34219e-05 
2.199 	 3.65471e-04 	 2.75526e-04 	 8.99455e-05 
2.169 	 3.83577e-04 	 2.86938e-04 	 9.66387e-05 
2.141 	 4.02410e-04 	 2.98906e-04 	 1.03503e-04 
2.114 	 4.21910e-04 	 3.11364e-04 	 1.10547e-04 
2.087 	 4.42018e-04 	 3.24241e-04 	 1.17777e-04 
2.060 	 4.62608e-04 	 3.37404e-04 	 1.25204e-04 
2.035 	 4.83380e-04 	 3.50540e-04 	 1.32840e-04 
2.010 	 5.03599e-04 	 3.62900e-04 	 1.40698e-04 
1.986 	 5.21426e-04 	 3.72631e-04 	 1.48795e-04 
1.962 	 5.33506e-04 	 3.76375e-04 	 1.57131e-04 
1.939 	 5.46733e-04 	 3.81062e-04 	 1.65671e-04 
1.916 	 5.85358e-04 	 4.10901e-04 	 1.74457e-04 
1.894 	 6.29117e-04 	 4.45515e-04 	 1.83602e-04 
1.872 	 6.67314e-04 	 4.74222e-04 	 1.93092e-04 
1.851 	 7.03195e-04 	 5.00265e-04 	 2.02930e-04 
1.831 	 7.38962e-04 	 5.25826e-04 	 2.13137e-04 
1.810 	 7.75618e-04 	 5.51879e-04 	 2.23739e-04 
1.791 	 8.13674e-04 	 5.78908e-04 	 2.34766e-04 
1.771 	 8.53448e-04 	 6.07198e-04 	 2.46250e-04 
1.752 	 8.95182e-04 	 6.36956e-04 	 2.58225e-04 
1.734 	 9.39088e-04 	 6.68356e-04 	 2.70733e-04 
1.716 	 9.85369e-04 	 7.01557e-04 	 2.83812e-04 
1.698 	 1.03423e-03 	 7.36722e-04 	 2.97510e-04 
1.681 	 1.08590e-03 	 7.74021e-04 	 3.11875e-04 
1.664 	 1.14060e-03 	 8.13636e-04 	 3.26962e-04 
1.647 	 1.19860e-03 	 8.55764e-04 	 3.42832e-04 
1.630 	 1.26017e-03 	 9.00622e-04 	 3.59552e-04 
1.614 	 1.32564e-03 	 9.48448e-04 	 3.77191e-04 
1.599 	 1.39532e-03 	 9.99496e-04 	 3.95829e-04 
1.583 	 1.46961e-03 	 1.05405e-03 	 4.15557e-04 
1.568 	 1.54891e-03 	 1.11243e-03 	 4.36473e-04 
1.553 	 1.63368e-03 	 1.17500e-03 	 4.58687e-04 
1.539 	 1.72445e-03 	 1.24213e-03 	 4.82318e-04 
1.524 	 1.82179e-03 	 1.31429e-03 	 5.07502e-04 
1.510 	 1.92634e-03 	 1.39195e-03 	 5.34391e-04 
1.497 	 2.03884e-03 	 1.47568e-03 	 5.63155e-04 
1.483 	 2.16009e-03 	 1.56611e-03 	 5.93984e-04 
1.470 	 2.29102e-03 	 1.66393e-03 	 6.27095e-04 
1.457 	 2.43269e-03 	 1.76996e-03 	 6.62729e-04 
1.444 	 2.58626e-03 	 1.88510e-03 	 7.01164e-04 
1.431 	 2.75311e-03 	 2.01040e-03 	 7.42713e-04 
1.419 	 2.93478e-03 	 2.14704e-03 	 7.87736e-04 
1.407 	 3.13306e-03 	 2.29641e-03 	 8.36646e-04 
1.395 	 3.34999e-03 	 2.46008e-03 	 8.89919e-04 
1.383 	 3.58796e-03 	 2.63986e-03 	 9.48098e-04 
1.371 	 3.84971e-03 	 2.83790e-03 	 1.01182e-03 
1.360 	 4.13846e-03 	 3.05664e-03 	 1.08181e-03 
1.349 	 4.45796e-03 	 3.29901e-03 	 1.15895e-03 
1.338 	 4.81265e-03 	 3.56841e-03 	 1.24424e-03 
1.327 	 5.20777e-03 	 3.86889e-03 	 1.33888e-03 
1.316 	 5.64954e-03 	 4.20525e-03 	 1.44429e-03 
1.306 	 6.14541e-03 	 4.58324e-03 	 1.56216e-03 
1.296 	 6.70432e-03 	 5.00979e-03 	 1.69454e-03 
1.286 	 7.33711e-03 	 5.49325e-03 	 1.84386e-03 
1.276 	 8.05697e-03 	 6.04385e-03 	 2.01312e-03 
1.266 	 8.88008e-03 	 6.67410e-03 	 2.20598e-03 
1.256 	 9.82641e-03 	 7.39947e-03 	 2.42694e-03 
1.246 	 1.09208e-02 	 8.23920e-03 	 2.68158e-03 
1.237 	 1.21943e-02 	 9.21742e-03 	 2.97689e-03 
1.228 	 1.36863e-02 	 1.03646e-02 	 3.32166e-03 
1.219 	 1.54467e-02 	 1.17196e-02 	 3.72708e-03 
1.210 	 1.75397e-02 	 1.33322e-02 	 4.20743e-03 
1.201 	 2.00479e-02 	 1.52668e-02 	 4.78112e-03 
1.192 	 2.30789e-02 	 1.76070e-02 	 5.47195e-03 
1.184 	 2.67724e-02 	 2.04616e-02 	 6.31078e-03 
1.175 	 3.13097e-02 	 2.39722e-02 	 7.33754e-03 
1.167 	 3.69245e-02 	 2.83212e-02 	 8.60333e-03 
1.158 	 4.39097e-02 	 3.37379e-02 	 1.01718e-02 
1.150 	 5.26132e-02 	 4.04953e-02 	 1.21180e-02 
1.142 	 6.33996e-02 	 4.88810e-02 	 1.45187e-02 
1.134 	 7.65332e-02 	 5.91069e-02 	 1.74263e-02 
1.127 	 9.19124e-02 	 7.11032e-02 	 2.08092e-02 
1.119 	 1.08601e-01 	 8.41527e-02 	 2.44488e-02 
1.111 	 1.24307e-01 	 9.64797e-02 	 2.78272e-02 
1.104 	 1.35422e-01 	 1.05276e-01 	 3.01460e-02 
1.097 	 1.38466e-01 	 1.07813e-01 	 3.06525e-02 
1.089 	 1.32403e-01 	 1.03254e-01 	 2.91486e-02 
1.082 	 1.19447e-01 	 9.32945e-02 	 2.61524e-02 
1.075 	 1.03356e-01 	 8.08493e-02 	 2.25063e-02 
1.068 	 8.72678e-02 	 6.83671e-02 	 1.89006e-02 
1.061 	 7.28906e-02 	 5.71882e-02 	 1.57024e-02 
1.054 	 6.07808e-02 	 4.77565e-02 	 1.30243e-02 
1.048 	 5.08750e-02 	 4.00306e-02 	 1.08444e-02 
1.041 	 4.28694e-02 	 3.37790e-02 	 9.09045e-03 
1.034 	 3.64141e-02 	 2.87322e-02 	 7.68187e-03 
1.028 	 3.11921e-02 	 2.46454e-02 	 6.54675e-03 
1.021 	 2.69417e-02 	 2.13156e-02 	 5.62619e-03 
1.015 	 2.34558e-02 	 1.85820e-02 	 4.87386e-03 
1.009 	 2.05734e-02 	 1.63195e-02 	 4.25390e-03 
1.003 	 1.81701e-02 	 1.44314e-02 	 3.73874e-03 
0.997 	 1.61501e-02 	 1.28429e-02 	 3.30717e-03 
0.991 	 1.44389e-02 	 1.14961e-02 	 2.94279e-03 
0.985 	 1.29786e-02 	 1.03458e-02 	 2.63286e-03 
0.979 	 1.17239e-02 	 9.35650e-03 	 2.36741e-03 
0.973 	 1.06388e-02 	 8.50017e-03 	 2.13859e-03 
0.967 	 9.69454e-03 	 7.75442e-03 	 1.94012e-03 
0.962 	 8.86832e-03 	 7.10129e-03 	 1.76702e-03 
0.956 	 8.14149e-03 	 6.52625e-03 	 1.61524e-03 
0.950 	 7.49895e-03 	 6.01746e-03 	 1.48149e-03 
0.945 	 6.92828e-03 	 5.56519e-03 	 1.36310e-03 
0.940 	 6.41925e-03 	 5.16142e-03 	 1.25783e-03 
0.934 	 5.96336e-03 	 4.79949e-03 	 1.16386e-03 
0.929 	 5.55349e-03 	 4.47383e-03 	 1.07966e-03 
0.924 	 5.18370e-03 	 4.17975e-03 	 1.00395e-03 
0.918 	 4.84892e-03 	 3.91329e-03 	 9.35631e-04 
0.913 	 4.54489e-03 	 3.67109e-03 	 8.73799e-04 
0.908 	 4.26796e-03 	 3.45029e-03 	 8.17669e-04 
0.903 	 4.01499e-03 	 3.24842e-03 	 7.66572e-04 
0.898 	 3.78331e-03 	 3.06337e-03 	 7.19935e-04 
0.893 	 3.57057e-03 	 2.89331e-03 	 6.77261e-04 
0.889 	 3.37477e-03 	 2.73665e-03 	 6.38121e-04 
0.884 	 3.19414e-03 	 2.59200e-03 	 6.02142e-04 
0.879 	 3.02715e-03 	 2.45815e-03 	 5.68998e-04 
0.874 	 2.87244e-03 	 2.33404e-03 	 5.38404e-04 
0.870 	 2.72884e-03 	 2.21873e-03 	 5.10107e-04 
0.865 	 2.59529e-03 	 2.11140e-03 	 4.83889e-04 
0.861 	 2.47086e-03 	 2.01131e-03 	 4.59553e-04 
0.856 	 2.35474e-03 	 1.91782e-03 	 4.36926e-04 
0.852 	 2.24619e-03 	 1.83034e-03 	 4.15855e-04 
0.847 	 2.14456e-03 	 1.74836e-03 	 3.96202e-04 
0.843 	 2.04926e-03 	 1.67141e-03 	 3.77845e-04 
0.839 	 1.95977e-03 	 1.59910e-03 	 3.60675e-04 
0.834 	 1.87562e-03 	 1.53103e-03 	 3.44594e-04 
0.830 	 1.79639e-03 	 1.46688e-03 	 3.29512e-04 
0.826 	 1.72170e-03 	 1.40635e-03 	 3.15351e-04 
0.822 	 1.65119e-03 	 1.34915e-03 	 3.02039e-04 
0.818 	 1.58456e-03 	 1.29505e-03 	 2.89509e-04 
0.814 	 1.52152e-03 	 1.24381e-03 	 2.77703e-04 
0.810 	 1.46181e-03 	 1.19524e-03 	 2.66568e-04 
0.806 	 1.40519e-03 	 1.14913e-03 	 2.56055e-04 
0.802 	 1.35145e-03 	 1.10533e-03 	 2.46118e-04 
0.798 	 1.30038e-03 	 1.06366e-03 	 2.36718e-04 
0.794 	 1.25182e-03 	 1.02400e-03 	 2.27817e-04 
0.790 	 1.20558e-03 	 9.86203e-04 	 2.19381e-04 
0.786 	 1.16153e-03 	 9.50152e-04 	 2.11379e-04 
0.783 	 1.11952e-03 	 9.15734e-04 	 2.03782e-04 
0.779 	 1.07941e-03 	 8.82847e-04 	 1.96564e-04 
0.775 	 1.04110e-03 	 8.51397e-04 	 1.89701e-04 
0.772 	 1.00447e-03 	 8.21297e-04 	 1.83170e-04 
0.768 	 9.69417e-04 	 7.92465e-04 	 1.76951e-04 
0.764 	 9.35853e-04 	 7.64829e-04 	 1.71025e-04 
0.761 	 9.03690e-04 	 7.38317e-04 	 1.65373e-04 
0.757 	 8.72847e-04 	 7.12867e-04 	 1.59980e-04 
0.754 	 8.43249e-04 	 6.88418e-04 	 1.54831e-04 
0.750 	 8.14826e-04 	 6.64916e-04 	 1.49911e-04 
0.747 	 7.87514e-04 	 6.42307e-04 	 1.45207e-04 
0.744 	 7.61252e-04 	 6.20545e-04 	 1.40707e-04 
0.740 	 7.35984e-04 	 5.99583e-04 	 1.36400e-04 
0.737 	 7.11656e-04 	 5.79380e-04 	 1.32276e-04 
0.734 	 6.88220e-04 	 5.59897e-04 	 1.28323e-04 
0.730 	 6.65629e-04 	 5.41095e-04 	 1.24534e-04 
0.727 	 6.43840e-04 	 5.22941e-04 	 1.20899e-04 
0.724 	 6.22812e-04 	 5.05401e-04 	 1.17411e-04 
0.721 	 6.02508e-04 	 4.88447e-04 	 1.14061e-04 
0.718 	 5.82892e-04 	 4.72048e-04 	 1.10844e-04 
0.715 	 5.63929e-04 	 4.56178e-04 	 1.07751e-04 
0.711 	 5.45590e-04 	 4.40813e-04 	 1.04777e-04 
0.708 	 5.27844e-04 	 4.25927e-04 	 1.01916e-04 
0.705 	 5.10663e-04 	 4.11499e-04 	 9.91632e-05 
0.702 	 4.94021e-04 	 3.97508e-04 	 9.65124e-05 
0.699 	 4.77894e-04 	 3.83935e-04 	 9.39591e-05 
0.696 	 4.62258e-04 	 3.70759e-04 	 9.14987e-05 
0.693 	 4.47091e-04 	 3.57964e-04 	 8.91270e-05 
0.690 	 4.32373e-04 	 3.45533e-04 	 8.68398e-05 
0.688 	 4.18084e-04 	 3.33451e-04 	 8.46333e-05 
0.685 	 4.04205e-04 	 3.21702e-04 	 8.25038e-05 
0.682 	 3.90720e-04 	 3.10272e-04 	 8.04480e-05 
0.679 	 3.77610e-04 	 2.99147e-04 	 7.84625e-05 
0.676 	 3.64861e-04 	 2.88316e-04 	 7.65443e-05 
0.673 	 3.52457e-04 	 2.77766e-04 	 7.46905e-05 
0.671 	 3.40384e-04 	 2.67486e-04 	 7.28983e-05 
0.668 	 3.28629e-04 	 2.57464e-04 	 7.11651e-05 
0.665 	 3.17179e-04 	 2.47691e-04 	 6.94885e-05 
0.663 	 3.06022e-04 	 2.38156e-04 	 6.78660e-05 
0.660 	 2.95146e-04 	 2.28851e-04 	 6.62955e-05 
0.657 	 2.84540e-04 	 2.19765e-04 	 6.47748e-05 
0.655 	 2.74194e-04 	 2.10892e-04 	 6.33019e-05 
0.652 	 2.64097e-04 	 2.02222e-04 	 6.18749e-05 
0.649 	 2.54241e-04 	 1.93749e-04 	 6.04920e-05 
0.647 	 2.44615e-04 	 1.85464e-04 	 5.91514e-05 
0.644 	 2.35212e-04 	 1.77361e-04 	 5.78515e-05 
0.642 	 2.26024e-04 	 1.69433e-04 	 5.65907e-05 
0.639 	 2.17041e-04 	 1.61674e-04 	 5.53675e-05 
0.637 	 2.08257e-04 	 1.54077e-04 	 5.41805e-05 
0.634 	 1.99665e-04 	 1.46637e-04 	 5.30284e-05 
0.632 	 1.91258e-04 	 1.39348e-04 	 5.19097e-05 
0.630 	 1.83028e-04 	 1.32205e-04 	 5.08234e-05 
0.627 	 1.74971e-04 	 1.25203e-04 	 4.97681e-05 
0.625 	 1.67079e-04 	 1.18336e-04 	 4.87428e-05 
0.622 	 1.59347e-04 	 1.11601e-04 	 4.77463e-05 
0.620 	 1.51770e-04 	 1.04992e-04 	 4.67778e-05 
