Energy [eV] Ext Cross [um^2] Abs Cross [um^2] Sca Cross [um^2] 
3.000 	 1.74199e-04 	 1.73546e-04 	 6.52984e-07 
2.970 	 1.93041e-04 	 1.91546e-04 	 1.49570e-06 
2.941 	 2.14561e-04 	 2.11654e-04 	 2.90684e-06 
2.912 	 2.41171e-04 	 2.36150e-04 	 5.02067e-06 
2.884 	 2.72049e-04 	 2.64088e-04 	 7.96055e-06 
2.856 	 3.09850e-04 	 2.97987e-04 	 1.18636e-05 
2.829 	 3.52820e-04 	 3.35666e-04 	 1.71537e-05 
2.803 	 4.09153e-04 	 3.85156e-04 	 2.39967e-05 
2.777 	 4.76662e-04 	 4.43688e-04 	 3.29741e-05 
2.751 	 5.62008e-04 	 5.17274e-04 	 4.47340e-05 
2.726 	 6.72689e-04 	 6.12468e-04 	 6.02211e-05 
2.701 	 8.19759e-04 	 7.38917e-04 	 8.08426e-05 
2.677 	 1.01340e-03 	 9.04689e-04 	 1.08712e-04 
2.653 	 1.23319e-03 	 1.08617e-03 	 1.47016e-04 
2.630 	 1.51963e-03 	 1.31875e-03 	 2.00879e-04 
2.607 	 1.94298e-03 	 1.66416e-03 	 2.78824e-04 
2.584 	 2.57291e-03 	 2.17737e-03 	 3.95545e-04 
2.562 	 3.53708e-03 	 2.95941e-03 	 5.77665e-04 
2.540 	 5.07853e-03 	 4.20291e-03 	 8.75624e-04 
2.519 	 7.65902e-03 	 6.27200e-03 	 1.38701e-03 
2.498 	 1.20714e-02 	 9.78527e-03 	 2.28609e-03 
2.477 	 1.89177e-02 	 1.51855e-02 	 3.73227e-03 
2.457 	 2.51358e-02 	 1.99872e-02 	 5.14861e-03 
2.437 	 2.33508e-02 	 1.84000e-02 	 4.95080e-03 
2.417 	 1.63256e-02 	 1.27526e-02 	 3.57302e-03 
2.398 	 1.05945e-02 	 8.20687e-03 	 2.38762e-03 
2.378 	 7.06194e-03 	 5.42681e-03 	 1.63513e-03 
2.360 	 4.94259e-03 	 3.76920e-03 	 1.17338e-03 
2.341 	 3.62297e-03 	 2.74273e-03 	 8.80234e-04 
2.323 	 2.76097e-03 	 2.07563e-03 	 6.85334e-04 
2.305 	 2.17207e-03 	 1.62211e-03 	 5.49968e-04 
2.287 	 1.75377e-03 	 1.30147e-03 	 4.52303e-04 
2.270 	 1.44663e-03 	 1.06712e-03 	 3.79520e-04 
2.253 	 1.21476e-03 	 8.90981e-04 	 3.23780e-04 
2.236 	 1.03552e-03 	 7.55425e-04 	 2.80093e-04 
2.219 	 8.94099e-04 	 6.48937e-04 	 2.45162e-04 
2.203 	 7.80530e-04 	 5.63783e-04 	 2.16747e-04 
2.187 	 6.87921e-04 	 4.94635e-04 	 1.93286e-04 
2.171 	 6.11387e-04 	 4.37726e-04 	 1.73661e-04 
2.155 	 5.47384e-04 	 3.90328e-04 	 1.57056e-04 
2.140 	 4.93294e-04 	 3.50431e-04 	 1.42863e-04 
2.125 	 4.47148e-04 	 3.16528e-04 	 1.30620e-04 
2.110 	 4.07446e-04 	 2.87473e-04 	 1.19973e-04 
2.095 	 3.73028e-04 	 2.62380e-04 	 1.10647e-04 
2.080 	 3.42981e-04 	 2.40558e-04 	 1.02424e-04 
2.066 	 3.16585e-04 	 2.21457e-04 	 9.51288e-05 
2.052 	 2.93262e-04 	 2.04640e-04 	 8.86220e-05 
2.038 	 2.72546e-04 	 1.89757e-04 	 8.27892e-05 
2.024 	 2.54055e-04 	 1.76518e-04 	 7.75365e-05 
2.010 	 2.37475e-04 	 1.64688e-04 	 7.27862e-05 
1.997 	 2.22546e-04 	 1.54072e-04 	 6.84735e-05 
1.983 	 2.09052e-04 	 1.44508e-04 	 6.45440e-05 
1.970 	 1.96813e-04 	 1.35862e-04 	 6.09519e-05 
1.957 	 1.85676e-04 	 1.28018e-04 	 5.76581e-05 
1.945 	 1.75508e-04 	 1.20879e-04 	 5.46290e-05 
1.932 	 1.66197e-04 	 1.14361e-04 	 5.18357e-05 
1.920 	 1.57647e-04 	 1.08393e-04 	 4.92534e-05 
1.907 	 1.49776e-04 	 1.02915e-04 	 4.68606e-05 
1.895 	 1.42513e-04 	 9.78749e-05 	 4.46384e-05 
1.883 	 1.35797e-04 	 9.32261e-05 	 4.25705e-05 
1.871 	 1.29571e-04 	 8.89288e-05 	 4.06424e-05 
1.860 	 1.23789e-04 	 8.49479e-05 	 3.88413e-05 
1.848 	 1.18409e-04 	 8.12526e-05 	 3.71559e-05 
1.837 	 1.13392e-04 	 7.78158e-05 	 3.55762e-05 
1.826 	 1.08707e-04 	 7.46135e-05 	 3.40932e-05 
1.815 	 1.04324e-04 	 7.16246e-05 	 3.26989e-05 
1.804 	 1.00217e-04 	 6.88305e-05 	 3.13863e-05 
1.793 	 9.63632e-05 	 6.62144e-05 	 3.01488e-05 
1.782 	 9.27423e-05 	 6.37614e-05 	 2.89808e-05 
1.772 	 8.93350e-05 	 6.14580e-05 	 2.78770e-05 
1.761 	 8.61247e-05 	 5.92921e-05 	 2.68327e-05 
1.751 	 8.30961e-05 	 5.72526e-05 	 2.58435e-05 
1.741 	 8.02355e-05 	 5.53299e-05 	 2.49056e-05 
1.730 	 7.75304e-05 	 5.35150e-05 	 2.40154e-05 
1.720 	 7.49698e-05 	 5.18000e-05 	 2.31698e-05 
1.711 	 7.25432e-05 	 5.01775e-05 	 2.23656e-05 
1.701 	 7.02413e-05 	 4.86410e-05 	 2.16004e-05 
1.691 	 6.80558e-05 	 4.71844e-05 	 2.08714e-05 
1.682 	 6.59787e-05 	 4.58021e-05 	 2.01765e-05 
1.672 	 6.40029e-05 	 4.44893e-05 	 1.95136e-05 
1.663 	 6.21218e-05 	 4.32411e-05 	 1.88806e-05 
1.654 	 6.03294e-05 	 4.20535e-05 	 1.82759e-05 
1.645 	 5.86202e-05 	 4.09224e-05 	 1.76978e-05 
1.636 	 5.69890e-05 	 3.98444e-05 	 1.71446e-05 
1.627 	 5.54311e-05 	 3.88160e-05 	 1.66151e-05 
1.618 	 5.39421e-05 	 3.78343e-05 	 1.61078e-05 
1.609 	 5.25181e-05 	 3.68965e-05 	 1.56216e-05 
1.601 	 5.11552e-05 	 3.59999e-05 	 1.51553e-05 
1.592 	 4.98500e-05 	 3.51422e-05 	 1.47078e-05 
1.584 	 4.85993e-05 	 3.43211e-05 	 1.42782e-05 
1.575 	 4.73999e-05 	 3.35345e-05 	 1.38655e-05 
1.567 	 4.62493e-05 	 3.27805e-05 	 1.34688e-05 
1.559 	 4.51447e-05 	 3.20573e-05 	 1.30874e-05 
1.551 	 4.40838e-05 	 3.13633e-05 	 1.27205e-05 
1.543 	 4.30642e-05 	 3.06968e-05 	 1.23674e-05 
1.535 	 4.20838e-05 	 3.00565e-05 	 1.20273e-05 
1.527 	 4.11408e-05 	 2.94411e-05 	 1.16997e-05 
1.519 	 4.02331e-05 	 2.88491e-05 	 1.13840e-05 
1.511 	 3.93591e-05 	 2.82795e-05 	 1.10796e-05 
1.504 	 3.85172e-05 	 2.77311e-05 	 1.07860e-05 
1.496 	 3.77057e-05 	 2.72029e-05 	 1.05028e-05 
1.489 	 3.69233e-05 	 2.66940e-05 	 1.02293e-05 
1.481 	 3.61686e-05 	 2.62032e-05 	 9.96532e-06 
1.474 	 3.54402e-05 	 2.57299e-05 	 9.71029e-06 
1.467 	 3.47371e-05 	 2.52732e-05 	 9.46386e-06 
1.460 	 3.40580e-05 	 2.48323e-05 	 9.22565e-06 
1.453 	 3.34019e-05 	 2.44066e-05 	 8.99532e-06 
1.446 	 3.27678e-05 	 2.39953e-05 	 8.77253e-06 
1.439 	 3.21548e-05 	 2.35978e-05 	 8.55697e-06 
1.432 	 3.15619e-05 	 2.32135e-05 	 8.34834e-06 
1.425 	 3.09882e-05 	 2.28419e-05 	 8.14636e-06 
1.418 	 3.04331e-05 	 2.24823e-05 	 7.95076e-06 
1.411 	 2.98956e-05 	 2.21343e-05 	 7.76128e-06 
1.405 	 2.93750e-05 	 2.17974e-05 	 7.57767e-06 
1.398 	 2.88708e-05 	 2.14711e-05 	 7.39972e-06 
1.392 	 2.83821e-05 	 2.11549e-05 	 7.22719e-06 
1.385 	 2.79085e-05 	 2.08486e-05 	 7.05988e-06 
1.379 	 2.74492e-05 	 2.05517e-05 	 6.89759e-06 
1.372 	 2.70039e-05 	 2.02637e-05 	 6.74013e-06 
1.366 	 2.65718e-05 	 1.99845e-05 	 6.58731e-06 
1.360 	 2.61526e-05 	 1.97136e-05 	 6.43897e-06 
1.354 	 2.57457e-05 	 1.94507e-05 	 6.29495e-06 
1.348 	 2.53506e-05 	 1.91955e-05 	 6.15507e-06 
1.342 	 2.49670e-05 	 1.89478e-05 	 6.01920e-06 
1.336 	 2.45944e-05 	 1.87072e-05 	 5.88719e-06 
1.330 	 2.42324e-05 	 1.84735e-05 	 5.75889e-06 
1.324 	 2.38806e-05 	 1.82464e-05 	 5.63419e-06 
1.318 	 2.35386e-05 	 1.80257e-05 	 5.51295e-06 
1.312 	 2.32062e-05 	 1.78112e-05 	 5.39505e-06 
1.306 	 2.28830e-05 	 1.76026e-05 	 5.28038e-06 
1.301 	 2.25686e-05 	 1.73998e-05 	 5.16883e-06 
1.295 	 2.22628e-05 	 1.72025e-05 	 5.06029e-06 
1.289 	 2.19652e-05 	 1.70106e-05 	 4.95467e-06 
1.284 	 2.16757e-05 	 1.68238e-05 	 4.85185e-06 
1.278 	 2.13939e-05 	 1.66421e-05 	 4.75176e-06 
1.273 	 2.11195e-05 	 1.64652e-05 	 4.65429e-06 
1.268 	 2.08523e-05 	 1.62930e-05 	 4.55937e-06 
1.262 	 2.05922e-05 	 1.61253e-05 	 4.46692e-06 
1.257 	 2.03388e-05 	 1.59619e-05 	 4.37684e-06 
1.252 	 2.00919e-05 	 1.58029e-05 	 4.28907e-06 
1.246 	 1.98514e-05 	 1.56479e-05 	 4.20353e-06 
1.241 	 1.96170e-05 	 1.54969e-05 	 4.12016e-06 
1.236 	 1.93886e-05 	 1.53497e-05 	 4.03888e-06 
1.231 	 1.91660e-05 	 1.52063e-05 	 3.95963e-06 
1.226 	 1.89489e-05 	 1.50665e-05 	 3.88235e-06 
1.221 	 1.87372e-05 	 1.49303e-05 	 3.80697e-06 
1.216 	 1.85308e-05 	 1.47974e-05 	 3.73344e-06 
1.211 	 1.83295e-05 	 1.46678e-05 	 3.66171e-06 
1.206 	 1.81332e-05 	 1.45415e-05 	 3.59171e-06 
1.201 	 1.79416e-05 	 1.44182e-05 	 3.52340e-06 
1.196 	 1.77547e-05 	 1.42980e-05 	 3.45673e-06 
1.192 	 1.75723e-05 	 1.41807e-05 	 3.39164e-06 
1.187 	 1.73944e-05 	 1.40663e-05 	 3.32810e-06 
1.182 	 1.72206e-05 	 1.39546e-05 	 3.26605e-06 
1.178 	 1.70511e-05 	 1.38456e-05 	 3.20545e-06 
1.173 	 1.68855e-05 	 1.37393e-05 	 3.14627e-06 
1.168 	 1.67239e-05 	 1.36355e-05 	 3.08846e-06 
1.164 	 1.65661e-05 	 1.35342e-05 	 3.03198e-06 
1.159 	 1.64120e-05 	 1.34353e-05 	 2.97679e-06 
1.155 	 1.62616e-05 	 1.33387e-05 	 2.92286e-06 
1.150 	 1.61146e-05 	 1.32444e-05 	 2.87016e-06 
1.146 	 1.59710e-05 	 1.31524e-05 	 2.81864e-06 
1.141 	 1.58308e-05 	 1.30625e-05 	 2.76828e-06 
1.137 	 1.56938e-05 	 1.29747e-05 	 2.71904e-06 
1.133 	 1.55599e-05 	 1.28890e-05 	 2.67090e-06 
1.129 	 1.54291e-05 	 1.28053e-05 	 2.62382e-06 
1.124 	 1.53013e-05 	 1.27235e-05 	 2.57778e-06 
1.120 	 1.51764e-05 	 1.26437e-05 	 2.53274e-06 
1.116 	 1.50543e-05 	 1.25657e-05 	 2.48868e-06 
1.112 	 1.49350e-05 	 1.24895e-05 	 2.44558e-06 
1.108 	 1.48184e-05 	 1.24150e-05 	 2.40340e-06 
1.104 	 1.47045e-05 	 1.23423e-05 	 2.36213e-06 
1.099 	 1.45931e-05 	 1.22713e-05 	 2.32174e-06 
1.095 	 1.44841e-05 	 1.22019e-05 	 2.28221e-06 
1.091 	 1.43777e-05 	 1.21342e-05 	 2.24352e-06 
1.087 	 1.42736e-05 	 1.20679e-05 	 2.20563e-06 
1.083 	 1.41718e-05 	 1.20033e-05 	 2.16855e-06 
1.080 	 1.40723e-05 	 1.19401e-05 	 2.13223e-06 
1.076 	 1.39750e-05 	 1.18783e-05 	 2.09667e-06 
1.072 	 1.38799e-05 	 1.18180e-05 	 2.06184e-06 
1.068 	 1.37869e-05 	 1.17591e-05 	 2.02773e-06 
1.064 	 1.36959e-05 	 1.17016e-05 	 1.99432e-06 
1.060 	 1.36069e-05 	 1.16454e-05 	 1.96158e-06 
1.057 	 1.35199e-05 	 1.15904e-05 	 1.92951e-06 
1.053 	 1.34349e-05 	 1.15368e-05 	 1.89809e-06 
1.049 	 1.33517e-05 	 1.14844e-05 	 1.86730e-06 
1.046 	 1.32703e-05 	 1.14332e-05 	 1.83713e-06 
1.042 	 1.31907e-05 	 1.13832e-05 	 1.80756e-06 
1.038 	 1.31129e-05 	 1.13343e-05 	 1.77857e-06 
1.035 	 1.30368e-05 	 1.12866e-05 	 1.75016e-06 
1.031 	 1.29624e-05 	 1.12401e-05 	 1.72231e-06 
1.028 	 1.28896e-05 	 1.11946e-05 	 1.69500e-06 
1.024 	 1.28184e-05 	 1.11502e-05 	 1.66822e-06 
1.021 	 1.27488e-05 	 1.11068e-05 	 1.64197e-06 
1.017 	 1.26807e-05 	 1.10645e-05 	 1.61622e-06 
1.014 	 1.26142e-05 	 1.10232e-05 	 1.59097e-06 
1.010 	 1.25491e-05 	 1.09829e-05 	 1.56620e-06 
1.007 	 1.24854e-05 	 1.09435e-05 	 1.54191e-06 
1.003 	 1.24232e-05 	 1.09051e-05 	 1.51808e-06 
1.000 	 1.23623e-05 	 1.08676e-05 	 1.49470e-06 
