Energy [eV] Ext Cross [um^2] Abs Cross [um^2] Sca Cross [um^2] 
2.756 	 8.68257e-06 	 8.66645e-06 	 1.61229e-08 
2.751 	 8.87485e-06 	 8.85792e-06 	 1.69253e-08 
2.746 	 9.07345e-06 	 9.05569e-06 	 1.77605e-08 
2.742 	 9.27834e-06 	 9.25971e-06 	 1.86301e-08 
2.737 	 9.48939e-06 	 9.46986e-06 	 1.95357e-08 
2.733 	 9.70678e-06 	 9.68630e-06 	 2.04790e-08 
2.728 	 9.93087e-06 	 9.90941e-06 	 2.14613e-08 
2.724 	 1.01621e-05 	 1.01396e-05 	 2.24844e-08 
2.719 	 1.04007e-05 	 1.03771e-05 	 2.35501e-08 
2.715 	 1.06472e-05 	 1.06225e-05 	 2.46603e-08 
2.710 	 1.09019e-05 	 1.08761e-05 	 2.58171e-08 
2.706 	 1.11653e-05 	 1.11383e-05 	 2.70227e-08 
2.701 	 1.14378e-05 	 1.14095e-05 	 2.82795e-08 
2.697 	 1.17198e-05 	 1.16902e-05 	 2.95901e-08 
2.692 	 1.20119e-05 	 1.19809e-05 	 3.09568e-08 
2.688 	 1.23144e-05 	 1.22820e-05 	 3.23823e-08 
2.684 	 1.26280e-05 	 1.25941e-05 	 3.38696e-08 
2.679 	 1.29531e-05 	 1.29177e-05 	 3.54217e-08 
2.675 	 1.32903e-05 	 1.32533e-05 	 3.70419e-08 
2.671 	 1.36401e-05 	 1.36014e-05 	 3.87338e-08 
2.666 	 1.40032e-05 	 1.39627e-05 	 4.05013e-08 
2.662 	 1.43801e-05 	 1.43378e-05 	 4.23480e-08 
2.658 	 1.47717e-05 	 1.47274e-05 	 4.42783e-08 
2.653 	 1.51787e-05 	 1.51324e-05 	 4.62963e-08 
2.649 	 1.56018e-05 	 1.55534e-05 	 4.84067e-08 
2.645 	 1.60419e-05 	 1.59913e-05 	 5.06147e-08 
2.641 	 1.64998e-05 	 1.64469e-05 	 5.29254e-08 
2.636 	 1.69764e-05 	 1.69211e-05 	 5.53448e-08 
2.632 	 1.74728e-05 	 1.74149e-05 	 5.78792e-08 
2.628 	 1.79899e-05 	 1.79293e-05 	 6.05352e-08 
2.624 	 1.85290e-05 	 1.84657e-05 	 6.33200e-08 
2.620 	 1.90914e-05 	 1.90251e-05 	 6.62413e-08 
2.615 	 1.96785e-05 	 1.96092e-05 	 6.93073e-08 
2.611 	 2.02917e-05 	 2.02192e-05 	 7.25267e-08 
2.607 	 2.09327e-05 	 2.08568e-05 	 7.59091e-08 
2.603 	 2.16032e-05 	 2.15238e-05 	 7.94648e-08 
2.599 	 2.23050e-05 	 2.22218e-05 	 8.32048e-08 
2.595 	 2.30400e-05 	 2.29529e-05 	 8.71410e-08 
2.591 	 2.38103e-05 	 2.37190e-05 	 9.12861e-08 
2.587 	 2.46181e-05 	 2.45225e-05 	 9.56537e-08 
2.583 	 2.54659e-05 	 2.53657e-05 	 1.00259e-07 
2.578 	 2.63563e-05 	 2.62512e-05 	 1.05117e-07 
2.574 	 2.72921e-05 	 2.71818e-05 	 1.10247e-07 
2.570 	 2.82764e-05 	 2.81607e-05 	 1.15667e-07 
2.566 	 2.93124e-05 	 2.91910e-05 	 1.21397e-07 
2.562 	 3.04039e-05 	 3.02765e-05 	 1.27462e-07 
2.558 	 3.15548e-05 	 3.14209e-05 	 1.33884e-07 
2.554 	 3.27693e-05 	 3.26286e-05 	 1.40690e-07 
2.550 	 3.40520e-05 	 3.39041e-05 	 1.47910e-07 
2.547 	 3.54081e-05 	 3.52526e-05 	 1.55576e-07 
2.543 	 3.68432e-05 	 3.66795e-05 	 1.63722e-07 
2.539 	 3.83632e-05 	 3.81909e-05 	 1.72387e-07 
2.535 	 3.99750e-05 	 3.97934e-05 	 1.81612e-07 
2.531 	 4.16858e-05 	 4.14943e-05 	 1.91445e-07 
2.527 	 4.35036e-05 	 4.33017e-05 	 2.01937e-07 
2.523 	 4.54374e-05 	 4.52243e-05 	 2.13143e-07 
2.519 	 4.74970e-05 	 4.72718e-05 	 2.25126e-07 
2.515 	 4.96930e-05 	 4.94551e-05 	 2.37955e-07 
2.512 	 5.20376e-05 	 5.17859e-05 	 2.51706e-07 
2.508 	 5.45440e-05 	 5.42775e-05 	 2.66463e-07 
2.504 	 5.72269e-05 	 5.69446e-05 	 2.82322e-07 
2.500 	 6.01027e-05 	 5.98033e-05 	 2.99388e-07 
2.496 	 6.31897e-05 	 6.28720e-05 	 3.17779e-07 
2.493 	 6.65084e-05 	 6.61708e-05 	 3.37627e-07 
2.489 	 7.00816e-05 	 6.97225e-05 	 3.59079e-07 
2.485 	 7.39349e-05 	 7.35526e-05 	 3.82302e-07 
2.481 	 7.80972e-05 	 7.76897e-05 	 4.07483e-07 
2.478 	 8.26008e-05 	 8.21659e-05 	 4.34833e-07 
2.474 	 8.74823e-05 	 8.70177e-05 	 4.64591e-07 
2.470 	 9.27830e-05 	 9.22860e-05 	 4.97027e-07 
2.466 	 9.85498e-05 	 9.80173e-05 	 5.32449e-07 
2.463 	 1.04836e-04 	 1.04264e-04 	 5.71207e-07 
2.459 	 1.11701e-04 	 1.11087e-04 	 6.13698e-07 
2.455 	 1.19214e-04 	 1.18554e-04 	 6.60378e-07 
2.452 	 1.27454e-04 	 1.26742e-04 	 7.11765e-07 
2.448 	 1.36509e-04 	 1.35740e-04 	 7.68453e-07 
2.444 	 1.46480e-04 	 1.45649e-04 	 8.31122e-07 
2.441 	 1.57485e-04 	 1.56584e-04 	 9.00550e-07 
2.437 	 1.69655e-04 	 1.68677e-04 	 9.77631e-07 
2.434 	 1.83141e-04 	 1.82077e-04 	 1.06339e-06 
2.430 	 1.98115e-04 	 1.96956e-04 	 1.15898e-06 
2.426 	 2.14771e-04 	 2.13505e-04 	 1.26575e-06 
2.423 	 2.33328e-04 	 2.31943e-04 	 1.38520e-06 
2.419 	 2.54030e-04 	 2.52511e-04 	 1.51901e-06 
2.416 	 2.77144e-04 	 2.75475e-04 	 1.66907e-06 
2.412 	 3.02960e-04 	 3.01122e-04 	 1.83741e-06 
2.409 	 3.31778e-04 	 3.29752e-04 	 2.02621e-06 
2.405 	 3.63899e-04 	 3.61662e-04 	 2.23766e-06 
2.402 	 3.99596e-04 	 3.97122e-04 	 2.47385e-06 
2.398 	 4.39077e-04 	 4.36340e-04 	 2.73649e-06 
2.395 	 4.82425e-04 	 4.79399e-04 	 3.02656e-06 
2.391 	 5.29523e-04 	 5.26179e-04 	 3.34375e-06 
2.388 	 5.79941e-04 	 5.76255e-04 	 3.68577e-06 
2.384 	 6.32819e-04 	 6.28772e-04 	 4.04748e-06 
2.381 	 6.86741e-04 	 6.82321e-04 	 4.42001e-06 
2.377 	 7.39649e-04 	 7.34859e-04 	 4.79015e-06 
2.374 	 7.88855e-04 	 7.83715e-04 	 5.14019e-06 
2.370 	 8.31209e-04 	 8.25760e-04 	 5.44903e-06 
2.367 	 8.63465e-04 	 8.57770e-04 	 5.69440e-06 
2.364 	 8.82810e-04 	 8.76953e-04 	 5.85643e-06 
2.360 	 8.87432e-04 	 8.81511e-04 	 5.92152e-06 
2.357 	 8.76934e-04 	 8.71048e-04 	 5.88526e-06 
2.353 	 8.52417e-04 	 8.46664e-04 	 5.75337e-06 
2.350 	 8.16224e-04 	 8.10684e-04 	 5.54014e-06 
2.347 	 7.71419e-04 	 7.66153e-04 	 5.26519e-06 
2.343 	 7.21227e-04 	 7.16277e-04 	 4.94969e-06 
2.340 	 6.68577e-04 	 6.63964e-04 	 4.61331e-06 
2.337 	 6.15844e-04 	 6.11571e-04 	 4.27226e-06 
2.333 	 5.64758e-04 	 5.60819e-04 	 3.93865e-06 
2.330 	 5.16455e-04 	 5.12834e-04 	 3.62066e-06 
2.327 	 4.71580e-04 	 4.68257e-04 	 3.32319e-06 
2.324 	 4.30414e-04 	 4.27366e-04 	 3.04861e-06 
2.320 	 3.92983e-04 	 3.90185e-04 	 2.79756e-06 
2.317 	 3.59152e-04 	 3.56582e-04 	 2.56949e-06 
2.314 	 3.28692e-04 	 3.26329e-04 	 2.36318e-06 
2.310 	 3.01329e-04 	 2.99152e-04 	 2.17701e-06 
2.307 	 2.76773e-04 	 2.74764e-04 	 2.00923e-06 
2.304 	 2.54738e-04 	 2.52880e-04 	 1.85807e-06 
2.301 	 2.34954e-04 	 2.33232e-04 	 1.72183e-06 
2.298 	 2.17172e-04 	 2.15573e-04 	 1.59891e-06 
2.294 	 2.01166e-04 	 1.99678e-04 	 1.48788e-06 
2.291 	 1.86735e-04 	 1.85347e-04 	 1.38741e-06 
2.288 	 1.73699e-04 	 1.72403e-04 	 1.29634e-06 
2.285 	 1.61900e-04 	 1.60686e-04 	 1.21365e-06 
2.282 	 1.51199e-04 	 1.50060e-04 	 1.13839e-06 
2.278 	 1.41473e-04 	 1.40403e-04 	 1.06978e-06 
2.275 	 1.32615e-04 	 1.31608e-04 	 1.00710e-06 
2.272 	 1.24531e-04 	 1.23582e-04 	 9.49707e-07 
2.269 	 1.17138e-04 	 1.16241e-04 	 8.97063e-07 
2.266 	 1.10364e-04 	 1.09515e-04 	 8.48676e-07 
2.263 	 1.04144e-04 	 1.03339e-04 	 8.04116e-07 
2.260 	 9.84213e-05 	 9.76583e-05 	 7.63001e-07 
2.257 	 9.31473e-05 	 9.24223e-05 	 7.24996e-07 
2.254 	 8.82776e-05 	 8.75878e-05 	 6.89803e-07 
2.250 	 8.37731e-05 	 8.31160e-05 	 6.57156e-07 
2.247 	 7.95995e-05 	 7.89726e-05 	 6.26821e-07 
2.244 	 7.57259e-05 	 7.51273e-05 	 5.98587e-07 
2.241 	 7.21250e-05 	 7.15527e-05 	 5.72268e-07 
2.238 	 6.87724e-05 	 6.82247e-05 	 5.47696e-07 
2.235 	 6.56462e-05 	 6.51215e-05 	 5.24721e-07 
2.232 	 6.27271e-05 	 6.22239e-05 	 5.03208e-07 
2.229 	 5.99974e-05 	 5.95143e-05 	 4.83038e-07 
2.226 	 5.74413e-05 	 5.69772e-05 	 4.64099e-07 
2.223 	 5.50447e-05 	 5.45984e-05 	 4.46296e-07 
2.220 	 5.27948e-05 	 5.23653e-05 	 4.29537e-07 
2.217 	 5.06800e-05 	 5.02663e-05 	 4.13744e-07 
2.214 	 4.86899e-05 	 4.82911e-05 	 3.98843e-07 
2.211 	 4.68149e-05 	 4.64302e-05 	 3.84768e-07 
2.208 	 4.50466e-05 	 4.46751e-05 	 3.71459e-07 
2.205 	 4.33769e-05 	 4.30180e-05 	 3.58860e-07 
2.202 	 4.17988e-05 	 4.14519e-05 	 3.46923e-07 
2.199 	 4.03058e-05 	 3.99702e-05 	 3.35600e-07 
2.196 	 3.88920e-05 	 3.85671e-05 	 3.24851e-07 
2.193 	 3.75518e-05 	 3.72372e-05 	 3.14636e-07 
2.191 	 3.62804e-05 	 3.59754e-05 	 3.04921e-07 
2.188 	 3.50730e-05 	 3.47773e-05 	 2.95673e-07 
2.185 	 3.39256e-05 	 3.36387e-05 	 2.86862e-07 
2.182 	 3.28342e-05 	 3.25557e-05 	 2.78461e-07 
2.179 	 3.17952e-05 	 3.15248e-05 	 2.70444e-07 
2.176 	 3.08054e-05 	 3.05426e-05 	 2.62787e-07 
2.173 	 2.98618e-05 	 2.96063e-05 	 2.55470e-07 
2.170 	 2.89614e-05 	 2.87129e-05 	 2.48472e-07 
2.167 	 2.81018e-05 	 2.78600e-05 	 2.41775e-07 
2.165 	 2.72805e-05 	 2.70451e-05 	 2.35360e-07 
2.162 	 2.64952e-05 	 2.62660e-05 	 2.29213e-07 
2.159 	 2.57440e-05 	 2.55207e-05 	 2.23318e-07 
2.156 	 2.50248e-05 	 2.48071e-05 	 2.17661e-07 
2.153 	 2.43358e-05 	 2.41236e-05 	 2.12230e-07 
2.150 	 2.36755e-05 	 2.34685e-05 	 2.07012e-07 
2.148 	 2.30422e-05 	 2.28402e-05 	 2.01995e-07 
2.145 	 2.24344e-05 	 2.22373e-05 	 1.97171e-07 
2.142 	 2.18509e-05 	 2.16584e-05 	 1.92528e-07 
2.139 	 2.12903e-05 	 2.11022e-05 	 1.88057e-07 
2.136 	 2.07515e-05 	 2.05677e-05 	 1.83750e-07 
2.134 	 2.02333e-05 	 2.00537e-05 	 1.79599e-07 
2.131 	 1.97347e-05 	 1.95591e-05 	 1.75595e-07 
2.128 	 1.92548e-05 	 1.90830e-05 	 1.71733e-07 
2.125 	 1.87925e-05 	 1.86245e-05 	 1.68005e-07 
2.123 	 1.83471e-05 	 1.81827e-05 	 1.64405e-07 
2.120 	 1.79178e-05 	 1.77569e-05 	 1.60926e-07 
2.117 	 1.75037e-05 	 1.73461e-05 	 1.57564e-07 
2.114 	 1.71042e-05 	 1.69499e-05 	 1.54314e-07 
2.112 	 1.67185e-05 	 1.65674e-05 	 1.51169e-07 
2.109 	 1.63461e-05 	 1.61980e-05 	 1.48125e-07 
2.106 	 1.59864e-05 	 1.58412e-05 	 1.45179e-07 
2.104 	 1.56387e-05 	 1.54963e-05 	 1.42325e-07 
2.101 	 1.53025e-05 	 1.51630e-05 	 1.39560e-07 
2.098 	 1.49774e-05 	 1.48405e-05 	 1.36880e-07 
2.096 	 1.46628e-05 	 1.45285e-05 	 1.34281e-07 
2.093 	 1.43583e-05 	 1.42266e-05 	 1.31761e-07 
2.090 	 1.40635e-05 	 1.39342e-05 	 1.29315e-07 
2.088 	 1.37780e-05 	 1.36510e-05 	 1.26942e-07 
2.085 	 1.35013e-05 	 1.33766e-05 	 1.24637e-07 
2.082 	 1.32331e-05 	 1.31107e-05 	 1.22398e-07 
2.080 	 1.29731e-05 	 1.28529e-05 	 1.20223e-07 
2.077 	 1.27209e-05 	 1.26028e-05 	 1.18109e-07 
2.074 	 1.24762e-05 	 1.23602e-05 	 1.16054e-07 
2.072 	 1.22388e-05 	 1.21247e-05 	 1.14056e-07 
2.069 	 1.20083e-05 	 1.18961e-05 	 1.12112e-07 
2.067 	 1.17844e-05 	 1.16742e-05 	 1.10220e-07 
