Energy [eV] Ext Cross [um^2] Abs Cross [um^2] Sca Cross [um^2] 
2.756 	 8.58144e-06 	 8.56576e-06 	 1.56824e-08 
2.751 	 8.76958e-06 	 8.75312e-06 	 1.64577e-08 
2.746 	 8.96397e-06 	 8.94671e-06 	 1.72643e-08 
2.742 	 9.16456e-06 	 9.14646e-06 	 1.81036e-08 
2.737 	 9.37123e-06 	 9.35225e-06 	 1.89772e-08 
2.733 	 9.58415e-06 	 9.56426e-06 	 1.98866e-08 
2.728 	 9.80367e-06 	 9.78284e-06 	 2.08332e-08 
2.724 	 1.00302e-05 	 1.00083e-05 	 2.18184e-08 
2.719 	 1.02640e-05 	 1.02411e-05 	 2.28441e-08 
2.715 	 1.05055e-05 	 1.04816e-05 	 2.39120e-08 
2.710 	 1.07552e-05 	 1.07302e-05 	 2.50242e-08 
2.706 	 1.10133e-05 	 1.09872e-05 	 2.61827e-08 
2.701 	 1.12803e-05 	 1.12529e-05 	 2.73900e-08 
2.697 	 1.15563e-05 	 1.15277e-05 	 2.86481e-08 
2.692 	 1.18416e-05 	 1.18117e-05 	 2.99595e-08 
2.688 	 1.21364e-05 	 1.21051e-05 	 3.13267e-08 
2.684 	 1.24407e-05 	 1.24079e-05 	 3.27523e-08 
2.679 	 1.27547e-05 	 1.27204e-05 	 3.42392e-08 
2.675 	 1.30788e-05 	 1.30431e-05 	 3.57905e-08 
2.671 	 1.34138e-05 	 1.33764e-05 	 3.74095e-08 
2.666 	 1.37603e-05 	 1.37212e-05 	 3.90997e-08 
2.662 	 1.41194e-05 	 1.40786e-05 	 4.08647e-08 
2.658 	 1.44922e-05 	 1.44495e-05 	 4.27082e-08 
2.653 	 1.48795e-05 	 1.48349e-05 	 4.46344e-08 
2.649 	 1.52824e-05 	 1.52358e-05 	 4.66475e-08 
2.645 	 1.57017e-05 	 1.56530e-05 	 4.87521e-08 
2.641 	 1.61383e-05 	 1.60873e-05 	 5.09532e-08 
2.636 	 1.65929e-05 	 1.65396e-05 	 5.32562e-08 
2.632 	 1.70665e-05 	 1.70108e-05 	 5.56669e-08 
2.628 	 1.75600e-05 	 1.75018e-05 	 5.81914e-08 
2.624 	 1.80746e-05 	 1.80137e-05 	 6.08363e-08 
2.620 	 1.86113e-05 	 1.85477e-05 	 6.36086e-08 
2.615 	 1.91714e-05 	 1.91049e-05 	 6.65158e-08 
2.611 	 1.97564e-05 	 1.96868e-05 	 6.95660e-08 
2.607 	 2.03675e-05 	 2.02947e-05 	 7.27679e-08 
2.603 	 2.10064e-05 	 2.09303e-05 	 7.61309e-08 
2.599 	 2.16747e-05 	 2.15950e-05 	 7.96650e-08 
2.595 	 2.23741e-05 	 2.22907e-05 	 8.33811e-08 
2.591 	 2.31066e-05 	 2.30193e-05 	 8.72908e-08 
2.587 	 2.38742e-05 	 2.37827e-05 	 9.14065e-08 
2.583 	 2.46791e-05 	 2.45833e-05 	 9.57417e-08 
2.578 	 2.55237e-05 	 2.54233e-05 	 1.00311e-07 
2.574 	 2.64105e-05 	 2.63054e-05 	 1.05130e-07 
2.570 	 2.73425e-05 	 2.72323e-05 	 1.10217e-07 
2.566 	 2.83226e-05 	 2.82070e-05 	 1.15589e-07 
2.562 	 2.93540e-05 	 2.92327e-05 	 1.21267e-07 
2.558 	 3.04404e-05 	 3.03131e-05 	 1.27274e-07 
2.554 	 3.15856e-05 	 3.14520e-05 	 1.33633e-07 
2.550 	 3.27938e-05 	 3.26535e-05 	 1.40370e-07 
2.547 	 3.40697e-05 	 3.39222e-05 	 1.47514e-07 
2.543 	 3.54182e-05 	 3.52631e-05 	 1.55095e-07 
2.539 	 3.68448e-05 	 3.66817e-05 	 1.63149e-07 
2.535 	 3.83555e-05 	 3.81838e-05 	 1.71713e-07 
2.531 	 3.99569e-05 	 3.97761e-05 	 1.80827e-07 
2.527 	 4.16561e-05 	 4.14656e-05 	 1.90537e-07 
2.523 	 4.34612e-05 	 4.32603e-05 	 2.00893e-07 
2.519 	 4.53808e-05 	 4.51688e-05 	 2.11949e-07 
2.515 	 4.74245e-05 	 4.72007e-05 	 2.23767e-07 
2.512 	 4.96029e-05 	 4.93665e-05 	 2.36413e-07 
2.508 	 5.19279e-05 	 5.16779e-05 	 2.49962e-07 
2.504 	 5.44123e-05 	 5.41478e-05 	 2.64496e-07 
2.500 	 5.70706e-05 	 5.67905e-05 	 2.80106e-07 
2.496 	 5.99190e-05 	 5.96221e-05 	 2.96897e-07 
2.493 	 6.29753e-05 	 6.26603e-05 	 3.14982e-07 
2.489 	 6.62594e-05 	 6.59250e-05 	 3.34488e-07 
2.485 	 6.97939e-05 	 6.94383e-05 	 3.55560e-07 
2.481 	 7.36035e-05 	 7.32252e-05 	 3.78358e-07 
2.478 	 7.77166e-05 	 7.73136e-05 	 4.03064e-07 
2.474 	 8.21647e-05 	 8.17348e-05 	 4.29881e-07 
2.470 	 8.69834e-05 	 8.65244e-05 	 4.59041e-07 
2.466 	 9.22130e-05 	 9.17222e-05 	 4.90804e-07 
2.463 	 9.78991e-05 	 9.73736e-05 	 5.25468e-07 
2.459 	 1.04093e-04 	 1.03530e-04 	 5.63370e-07 
2.455 	 1.10854e-04 	 1.10249e-04 	 6.04892e-07 
2.452 	 1.18248e-04 	 1.17597e-04 	 6.50473e-07 
2.448 	 1.26351e-04 	 1.25650e-04 	 7.00609e-07 
2.444 	 1.35248e-04 	 1.34493e-04 	 7.55871e-07 
2.441 	 1.45040e-04 	 1.44223e-04 	 8.16911e-07 
2.437 	 1.55837e-04 	 1.54952e-04 	 8.84475e-07 
2.434 	 1.67767e-04 	 1.66808e-04 	 9.59417e-07 
2.430 	 1.80977e-04 	 1.79934e-04 	 1.04272e-06 
2.426 	 1.95631e-04 	 1.94496e-04 	 1.13549e-06 
2.423 	 2.11918e-04 	 2.10679e-04 	 1.23900e-06 
2.419 	 2.30048e-04 	 2.28693e-04 	 1.35469e-06 
2.416 	 2.50255e-04 	 2.48771e-04 	 1.48417e-06 
2.412 	 2.72799e-04 	 2.71170e-04 	 1.62923e-06 
2.409 	 2.97959e-04 	 2.96168e-04 	 1.79183e-06 
2.405 	 3.26028e-04 	 3.24054e-04 	 1.97404e-06 
2.402 	 3.57299e-04 	 3.55121e-04 	 2.17800e-06 
2.398 	 3.92042e-04 	 3.89636e-04 	 2.40572e-06 
2.395 	 4.30472e-04 	 4.27813e-04 	 2.65894e-06 
2.391 	 4.72693e-04 	 4.69754e-04 	 2.93871e-06 
2.388 	 5.18622e-04 	 5.15377e-04 	 3.24496e-06 
2.384 	 5.67899e-04 	 5.64323e-04 	 3.57580e-06 
2.381 	 6.19759e-04 	 6.15832e-04 	 3.92677e-06 
2.377 	 6.72922e-04 	 6.68632e-04 	 4.28996e-06 
2.374 	 7.25496e-04 	 7.20843e-04 	 4.65336e-06 
2.370 	 7.74967e-04 	 7.69967e-04 	 5.00063e-06 
2.367 	 8.18330e-04 	 8.13018e-04 	 5.31187e-06 
2.364 	 8.52404e-04 	 8.46839e-04 	 5.56558e-06 
2.360 	 8.74320e-04 	 8.68578e-04 	 5.74181e-06 
2.357 	 8.82068e-04 	 8.76242e-04 	 5.82592e-06 
2.353 	 8.74946e-04 	 8.69134e-04 	 5.81161e-06 
2.350 	 8.53716e-04 	 8.48014e-04 	 5.70233e-06 
2.347 	 8.20424e-04 	 8.14914e-04 	 5.51024e-06 
2.343 	 7.77942e-04 	 7.72688e-04 	 5.25344e-06 
2.340 	 7.29420e-04 	 7.24468e-04 	 4.95233e-06 
2.337 	 6.77816e-04 	 6.73190e-04 	 4.62648e-06 
2.333 	 6.25593e-04 	 6.21300e-04 	 4.29249e-06 
2.330 	 5.74598e-04 	 5.70635e-04 	 3.96308e-06 
2.327 	 5.26085e-04 	 5.22438e-04 	 3.64710e-06 
2.324 	 4.80801e-04 	 4.77451e-04 	 3.35007e-06 
2.320 	 4.39106e-04 	 4.36031e-04 	 3.07487e-06 
2.317 	 4.01085e-04 	 3.98263e-04 	 2.82252e-06 
2.314 	 3.66646e-04 	 3.64054e-04 	 2.59277e-06 
2.310 	 3.35588e-04 	 3.33204e-04 	 2.38460e-06 
2.307 	 3.07653e-04 	 3.05457e-04 	 2.19652e-06 
2.304 	 2.82561e-04 	 2.80534e-04 	 2.02687e-06 
2.301 	 2.60030e-04 	 2.58156e-04 	 1.87393e-06 
2.298 	 2.39791e-04 	 2.38055e-04 	 1.73602e-06 
2.294 	 2.21595e-04 	 2.19983e-04 	 1.61158e-06 
2.291 	 2.05214e-04 	 2.03715e-04 	 1.49914e-06 
2.288 	 1.90443e-04 	 1.89046e-04 	 1.39740e-06 
2.285 	 1.77101e-04 	 1.75795e-04 	 1.30519e-06 
2.282 	 1.65025e-04 	 1.63804e-04 	 1.22146e-06 
2.278 	 1.54075e-04 	 1.52929e-04 	 1.14529e-06 
2.275 	 1.44124e-04 	 1.43048e-04 	 1.07585e-06 
2.272 	 1.35063e-04 	 1.34051e-04 	 1.01242e-06 
2.269 	 1.26796e-04 	 1.25841e-04 	 9.54373e-07 
2.266 	 1.19237e-04 	 1.18336e-04 	 9.01136e-07 
2.263 	 1.12312e-04 	 1.11460e-04 	 8.52219e-07 
2.260 	 1.05955e-04 	 1.05148e-04 	 8.07183e-07 
2.257 	 1.00109e-04 	 9.93429e-05 	 7.65642e-07 
2.254 	 9.47215e-05 	 9.39943e-05 	 7.27255e-07 
2.250 	 8.97487e-05 	 8.90570e-05 	 6.91719e-07 
2.247 	 8.51501e-05 	 8.44914e-05 	 6.58764e-07 
2.244 	 8.08903e-05 	 8.02621e-05 	 6.28151e-07 
2.241 	 7.69377e-05 	 7.63380e-05 	 5.99668e-07 
2.238 	 7.32643e-05 	 7.26911e-05 	 5.73124e-07 
2.235 	 6.98450e-05 	 6.92966e-05 	 5.48349e-07 
2.232 	 6.66574e-05 	 6.61322e-05 	 5.25191e-07 
2.229 	 6.36815e-05 	 6.31780e-05 	 5.03513e-07 
2.226 	 6.08994e-05 	 6.04162e-05 	 4.83192e-07 
2.223 	 5.82949e-05 	 5.78308e-05 	 4.64119e-07 
2.220 	 5.58534e-05 	 5.54072e-05 	 4.46192e-07 
2.217 	 5.35618e-05 	 5.31325e-05 	 4.29323e-07 
2.214 	 5.14083e-05 	 5.09949e-05 	 4.13430e-07 
2.211 	 4.93822e-05 	 4.89838e-05 	 3.98438e-07 
2.208 	 4.74737e-05 	 4.70894e-05 	 3.84280e-07 
2.205 	 4.56740e-05 	 4.53031e-05 	 3.70896e-07 
2.202 	 4.39752e-05 	 4.36170e-05 	 3.58230e-07 
2.199 	 4.23698e-05 	 4.20236e-05 	 3.46232e-07 
2.196 	 4.08513e-05 	 4.05165e-05 	 3.34854e-07 
2.193 	 3.94136e-05 	 3.90895e-05 	 3.24054e-07 
2.191 	 3.80510e-05 	 3.77372e-05 	 3.13794e-07 
2.188 	 3.67585e-05 	 3.64545e-05 	 3.04038e-07 
2.185 	 3.55314e-05 	 3.52367e-05 	 2.94753e-07 
2.182 	 3.43654e-05 	 3.40795e-05 	 2.85908e-07 
2.179 	 3.32565e-05 	 3.29790e-05 	 2.77477e-07 
2.176 	 3.22010e-05 	 3.19316e-05 	 2.69432e-07 
2.173 	 3.11957e-05 	 3.09339e-05 	 2.61751e-07 
2.170 	 3.02373e-05 	 2.99829e-05 	 2.54412e-07 
2.167 	 2.93231e-05 	 2.90757e-05 	 2.47395e-07 
2.165 	 2.84504e-05 	 2.82097e-05 	 2.40679e-07 
2.162 	 2.76166e-05 	 2.73824e-05 	 2.34249e-07 
2.159 	 2.68196e-05 	 2.65915e-05 	 2.28088e-07 
2.156 	 2.60572e-05 	 2.58350e-05 	 2.22181e-07 
2.153 	 2.53274e-05 	 2.51109e-05 	 2.16513e-07 
2.150 	 2.46285e-05 	 2.44174e-05 	 2.11072e-07 
2.148 	 2.39586e-05 	 2.37527e-05 	 2.05846e-07 
2.145 	 2.33162e-05 	 2.31154e-05 	 2.00822e-07 
2.142 	 2.26998e-05 	 2.25038e-05 	 1.95992e-07 
2.139 	 2.21081e-05 	 2.19167e-05 	 1.91343e-07 
2.136 	 2.15396e-05 	 2.13528e-05 	 1.86868e-07 
2.134 	 2.09934e-05 	 2.08108e-05 	 1.82558e-07 
2.131 	 2.04681e-05 	 2.02897e-05 	 1.78404e-07 
2.128 	 1.99627e-05 	 1.97883e-05 	 1.74399e-07 
2.125 	 1.94763e-05 	 1.93058e-05 	 1.70535e-07 
2.123 	 1.90079e-05 	 1.88411e-05 	 1.66807e-07 
2.120 	 1.85566e-05 	 1.83934e-05 	 1.63206e-07 
2.117 	 1.81216e-05 	 1.79618e-05 	 1.59728e-07 
2.114 	 1.77021e-05 	 1.75457e-05 	 1.56367e-07 
2.112 	 1.72974e-05 	 1.71442e-05 	 1.53117e-07 
2.109 	 1.69068e-05 	 1.67568e-05 	 1.49974e-07 
2.106 	 1.65296e-05 	 1.63827e-05 	 1.46933e-07 
2.104 	 1.61653e-05 	 1.60213e-05 	 1.43988e-07 
2.101 	 1.58132e-05 	 1.56721e-05 	 1.41137e-07 
2.098 	 1.54729e-05 	 1.53345e-05 	 1.38375e-07 
2.096 	 1.51437e-05 	 1.50080e-05 	 1.35698e-07 
2.093 	 1.48253e-05 	 1.46922e-05 	 1.33103e-07 
2.090 	 1.45171e-05 	 1.43865e-05 	 1.30586e-07 
2.088 	 1.42187e-05 	 1.40906e-05 	 1.28144e-07 
2.085 	 1.39297e-05 	 1.38039e-05 	 1.25774e-07 
2.082 	 1.36497e-05 	 1.35263e-05 	 1.23474e-07 
2.080 	 1.33784e-05 	 1.32571e-05 	 1.21239e-07 
2.077 	 1.31153e-05 	 1.29962e-05 	 1.19069e-07 
2.074 	 1.28602e-05 	 1.27432e-05 	 1.16959e-07 
2.072 	 1.26127e-05 	 1.24977e-05 	 1.14909e-07 
2.069 	 1.23725e-05 	 1.22595e-05 	 1.12915e-07 
2.067 	 1.21393e-05 	 1.20283e-05 	 1.10976e-07 
