Energy [eV] Ext Cross [um^2] Abs Cross [um^2] Sca Cross [um^2] 
3.500 	 8.20348e-05 	 6.51218e-05 	 1.69130e-05 
3.477 	 8.10444e-05 	 6.58758e-05 	 1.51686e-05 
3.454 	 8.02060e-05 	 6.66547e-05 	 1.35512e-05 
3.431 	 7.95129e-05 	 6.74585e-05 	 1.20544e-05 
3.409 	 7.89591e-05 	 6.82870e-05 	 1.06721e-05 
3.387 	 7.85380e-05 	 6.91397e-05 	 9.39830e-06 
3.365 	 7.82439e-05 	 7.00164e-05 	 8.22742e-06 
3.343 	 7.80717e-05 	 7.09173e-05 	 7.15443e-06 
3.322 	 7.80173e-05 	 7.18425e-05 	 6.17476e-06 
3.301 	 7.80759e-05 	 7.27921e-05 	 5.28378e-06 
3.280 	 7.82427e-05 	 7.37657e-05 	 4.47702e-06 
3.260 	 7.85136e-05 	 7.47632e-05 	 3.75044e-06 
3.240 	 7.88850e-05 	 7.57847e-05 	 3.10028e-06 
3.220 	 7.93537e-05 	 7.68307e-05 	 2.52305e-06 
3.200 	 7.99166e-05 	 7.79013e-05 	 2.01530e-06 
3.180 	 8.05698e-05 	 7.89960e-05 	 1.57379e-06 
3.161 	 8.13110e-05 	 8.01155e-05 	 1.19556e-06 
3.142 	 8.21374e-05 	 8.12596e-05 	 8.77832e-07 
3.123 	 8.30477e-05 	 8.24298e-05 	 6.17893e-07 
3.105 	 8.40381e-05 	 8.36249e-05 	 4.13208e-07 
3.086 	 8.51059e-05 	 8.48445e-05 	 2.61388e-07 
3.068 	 8.62488e-05 	 8.60886e-05 	 1.60205e-07 
3.050 	 8.74723e-05 	 8.73647e-05 	 1.07560e-07 
3.033 	 8.87692e-05 	 8.86678e-05 	 1.01460e-07 
3.015 	 9.01188e-05 	 8.99789e-05 	 1.39960e-07 
2.998 	 9.15354e-05 	 9.13141e-05 	 2.21310e-07 
2.981 	 9.30776e-05 	 9.27334e-05 	 3.44164e-07 
2.964 	 9.46973e-05 	 9.41905e-05 	 5.06808e-07 
2.947 	 9.62129e-05 	 9.55064e-05 	 7.06530e-07 
2.931 	 9.77247e-05 	 9.67828e-05 	 9.41959e-07 
2.914 	 9.97393e-05 	 9.85219e-05 	 1.21741e-06 
2.898 	 1.01674e-04 	 1.00144e-04 	 1.53084e-06 
2.882 	 1.03378e-04 	 1.01512e-04 	 1.86547e-06 
2.866 	 1.05660e-04 	 1.03430e-04 	 2.22954e-06 
2.851 	 1.07474e-04 	 1.04837e-04 	 2.63722e-06 
2.835 	 1.08947e-04 	 1.05871e-04 	 3.07574e-06 
2.820 	 1.11120e-04 	 1.07583e-04 	 3.53709e-06 
2.805 	 1.13677e-04 	 1.09650e-04 	 4.02668e-06 
2.790 	 1.15927e-04 	 1.11382e-04 	 4.54502e-06 
2.775 	 1.18147e-04 	 1.13056e-04 	 5.09039e-06 
2.760 	 1.20511e-04 	 1.14849e-04 	 5.66190e-06 
2.746 	 1.23055e-04 	 1.16796e-04 	 6.25861e-06 
2.731 	 1.25674e-04 	 1.18793e-04 	 6.88034e-06 
2.717 	 1.28252e-04 	 1.20725e-04 	 7.52631e-06 
2.703 	 1.30765e-04 	 1.22569e-04 	 8.19544e-06 
2.689 	 1.33300e-04 	 1.24413e-04 	 8.88768e-06 
2.675 	 1.35931e-04 	 1.26328e-04 	 9.60275e-06 
2.662 	 1.38653e-04 	 1.28312e-04 	 1.03406e-05 
2.648 	 1.41455e-04 	 1.30355e-04 	 1.11008e-05 
2.635 	 1.44336e-04 	 1.32453e-04 	 1.18830e-05 
2.622 	 1.47289e-04 	 1.34602e-04 	 1.26868e-05 
2.609 	 1.50315e-04 	 1.36803e-04 	 1.35120e-05 
2.596 	 1.53413e-04 	 1.39054e-04 	 1.43584e-05 
2.583 	 1.56581e-04 	 1.41355e-04 	 1.52260e-05 
2.570 	 1.59821e-04 	 1.43707e-04 	 1.61144e-05 
2.558 	 1.63133e-04 	 1.46109e-04 	 1.70236e-05 
2.545 	 1.66515e-04 	 1.48562e-04 	 1.79535e-05 
2.533 	 1.69964e-04 	 1.51060e-04 	 1.89038e-05 
2.521 	 1.73476e-04 	 1.53601e-04 	 1.98748e-05 
2.508 	 1.77059e-04 	 1.56192e-04 	 2.08665e-05 
2.496 	 1.80720e-04 	 1.58841e-04 	 2.18790e-05 
2.485 	 1.84466e-04 	 1.61554e-04 	 2.29123e-05 
2.473 	 1.88301e-04 	 1.64334e-04 	 2.39663e-05 
2.461 	 1.92230e-04 	 1.67189e-04 	 2.50412e-05 
2.450 	 1.96260e-04 	 1.70124e-04 	 2.61368e-05 
2.438 	 2.00388e-04 	 1.73135e-04 	 2.72527e-05 
2.427 	 2.04585e-04 	 1.76197e-04 	 2.83884e-05 
2.416 	 2.08803e-04 	 1.79259e-04 	 2.95444e-05 
2.404 	 2.13034e-04 	 1.82312e-04 	 3.07223e-05 
2.393 	 2.17325e-04 	 1.85401e-04 	 3.19235e-05 
2.383 	 2.21715e-04 	 1.88567e-04 	 3.31482e-05 
2.372 	 2.26215e-04 	 1.91819e-04 	 3.43961e-05 
2.361 	 2.30823e-04 	 1.95156e-04 	 3.56672e-05 
2.350 	 2.35536e-04 	 1.98574e-04 	 3.69617e-05 
2.340 	 2.40351e-04 	 2.02071e-04 	 3.82799e-05 
2.329 	 2.45268e-04 	 2.05646e-04 	 3.96221e-05 
2.319 	 2.50286e-04 	 2.09297e-04 	 4.09887e-05 
2.309 	 2.55405e-04 	 2.13025e-04 	 4.23801e-05 
2.299 	 2.60626e-04 	 2.16829e-04 	 4.37970e-05 
2.289 	 2.65947e-04 	 2.20707e-04 	 4.52398e-05 
2.279 	 2.71367e-04 	 2.24658e-04 	 4.67094e-05 
2.269 	 2.76884e-04 	 2.28678e-04 	 4.82062e-05 
2.259 	 2.82492e-04 	 2.32762e-04 	 4.97307e-05 
2.249 	 2.88185e-04 	 2.36901e-04 	 5.12836e-05 
2.240 	 2.93950e-04 	 2.41085e-04 	 5.28653e-05 
2.230 	 2.99769e-04 	 2.45292e-04 	 5.44768e-05 
2.221 	 3.05617e-04 	 2.49498e-04 	 5.61186e-05 
2.211 	 3.11459e-04 	 2.53667e-04 	 5.77915e-05 
2.202 	 3.17266e-04 	 2.57769e-04 	 5.94961e-05 
2.193 	 3.23046e-04 	 2.61814e-04 	 6.12326e-05 
2.183 	 3.28929e-04 	 2.65928e-04 	 6.30006e-05 
2.174 	 3.35232e-04 	 2.70432e-04 	 6.48006e-05 
2.165 	 3.42327e-04 	 2.75693e-04 	 6.66339e-05 
2.156 	 3.50259e-04 	 2.81755e-04 	 6.85039e-05 
2.147 	 3.58704e-04 	 2.88290e-04 	 7.04134e-05 
2.139 	 3.67323e-04 	 2.94959e-04 	 7.23636e-05 
2.130 	 3.75966e-04 	 3.01610e-04 	 7.43552e-05 
2.121 	 3.84616e-04 	 3.08228e-04 	 7.63885e-05 
2.113 	 3.93311e-04 	 3.14846e-04 	 7.84644e-05 
2.104 	 4.02091e-04 	 3.21507e-04 	 8.05839e-05 
2.096 	 4.10994e-04 	 3.28246e-04 	 8.27481e-05 
2.087 	 4.20050e-04 	 3.35091e-04 	 8.49585e-05 
2.079 	 4.29281e-04 	 3.42064e-04 	 8.72164e-05 
2.071 	 4.38706e-04 	 3.49182e-04 	 8.95234e-05 
2.063 	 4.48340e-04 	 3.56459e-04 	 9.18810e-05 
2.055 	 4.58198e-04 	 3.63907e-04 	 9.42910e-05 
2.047 	 4.68292e-04 	 3.71537e-04 	 9.67549e-05 
2.039 	 4.78633e-04 	 3.79358e-04 	 9.92747e-05 
2.031 	 4.89232e-04 	 3.87380e-04 	 1.01852e-04 
2.023 	 5.00101e-04 	 3.95611e-04 	 1.04489e-04 
2.015 	 5.11250e-04 	 4.04061e-04 	 1.07188e-04 
2.007 	 5.22690e-04 	 4.12739e-04 	 1.09951e-04 
2.000 	 5.34433e-04 	 4.21653e-04 	 1.12780e-04 
1.992 	 5.46491e-04 	 4.30813e-04 	 1.15678e-04 
1.984 	 5.58875e-04 	 4.40228e-04 	 1.18647e-04 
1.977 	 5.71598e-04 	 4.49909e-04 	 1.21689e-04 
1.969 	 5.84671e-04 	 4.59864e-04 	 1.24807e-04 
1.962 	 5.98109e-04 	 4.70106e-04 	 1.28003e-04 
1.955 	 6.11925e-04 	 4.80643e-04 	 1.31281e-04 
1.947 	 6.26133e-04 	 4.91490e-04 	 1.34644e-04 
1.940 	 6.40751e-04 	 5.02656e-04 	 1.38095e-04 
1.933 	 6.55792e-04 	 5.14155e-04 	 1.41637e-04 
1.926 	 6.71274e-04 	 5.26000e-04 	 1.45275e-04 
1.919 	 6.87215e-04 	 5.38204e-04 	 1.49011e-04 
1.912 	 7.03633e-04 	 5.50783e-04 	 1.52850e-04 
1.905 	 7.20547e-04 	 5.63751e-04 	 1.56796e-04 
1.898 	 7.37976e-04 	 5.77125e-04 	 1.60852e-04 
1.891 	 7.55943e-04 	 5.90920e-04 	 1.65023e-04 
1.884 	 7.74468e-04 	 6.05154e-04 	 1.69314e-04 
1.877 	 7.93576e-04 	 6.19846e-04 	 1.73729e-04 
1.871 	 8.13289e-04 	 6.35014e-04 	 1.78275e-04 
1.864 	 8.33635e-04 	 6.50679e-04 	 1.82956e-04 
1.857 	 8.54639e-04 	 6.66861e-04 	 1.87777e-04 
1.851 	 8.76331e-04 	 6.83584e-04 	 1.92747e-04 
1.844 	 8.98740e-04 	 7.00871e-04 	 1.97869e-04 
1.838 	 9.21899e-04 	 7.18747e-04 	 2.03152e-04 
1.831 	 9.45841e-04 	 7.37238e-04 	 2.08603e-04 
1.825 	 9.70601e-04 	 7.56373e-04 	 2.14228e-04 
1.819 	 9.96216e-04 	 7.76180e-04 	 2.20036e-04 
1.812 	 1.02273e-03 	 7.96691e-04 	 2.26035e-04 
1.806 	 1.05017e-03 	 8.17939e-04 	 2.32234e-04 
1.800 	 1.07860e-03 	 8.39958e-04 	 2.38642e-04 
1.794 	 1.10805e-03 	 8.62785e-04 	 2.45269e-04 
1.787 	 1.13858e-03 	 8.86459e-04 	 2.52125e-04 
1.781 	 1.17024e-03 	 9.11021e-04 	 2.59222e-04 
1.775 	 1.20308e-03 	 9.36515e-04 	 2.66570e-04 
1.769 	 1.23717e-03 	 9.62988e-04 	 2.74183e-04 
1.763 	 1.27256e-03 	 9.90489e-04 	 2.82073e-04 
1.757 	 1.30933e-03 	 1.01907e-03 	 2.90256e-04 
1.751 	 1.34753e-03 	 1.04879e-03 	 2.98745e-04 
1.746 	 1.38726e-03 	 1.07970e-03 	 3.07557e-04 
1.740 	 1.42859e-03 	 1.11188e-03 	 3.16709e-04 
1.734 	 1.47160e-03 	 1.14538e-03 	 3.26218e-04 
1.728 	 1.51638e-03 	 1.18028e-03 	 3.36103e-04 
1.723 	 1.56304e-03 	 1.21666e-03 	 3.46386e-04 
1.717 	 1.61168e-03 	 1.25459e-03 	 3.57087e-04 
1.711 	 1.66240e-03 	 1.29417e-03 	 3.68231e-04 
1.706 	 1.71534e-03 	 1.33549e-03 	 3.79842e-04 
1.700 	 1.77060e-03 	 1.37866e-03 	 3.91947e-04 
1.695 	 1.82834e-03 	 1.42377e-03 	 4.04574e-04 
1.689 	 1.88870e-03 	 1.47095e-03 	 4.17755e-04 
1.684 	 1.95183e-03 	 1.52031e-03 	 4.31523e-04 
1.678 	 2.01792e-03 	 1.57200e-03 	 4.45912e-04 
1.673 	 2.08713e-03 	 1.62617e-03 	 4.60961e-04 
1.668 	 2.15966e-03 	 1.68295e-03 	 4.76711e-04 
1.662 	 2.23574e-03 	 1.74253e-03 	 4.93208e-04 
1.657 	 2.31558e-03 	 1.80509e-03 	 5.10498e-04 
1.652 	 2.39944e-03 	 1.87081e-03 	 5.28633e-04 
1.647 	 2.48759e-03 	 1.93992e-03 	 5.47669e-04 
1.641 	 2.58031e-03 	 2.01264e-03 	 5.67668e-04 
1.636 	 2.67791e-03 	 2.08922e-03 	 5.88693e-04 
1.631 	 2.78075e-03 	 2.16993e-03 	 6.10817e-04 
1.626 	 2.88919e-03 	 2.25508e-03 	 6.34116e-04 
1.621 	 3.00364e-03 	 2.34496e-03 	 6.58675e-04 
1.616 	 3.12453e-03 	 2.43994e-03 	 6.84585e-04 
1.611 	 3.25235e-03 	 2.54040e-03 	 7.11947e-04 
1.606 	 3.38762e-03 	 2.64676e-03 	 7.40869e-04 
1.601 	 3.53093e-03 	 2.75946e-03 	 7.71471e-04 
1.596 	 3.68290e-03 	 2.87901e-03 	 8.03885e-04 
1.591 	 3.84423e-03 	 3.00597e-03 	 8.38254e-04 
1.587 	 4.01567e-03 	 3.14093e-03 	 8.74736e-04 
1.582 	 4.19808e-03 	 3.28457e-03 	 9.13506e-04 
1.577 	 4.39237e-03 	 3.43761e-03 	 9.54754e-04 
1.572 	 4.59957e-03 	 3.60087e-03 	 9.98693e-04 
1.568 	 4.82080e-03 	 3.77525e-03 	 1.04556e-03 
1.563 	 5.05733e-03 	 3.96173e-03 	 1.09560e-03 
1.558 	 5.31055e-03 	 4.16143e-03 	 1.14912e-03 
1.554 	 5.58199e-03 	 4.37557e-03 	 1.20642e-03 
1.549 	 5.87339e-03 	 4.60552e-03 	 1.26787e-03 
1.544 	 6.18667e-03 	 4.85280e-03 	 1.33387e-03 
1.540 	 6.52398e-03 	 5.11914e-03 	 1.40484e-03 
1.535 	 6.88774e-03 	 5.40644e-03 	 1.48130e-03 
1.531 	 7.28065e-03 	 5.71686e-03 	 1.56380e-03 
1.526 	 7.70576e-03 	 6.05281e-03 	 1.65296e-03 
1.522 	 8.16650e-03 	 6.41701e-03 	 1.74949e-03 
1.517 	 8.66674e-03 	 6.81256e-03 	 1.85418e-03 
1.513 	 9.21084e-03 	 7.24292e-03 	 1.96793e-03 
1.509 	 9.80378e-03 	 7.71203e-03 	 2.09175e-03 
1.504 	 1.04512e-02 	 8.22436e-03 	 2.22680e-03 
1.500 	 1.11594e-02 	 8.78499e-03 	 2.37437e-03 
