Energy [eV] Ext Cross [um^2] Abs Cross [um^2] Sca Cross [um^2] 
3.500 	 3.60717e-05 	 3.12862e-05 	 4.78552e-06 
3.477 	 3.62339e-05 	 3.19117e-05 	 4.32220e-06 
3.454 	 3.64452e-05 	 3.25564e-05 	 3.88880e-06 
3.431 	 3.67051e-05 	 3.32210e-05 	 3.48413e-06 
3.409 	 3.70129e-05 	 3.39059e-05 	 3.10699e-06 
3.387 	 3.73678e-05 	 3.46116e-05 	 2.75622e-06 
3.365 	 3.77694e-05 	 3.53387e-05 	 2.43075e-06 
3.343 	 3.82175e-05 	 3.60879e-05 	 2.12962e-06 
3.322 	 3.87118e-05 	 3.68599e-05 	 1.85198e-06 
3.301 	 3.92523e-05 	 3.76554e-05 	 1.59695e-06 
3.280 	 3.98386e-05 	 3.84750e-05 	 1.36368e-06 
3.260 	 4.04708e-05 	 3.93194e-05 	 1.15141e-06 
3.240 	 4.11489e-05 	 4.01895e-05 	 9.59462e-07 
3.220 	 4.18733e-05 	 4.10861e-05 	 7.87201e-07 
3.200 	 4.26442e-05 	 4.20102e-05 	 6.34009e-07 
3.180 	 4.34617e-05 	 4.29624e-05 	 4.99304e-07 
3.161 	 4.43266e-05 	 4.39440e-05 	 3.82578e-07 
3.142 	 4.52389e-05 	 4.49555e-05 	 2.83373e-07 
3.123 	 4.62002e-05 	 4.59990e-05 	 2.01235e-07 
3.105 	 4.72103e-05 	 4.70746e-05 	 1.35756e-07 
3.086 	 4.82697e-05 	 4.81831e-05 	 8.65683e-08 
3.068 	 4.93791e-05 	 4.93257e-05 	 5.33432e-08 
3.050 	 5.05436e-05 	 5.05078e-05 	 3.57898e-08 
3.033 	 5.17612e-05 	 5.17276e-05 	 3.36453e-08 
3.015 	 5.30220e-05 	 5.29753e-05 	 4.66572e-08 
2.998 	 5.43362e-05 	 5.42615e-05 	 7.46334e-08 
2.981 	 5.57413e-05 	 5.56238e-05 	 1.17519e-07 
2.964 	 5.72117e-05 	 5.70365e-05 	 1.75133e-07 
2.947 	 5.86388e-05 	 5.83919e-05 	 2.46929e-07 
2.931 	 6.00839e-05 	 5.97511e-05 	 3.32823e-07 
2.914 	 6.18685e-05 	 6.14337e-05 	 4.34828e-07 
2.898 	 6.36433e-05 	 6.30906e-05 	 5.52708e-07 
2.882 	 6.52904e-05 	 6.46099e-05 	 6.80544e-07 
2.866 	 6.73344e-05 	 6.65126e-05 	 8.21776e-07 
2.851 	 6.91410e-05 	 6.81585e-05 	 9.82500e-07 
2.835 	 7.07606e-05 	 6.96023e-05 	 1.15833e-06 
2.820 	 7.28563e-05 	 7.15098e-05 	 1.34649e-06 
2.805 	 7.52443e-05 	 7.36946e-05 	 1.54965e-06 
2.790 	 7.74799e-05 	 7.57113e-05 	 1.76860e-06 
2.775 	 7.97446e-05 	 7.77414e-05 	 2.00316e-06 
2.760 	 8.21612e-05 	 7.99077e-05 	 2.25353e-06 
2.746 	 8.47688e-05 	 8.22490e-05 	 2.51983e-06 
2.731 	 8.75273e-05 	 8.47246e-05 	 2.80264e-06 
2.717 	 9.03964e-05 	 8.72940e-05 	 3.10238e-06 
2.703 	 9.32758e-05 	 8.98565e-05 	 3.41937e-06 
2.689 	 9.60533e-05 	 9.22992e-05 	 3.75406e-06 
2.675 	 9.88461e-05 	 9.47392e-05 	 4.10693e-06 
2.662 	 1.01790e-04 	 9.73112e-05 	 4.47876e-06 
2.648 	 1.04915e-04 	 1.00044e-04 	 4.87025e-06 
2.635 	 1.08214e-04 	 1.02932e-04 	 5.28200e-06 
2.622 	 1.11679e-04 	 1.05964e-04 	 5.71479e-06 
2.609 	 1.15311e-04 	 1.09141e-04 	 6.16937e-06 
2.596 	 1.19107e-04 	 1.12461e-04 	 6.64654e-06 
2.583 	 1.23061e-04 	 1.15914e-04 	 7.14728e-06 
2.570 	 1.27172e-04 	 1.19499e-04 	 7.67272e-06 
2.558 	 1.31457e-04 	 1.23232e-04 	 8.22418e-06 
2.545 	 1.35932e-04 	 1.27129e-04 	 8.80286e-06 
2.533 	 1.40609e-04 	 1.31199e-04 	 9.40995e-06 
2.521 	 1.45496e-04 	 1.35449e-04 	 1.00468e-05 
2.508 	 1.50603e-04 	 1.39888e-04 	 1.07150e-05 
2.496 	 1.55938e-04 	 1.44522e-04 	 1.14159e-05 
2.485 	 1.61514e-04 	 1.49363e-04 	 1.21515e-05 
2.473 	 1.67343e-04 	 1.54419e-04 	 1.29236e-05 
2.461 	 1.73442e-04 	 1.59708e-04 	 1.37340e-05 
2.450 	 1.79845e-04 	 1.65260e-04 	 1.45850e-05 
2.438 	 1.86590e-04 	 1.71111e-04 	 1.54789e-05 
2.427 	 1.93691e-04 	 1.77273e-04 	 1.64188e-05 
2.416 	 2.01150e-04 	 1.83742e-04 	 1.74076e-05 
2.404 	 2.08976e-04 	 1.90527e-04 	 1.84483e-05 
2.393 	 2.17191e-04 	 1.97647e-04 	 1.95441e-05 
2.383 	 2.25827e-04 	 2.05128e-04 	 2.06985e-05 
2.372 	 2.34912e-04 	 2.12997e-04 	 2.19155e-05 
2.361 	 2.44481e-04 	 2.21282e-04 	 2.31993e-05 
2.350 	 2.54568e-04 	 2.30013e-04 	 2.45546e-05 
2.340 	 2.65210e-04 	 2.39223e-04 	 2.59863e-05 
2.329 	 2.76448e-04 	 2.48948e-04 	 2.75000e-05 
2.319 	 2.88328e-04 	 2.59227e-04 	 2.91017e-05 
2.309 	 3.00899e-04 	 2.70101e-04 	 3.07979e-05 
2.299 	 3.14213e-04 	 2.81617e-04 	 3.25959e-05 
2.289 	 3.28330e-04 	 2.93826e-04 	 3.45039e-05 
2.279 	 3.43314e-04 	 3.06783e-04 	 3.65307e-05 
2.269 	 3.59235e-04 	 3.20549e-04 	 3.86860e-05 
2.259 	 3.76172e-04 	 3.35191e-04 	 4.09803e-05 
2.249 	 3.94209e-04 	 3.50784e-04 	 4.34253e-05 
2.240 	 4.13443e-04 	 3.67408e-04 	 4.60341e-05 
2.230 	 4.33978e-04 	 3.85157e-04 	 4.88210e-05 
2.221 	 4.55933e-04 	 4.04131e-04 	 5.18024e-05 
2.211 	 4.79439e-04 	 4.24443e-04 	 5.49964e-05 
2.202 	 5.04644e-04 	 4.46221e-04 	 5.84233e-05 
2.193 	 5.31710e-04 	 4.69604e-04 	 6.21055e-05 
2.183 	 5.60821e-04 	 4.94753e-04 	 6.60683e-05 
2.174 	 5.92184e-04 	 5.21844e-04 	 7.03401e-05 
2.165 	 6.26033e-04 	 5.51080e-04 	 7.49530e-05 
2.156 	 6.62629e-04 	 5.82686e-04 	 7.99434e-05 
2.147 	 7.02274e-04 	 6.16922e-04 	 8.53525e-05 
2.139 	 7.45308e-04 	 6.54080e-04 	 9.12275e-05 
2.130 	 7.92119e-04 	 6.94497e-04 	 9.76220e-05 
2.121 	 8.43150e-04 	 7.38553e-04 	 1.04597e-04 
2.113 	 8.98913e-04 	 7.86689e-04 	 1.12224e-04 
2.104 	 9.59996e-04 	 8.39412e-04 	 1.20583e-04 
2.096 	 1.02708e-03 	 8.97310e-04 	 1.29770e-04 
2.087 	 1.10096e-03 	 9.61065e-04 	 1.39893e-04 
2.079 	 1.18255e-03 	 1.03147e-03 	 1.51081e-04 
2.071 	 1.27295e-03 	 1.10947e-03 	 1.63485e-04 
2.063 	 1.37343e-03 	 1.19615e-03 	 1.77280e-04 
2.055 	 1.48550e-03 	 1.29282e-03 	 1.92678e-04 
2.047 	 1.61095e-03 	 1.40103e-03 	 2.09926e-04 
2.039 	 1.75193e-03 	 1.52261e-03 	 2.29323e-04 
2.031 	 1.91103e-03 	 1.65980e-03 	 2.51228e-04 
2.023 	 2.09135e-03 	 1.81527e-03 	 2.76074e-04 
2.015 	 2.29669e-03 	 1.99230e-03 	 3.04389e-04 
2.007 	 2.53171e-03 	 2.19489e-03 	 3.36820e-04 
2.000 	 2.80211e-03 	 2.42795e-03 	 3.74163e-04 
1.992 	 3.11497e-03 	 2.69757e-03 	 4.17405e-04 
1.984 	 3.47911e-03 	 3.01133e-03 	 4.67774e-04 
1.977 	 3.90556e-03 	 3.37875e-03 	 5.26811e-04 
1.969 	 4.40823e-03 	 3.81177e-03 	 5.96459e-04 
1.962 	 5.00471e-03 	 4.32554e-03 	 6.79174e-04 
1.955 	 5.71729e-03 	 4.93921e-03 	 7.78076e-04 
1.947 	 6.57415e-03 	 5.67704e-03 	 8.97113e-04 
1.940 	 7.61069e-03 	 6.56944e-03 	 1.04125e-03 
1.933 	 8.87052e-03 	 7.65391e-03 	 1.21662e-03 
1.926 	 1.04055e-02 	 8.97497e-03 	 1.43051e-03 
1.919 	 1.22726e-02 	 1.05816e-02 	 1.69100e-03 
1.912 	 1.45248e-02 	 1.25192e-02 	 2.00561e-03 
1.905 	 1.71887e-02 	 1.48105e-02 	 2.37829e-03 
1.898 	 2.02221e-02 	 1.74187e-02 	 2.80342e-03 
1.891 	 2.34488e-02 	 2.01921e-02 	 3.25670e-03 
1.884 	 2.64949e-02 	 2.28088e-02 	 3.68616e-03 
1.877 	 2.88005e-02 	 2.47870e-02 	 4.01351e-03 
1.871 	 2.97954e-02 	 2.56368e-02 	 4.15860e-03 
1.864 	 2.92005e-02 	 2.51190e-02 	 4.08154e-03 
1.857 	 2.72078e-02 	 2.33995e-02 	 3.80824e-03 
1.851 	 2.43492e-02 	 2.09367e-02 	 3.41254e-03 
1.844 	 2.11985e-02 	 1.82239e-02 	 2.97457e-03 
1.838 	 1.81655e-02 	 1.56137e-02 	 2.55187e-03 
1.831 	 1.54605e-02 	 1.32863e-02 	 2.17416e-03 
1.825 	 1.31488e-02 	 1.12979e-02 	 1.85090e-03 
1.819 	 1.12173e-02 	 9.63688e-03 	 1.58045e-03 
1.812 	 9.61988e-03 	 8.26337e-03 	 1.35651e-03 
1.806 	 8.30232e-03 	 7.13070e-03 	 1.17162e-03 
1.800 	 7.21377e-03 	 6.19506e-03 	 1.01872e-03 
1.794 	 6.31062e-03 	 5.41888e-03 	 8.91738e-04 
1.787 	 5.55703e-03 	 4.77133e-03 	 7.85696e-04 
1.781 	 4.92422e-03 	 4.22764e-03 	 6.96576e-04 
1.775 	 4.38930e-03 	 3.76811e-03 	 6.21182e-04 
1.769 	 3.93412e-03 	 3.37714e-03 	 5.56979e-04 
1.763 	 3.54429e-03 	 3.04234e-03 	 5.01952e-04 
1.757 	 3.20835e-03 	 2.75385e-03 	 4.54497e-04 
1.751 	 2.91711e-03 	 2.50378e-03 	 4.13329e-04 
1.746 	 2.66322e-03 	 2.28581e-03 	 3.77416e-04 
1.740 	 2.44071e-03 	 2.09479e-03 	 3.45921e-04 
1.734 	 2.24473e-03 	 1.92657e-03 	 3.18164e-04 
1.728 	 2.07130e-03 	 1.77772e-03 	 2.93585e-04 
1.723 	 1.91715e-03 	 1.64543e-03 	 2.71725e-04 
1.717 	 1.77957e-03 	 1.52736e-03 	 2.52203e-04 
1.711 	 1.65629e-03 	 1.42159e-03 	 2.34701e-04 
1.706 	 1.54542e-03 	 1.32647e-03 	 2.18952e-04 
1.700 	 1.44537e-03 	 1.24064e-03 	 2.04731e-04 
1.695 	 1.35478e-03 	 1.16293e-03 	 1.91849e-04 
1.689 	 1.27251e-03 	 1.09237e-03 	 1.80144e-04 
1.684 	 1.19757e-03 	 1.02810e-03 	 1.69477e-04 
1.678 	 1.12913e-03 	 9.69400e-04 	 1.59730e-04 
1.673 	 1.06645e-03 	 9.15653e-04 	 1.50799e-04 
1.668 	 1.00891e-03 	 8.66317e-04 	 1.42597e-04 
1.662 	 9.55968e-04 	 8.20921e-04 	 1.35047e-04 
1.657 	 9.07140e-04 	 7.79059e-04 	 1.28081e-04 
1.652 	 8.62013e-04 	 7.40373e-04 	 1.21640e-04 
1.647 	 8.20222e-04 	 7.04549e-04 	 1.15673e-04 
1.641 	 7.81447e-04 	 6.71312e-04 	 1.10135e-04 
1.636 	 7.45405e-04 	 6.40420e-04 	 1.04985e-04 
1.631 	 7.11843e-04 	 6.11655e-04 	 1.00188e-04 
1.626 	 6.80539e-04 	 5.84826e-04 	 9.57123e-05 
1.621 	 6.51294e-04 	 5.59764e-04 	 9.15297e-05 
1.616 	 6.23931e-04 	 5.36316e-04 	 8.76151e-05 
1.611 	 5.98292e-04 	 5.14346e-04 	 8.39461e-05 
1.606 	 5.74233e-04 	 4.93731e-04 	 8.05024e-05 
1.601 	 5.51627e-04 	 4.74361e-04 	 7.72659e-05 
1.596 	 5.30358e-04 	 4.56138e-04 	 7.42202e-05 
1.591 	 5.10323e-04 	 4.38973e-04 	 7.13504e-05 
1.587 	 4.91427e-04 	 4.22783e-04 	 6.86434e-05 
1.582 	 4.73584e-04 	 4.07497e-04 	 6.60868e-05 
1.577 	 4.56718e-04 	 3.93048e-04 	 6.36698e-05 
1.572 	 4.40757e-04 	 3.79375e-04 	 6.13822e-05 
1.568 	 4.25639e-04 	 3.66424e-04 	 5.92151e-05 
1.563 	 4.11303e-04 	 3.54143e-04 	 5.71599e-05 
1.558 	 3.97697e-04 	 3.42487e-04 	 5.52091e-05 
1.554 	 3.84771e-04 	 3.31415e-04 	 5.33558e-05 
1.549 	 3.72480e-04 	 3.20886e-04 	 5.15934e-05 
1.544 	 3.60783e-04 	 3.10867e-04 	 4.99162e-05 
1.540 	 3.49643e-04 	 3.01324e-04 	 4.83186e-05 
1.535 	 3.39023e-04 	 2.92227e-04 	 4.67957e-05 
1.531 	 3.28892e-04 	 2.83549e-04 	 4.53429e-05 
1.526 	 3.19219e-04 	 2.75263e-04 	 4.39559e-05 
1.522 	 3.09978e-04 	 2.67347e-04 	 4.26308e-05 
1.517 	 3.01143e-04 	 2.59779e-04 	 4.13639e-05 
1.513 	 2.92689e-04 	 2.52537e-04 	 4.01519e-05 
1.509 	 2.84595e-04 	 2.45604e-04 	 3.89916e-05 
1.504 	 2.76841e-04 	 2.38961e-04 	 3.78801e-05 
1.500 	 2.69408e-04 	 2.32593e-04 	 3.68146e-05 
