Energy [eV] EELS_b EELS_a 
2.500 	 1.36053e-09 	 5.55790e-09 
2.502 	 1.39485e-09 	 5.70447e-09 
2.504 	 1.43074e-09 	 5.85775e-09 
2.506 	 1.46826e-09 	 6.01809e-09 
2.508 	 1.50750e-09 	 6.18588e-09 
2.510 	 1.54857e-09 	 6.36151e-09 
2.512 	 1.59154e-09 	 6.54542e-09 
2.514 	 1.63653e-09 	 6.73803e-09 
2.516 	 1.68363e-09 	 6.93979e-09 
2.519 	 1.73295e-09 	 7.15119e-09 
2.521 	 1.78459e-09 	 7.37270e-09 
2.523 	 1.83868e-09 	 7.60482e-09 
2.525 	 1.89532e-09 	 7.84806e-09 
2.527 	 1.95462e-09 	 8.10292e-09 
2.529 	 2.01670e-09 	 8.36990e-09 
2.531 	 2.08166e-09 	 8.64950e-09 
2.533 	 2.14961e-09 	 8.94219e-09 
2.535 	 2.22064e-09 	 9.24842e-09 
2.537 	 2.29483e-09 	 9.56856e-09 
2.539 	 2.37225e-09 	 9.90296e-09 
2.541 	 2.45294e-09 	 1.02518e-08 
2.543 	 2.53692e-09 	 1.06154e-08 
2.545 	 2.62417e-09 	 1.09934e-08 
2.547 	 2.71464e-09 	 1.13859e-08 
2.549 	 2.80820e-09 	 1.17924e-08 
2.551 	 2.90468e-09 	 1.22121e-08 
2.553 	 3.00383e-09 	 1.26440e-08 
2.555 	 3.10531e-09 	 1.30868e-08 
2.557 	 3.20869e-09 	 1.35386e-08 
2.559 	 3.31339e-09 	 1.39972e-08 
2.561 	 3.41876e-09 	 1.44596e-08 
2.563 	 3.52397e-09 	 1.49223e-08 
2.565 	 3.62805e-09 	 1.53813e-08 
2.567 	 3.72990e-09 	 1.58317e-08 
2.569 	 3.82827e-09 	 1.62683e-08 
2.571 	 3.92178e-09 	 1.66850e-08 
2.573 	 4.00891e-09 	 1.70754e-08 
2.575 	 4.08810e-09 	 1.74324e-08 
2.577 	 4.15773e-09 	 1.77492e-08 
2.579 	 4.21621e-09 	 1.80186e-08 
2.581 	 4.26201e-09 	 1.82339e-08 
2.583 	 4.29377e-09 	 1.83892e-08 
2.585 	 4.31035e-09 	 1.84792e-08 
2.587 	 4.31089e-09 	 1.85001e-08 
2.589 	 4.29487e-09 	 1.84495e-08 
2.591 	 4.26218e-09 	 1.83265e-08 
2.593 	 4.21307e-09 	 1.81324e-08 
2.595 	 4.14823e-09 	 1.78696e-08 
2.597 	 4.06868e-09 	 1.75426e-08 
2.599 	 3.97577e-09 	 1.71572e-08 
2.601 	 3.87112e-09 	 1.67201e-08 
2.603 	 3.75650e-09 	 1.62389e-08 
2.605 	 3.63379e-09 	 1.57218e-08 
2.607 	 3.50488e-09 	 1.51770e-08 
2.609 	 3.37161e-09 	 1.46123e-08 
2.611 	 3.23574e-09 	 1.40354e-08 
2.613 	 3.09887e-09 	 1.34532e-08 
2.615 	 2.96242e-09 	 1.28719e-08 
2.618 	 2.82762e-09 	 1.22969e-08 
2.620 	 2.69553e-09 	 1.17328e-08 
2.622 	 2.56699e-09 	 1.11833e-08 
2.624 	 2.44268e-09 	 1.06513e-08 
2.626 	 2.32312e-09 	 1.01393e-08 
2.628 	 2.20866e-09 	 9.64871e-09 
2.630 	 2.09956e-09 	 9.18076e-09 
2.632 	 1.99595e-09 	 8.73606e-09 
2.634 	 1.89787e-09 	 8.31486e-09 
2.636 	 1.80529e-09 	 7.91706e-09 
2.638 	 1.71813e-09 	 7.54232e-09 
2.640 	 1.63623e-09 	 7.19009e-09 
2.642 	 1.55942e-09 	 6.85963e-09 
2.644 	 1.48750e-09 	 6.55006e-09 
2.646 	 1.42022e-09 	 6.26041e-09 
2.648 	 1.35734e-09 	 5.98959e-09 
2.650 	 1.29857e-09 	 5.73645e-09 
2.652 	 1.24363e-09 	 5.49976e-09 
2.654 	 1.19223e-09 	 5.27823e-09 
2.656 	 1.14404e-09 	 5.07053e-09 
2.658 	 1.09876e-09 	 4.87528e-09 
2.660 	 1.05606e-09 	 4.69108e-09 
2.662 	 1.01563e-09 	 4.51655e-09 
2.664 	 9.77146e-10 	 4.35032e-09 
2.666 	 9.40326e-10 	 4.19111e-09 
2.668 	 9.04898e-10 	 4.03775e-09 
2.670 	 8.70632e-10 	 3.88921e-09 
2.672 	 8.37334e-10 	 3.74464e-09 
2.674 	 8.04859e-10 	 3.60340e-09 
2.676 	 7.73108e-10 	 3.46506e-09 
2.678 	 7.42029e-10 	 3.32939e-09 
2.680 	 7.11608e-10 	 3.19636e-09 
2.682 	 6.81866e-10 	 3.06606e-09 
2.684 	 6.52846e-10 	 2.93870e-09 
2.686 	 6.24603e-10 	 2.81454e-09 
2.688 	 5.97199e-10 	 2.69389e-09 
2.690 	 5.70691e-10 	 2.57700e-09 
2.692 	 5.45130e-10 	 2.46413e-09 
2.694 	 5.20553e-10 	 2.35547e-09 
2.696 	 4.96987e-10 	 2.25115e-09 
2.698 	 4.74444e-10 	 2.15124e-09 
2.700 	 4.52925e-10 	 2.05577e-09 
