Energy [eV] EELS_b EELS_a 
2.500 	 1.30664e-05 	 6.93888e-05 
2.502 	 1.34821e-05 	 7.17322e-05 
2.504 	 1.39180e-05 	 7.41939e-05 
2.506 	 1.43754e-05 	 7.67811e-05 
2.508 	 1.48555e-05 	 7.95018e-05 
2.510 	 1.53596e-05 	 8.23642e-05 
2.512 	 1.58893e-05 	 8.53775e-05 
2.514 	 1.64461e-05 	 8.85510e-05 
2.516 	 1.70315e-05 	 9.18950e-05 
2.519 	 1.76474e-05 	 9.54201e-05 
2.521 	 1.82956e-05 	 9.91378e-05 
2.523 	 1.89779e-05 	 1.03060e-04 
2.525 	 1.96963e-05 	 1.07200e-04 
2.527 	 2.04530e-05 	 1.11570e-04 
2.529 	 2.12500e-05 	 1.16184e-04 
2.531 	 2.20897e-05 	 1.21057e-04 
2.533 	 2.29742e-05 	 1.26204e-04 
2.535 	 2.39060e-05 	 1.31639e-04 
2.537 	 2.48873e-05 	 1.37378e-04 
2.539 	 2.59203e-05 	 1.43437e-04 
2.541 	 2.70073e-05 	 1.49830e-04 
2.543 	 2.81502e-05 	 1.56571e-04 
2.545 	 2.93510e-05 	 1.63673e-04 
2.547 	 3.06109e-05 	 1.71148e-04 
2.549 	 3.19312e-05 	 1.79002e-04 
2.551 	 3.33121e-05 	 1.87242e-04 
2.553 	 3.47535e-05 	 1.95867e-04 
2.555 	 3.62541e-05 	 2.04872e-04 
2.557 	 3.78115e-05 	 2.14244e-04 
2.559 	 3.94220e-05 	 2.23960e-04 
2.561 	 4.10802e-05 	 2.33990e-04 
2.563 	 4.27788e-05 	 2.44286e-04 
2.565 	 4.45082e-05 	 2.54791e-04 
2.567 	 4.62565e-05 	 2.65428e-04 
2.569 	 4.80092e-05 	 2.76103e-04 
2.571 	 4.97490e-05 	 2.86706e-04 
2.573 	 5.14558e-05 	 2.97107e-04 
2.575 	 5.31070e-05 	 3.07159e-04 
2.577 	 5.46777e-05 	 3.16699e-04 
2.579 	 5.61410e-05 	 3.25555e-04 
2.581 	 5.74696e-05 	 3.33550e-04 
2.583 	 5.86357e-05 	 3.40509e-04 
2.585 	 5.96132e-05 	 3.46265e-04 
2.587 	 6.03782e-05 	 3.50673e-04 
2.589 	 6.09109e-05 	 3.53616e-04 
2.591 	 6.11963e-05 	 3.55010e-04 
2.593 	 6.12254e-05 	 3.54814e-04 
2.595 	 6.09957e-05 	 3.53030e-04 
2.597 	 6.05115e-05 	 3.49704e-04 
2.599 	 5.97834e-05 	 3.44922e-04 
2.601 	 5.88281e-05 	 3.38806e-04 
2.603 	 5.76670e-05 	 3.31505e-04 
2.605 	 5.63251e-05 	 3.23187e-04 
2.607 	 5.48301e-05 	 3.14032e-04 
2.609 	 5.32107e-05 	 3.04220e-04 
2.611 	 5.14955e-05 	 2.93928e-04 
2.613 	 4.97122e-05 	 2.83321e-04 
2.615 	 4.78866e-05 	 2.72550e-04 
2.618 	 4.60422e-05 	 2.61752e-04 
2.620 	 4.41998e-05 	 2.51040e-04 
2.622 	 4.23773e-05 	 2.40514e-04 
2.624 	 4.05897e-05 	 2.30253e-04 
2.626 	 3.88494e-05 	 2.20321e-04 
2.628 	 3.71660e-05 	 2.10765e-04 
2.630 	 3.55470e-05 	 2.01623e-04 
2.632 	 3.39977e-05 	 1.92917e-04 
2.634 	 3.25217e-05 	 1.84661e-04 
2.636 	 3.11210e-05 	 1.76864e-04 
2.638 	 2.97965e-05 	 1.69522e-04 
2.640 	 2.85479e-05 	 1.62632e-04 
2.642 	 2.73739e-05 	 1.56182e-04 
2.644 	 2.62726e-05 	 1.50158e-04 
2.646 	 2.52413e-05 	 1.44541e-04 
2.648 	 2.42770e-05 	 1.39312e-04 
2.650 	 2.33760e-05 	 1.34446e-04 
2.652 	 2.25341e-05 	 1.29918e-04 
2.654 	 2.17469e-05 	 1.25699e-04 
2.656 	 2.10094e-05 	 1.21759e-04 
2.658 	 2.03164e-05 	 1.18065e-04 
2.660 	 1.96624e-05 	 1.14583e-04 
2.662 	 1.90420e-05 	 1.11278e-04 
2.664 	 1.84494e-05 	 1.08116e-04 
2.666 	 1.78793e-05 	 1.05062e-04 
2.668 	 1.73267e-05 	 1.02086e-04 
2.670 	 1.67872e-05 	 9.91602e-05 
2.672 	 1.62571e-05 	 9.62621e-05 
2.674 	 1.57337e-05 	 9.33751e-05 
2.676 	 1.52151e-05 	 9.04887e-05 
2.678 	 1.47004e-05 	 8.75988e-05 
2.680 	 1.41897e-05 	 8.47067e-05 
2.682 	 1.36837e-05 	 8.18187e-05 
2.684 	 1.31836e-05 	 7.89443e-05 
2.686 	 1.26911e-05 	 7.60952e-05 
2.688 	 1.22077e-05 	 7.32840e-05 
2.690 	 1.17353e-05 	 7.05233e-05 
2.692 	 1.12754e-05 	 6.78243e-05 
2.694 	 1.08292e-05 	 6.51970e-05 
2.696 	 1.03979e-05 	 6.26494e-05 
2.698 	 9.98228e-06 	 6.01878e-05 
2.700 	 9.58277e-06 	 5.78165e-05 
