Energy [eV] EELS_b EELS_a 
2.500 	 7.79984e-12 	 2.98832e-09 
2.502 	 7.97628e-12 	 3.06864e-09 
2.504 	 8.16089e-12 	 3.15270e-09 
2.506 	 8.35410e-12 	 3.24071e-09 
2.508 	 8.55636e-12 	 3.33290e-09 
2.510 	 8.76814e-12 	 3.42948e-09 
2.512 	 8.98993e-12 	 3.53071e-09 
2.514 	 9.22225e-12 	 3.63682e-09 
2.516 	 9.46564e-12 	 3.74809e-09 
2.519 	 9.72062e-12 	 3.86478e-09 
2.521 	 9.98777e-12 	 3.98718e-09 
2.523 	 1.02677e-11 	 4.11557e-09 
2.525 	 1.05608e-11 	 4.25025e-09 
2.527 	 1.08679e-11 	 4.39149e-09 
2.529 	 1.11893e-11 	 4.53961e-09 
2.531 	 1.15257e-11 	 4.69488e-09 
2.533 	 1.18775e-11 	 4.85758e-09 
2.535 	 1.22451e-11 	 5.02797e-09 
2.537 	 1.26290e-11 	 5.20626e-09 
2.539 	 1.30293e-11 	 5.39265e-09 
2.541 	 1.34461e-11 	 5.58727e-09 
2.543 	 1.38795e-11 	 5.79018e-09 
2.545 	 1.43290e-11 	 6.00136e-09 
2.547 	 1.47943e-11 	 6.22068e-09 
2.549 	 1.52743e-11 	 6.44786e-09 
2.551 	 1.57679e-11 	 6.68248e-09 
2.553 	 1.62733e-11 	 6.92390e-09 
2.555 	 1.67884e-11 	 7.17126e-09 
2.557 	 1.73102e-11 	 7.42345e-09 
2.559 	 1.78353e-11 	 7.67904e-09 
2.561 	 1.83594e-11 	 7.93627e-09 
2.563 	 1.88775e-11 	 8.19304e-09 
2.565 	 1.93837e-11 	 8.44684e-09 
2.567 	 1.98714e-11 	 8.69480e-09 
2.569 	 2.03332e-11 	 8.93368e-09 
2.571 	 2.07609e-11 	 9.15989e-09 
2.573 	 2.11462e-11 	 9.36959e-09 
2.575 	 2.14802e-11 	 9.55874e-09 
2.577 	 2.17541e-11 	 9.72327e-09 
2.579 	 2.19597e-11 	 9.85918e-09 
2.581 	 2.20895e-11 	 9.96276e-09 
2.583 	 2.21371e-11 	 1.00308e-08 
2.585 	 2.20979e-11 	 1.00606e-08 
2.587 	 2.19693e-11 	 1.00504e-08 
2.589 	 2.17507e-11 	 9.99943e-09 
2.591 	 2.14440e-11 	 9.90772e-09 
2.593 	 2.10531e-11 	 9.77647e-09 
2.595 	 2.05843e-11 	 9.60784e-09 
2.597 	 2.00456e-11 	 9.40486e-09 
2.599 	 1.94462e-11 	 9.17125e-09 
2.601 	 1.87964e-11 	 8.91130e-09 
2.603 	 1.81070e-11 	 8.62959e-09 
2.605 	 1.73887e-11 	 8.33083e-09 
2.607 	 1.66517e-11 	 8.01967e-09 
2.609 	 1.59057e-11 	 7.70052e-09 
2.611 	 1.51594e-11 	 7.37749e-09 
2.613 	 1.44204e-11 	 7.05424e-09 
2.615 	 1.36951e-11 	 6.73396e-09 
2.618 	 1.29888e-11 	 6.41936e-09 
2.620 	 1.23057e-11 	 6.11267e-09 
2.622 	 1.16491e-11 	 5.81566e-09 
2.624 	 1.10211e-11 	 5.52969e-09 
2.626 	 1.04233e-11 	 5.25572e-09 
2.628 	 9.85647e-12 	 4.99443e-09 
2.630 	 9.32091e-12 	 4.74618e-09 
2.632 	 8.81641e-12 	 4.51114e-09 
2.634 	 8.34242e-12 	 4.28925e-09 
2.636 	 7.89810e-12 	 4.08033e-09 
2.638 	 7.48240e-12 	 3.88407e-09 
2.640 	 7.09412e-12 	 3.70006e-09 
2.642 	 6.73193e-12 	 3.52781e-09 
2.644 	 6.39441e-12 	 3.36678e-09 
2.646 	 6.08012e-12 	 3.21639e-09 
2.648 	 5.78754e-12 	 3.07600e-09 
2.650 	 5.51514e-12 	 2.94497e-09 
2.652 	 5.26137e-12 	 2.82261e-09 
2.654 	 5.02466e-12 	 2.70820e-09 
2.656 	 4.80343e-12 	 2.60103e-09 
2.658 	 4.59612e-12 	 2.50035e-09 
2.660 	 4.40118e-12 	 2.40542e-09 
2.662 	 4.21711e-12 	 2.31550e-09 
2.664 	 4.04247e-12 	 2.22986e-09 
2.666 	 3.87592e-12 	 2.14785e-09 
2.668 	 3.71627e-12 	 2.06884e-09 
2.670 	 3.56246e-12 	 1.99230e-09 
2.672 	 3.41365e-12 	 1.91780e-09 
2.674 	 3.26920e-12 	 1.84499e-09 
2.676 	 3.12866e-12 	 1.77368e-09 
2.678 	 2.99179e-12 	 1.70374e-09 
2.680 	 2.85850e-12 	 1.63515e-09 
2.682 	 2.72886e-12 	 1.56798e-09 
2.684 	 2.60300e-12 	 1.50234e-09 
2.686 	 2.48113e-12 	 1.43836e-09 
2.688 	 2.36344e-12 	 1.37621e-09 
2.690 	 2.25013e-12 	 1.31602e-09 
2.692 	 2.14135e-12 	 1.25792e-09 
2.694 	 2.03722e-12 	 1.20200e-09 
2.696 	 1.93778e-12 	 1.14835e-09 
2.698 	 1.84305e-12 	 1.09699e-09 
2.700 	 1.75297e-12 	 1.04793e-09 
