Energy [eV] EELS_b EELS_a 
2.500 	 5.26143e-06 	 2.66968e-05 
2.502 	 5.42972e-06 	 2.75927e-05 
2.504 	 5.60632e-06 	 2.85337e-05 
2.506 	 5.79173e-06 	 2.95228e-05 
2.508 	 5.98649e-06 	 3.05628e-05 
2.510 	 6.19117e-06 	 3.16570e-05 
2.512 	 6.40639e-06 	 3.28088e-05 
2.514 	 6.63277e-06 	 3.40217e-05 
2.516 	 6.87102e-06 	 3.52997e-05 
2.519 	 7.12186e-06 	 3.66467e-05 
2.521 	 7.38604e-06 	 3.80670e-05 
2.523 	 7.66437e-06 	 3.95650e-05 
2.525 	 7.95768e-06 	 4.11457e-05 
2.527 	 8.26686e-06 	 4.28137e-05 
2.529 	 8.59281e-06 	 4.45743e-05 
2.531 	 8.93647e-06 	 4.64327e-05 
2.533 	 9.29879e-06 	 4.83943e-05 
2.535 	 9.68074e-06 	 5.04645e-05 
2.537 	 1.00833e-05 	 5.26487e-05 
2.539 	 1.05074e-05 	 5.49524e-05 
2.541 	 1.09539e-05 	 5.73804e-05 
2.543 	 1.14237e-05 	 5.99375e-05 
2.545 	 1.19174e-05 	 6.26276e-05 
2.547 	 1.24358e-05 	 6.54539e-05 
2.549 	 1.29790e-05 	 6.84184e-05 
2.551 	 1.35473e-05 	 7.15214e-05 
2.553 	 1.41404e-05 	 7.47615e-05 
2.555 	 1.47577e-05 	 7.81347e-05 
2.557 	 1.53980e-05 	 8.16338e-05 
2.559 	 1.60595e-05 	 8.52485e-05 
2.561 	 1.67398e-05 	 8.89637e-05 
2.563 	 1.74354e-05 	 9.27599e-05 
2.565 	 1.81420e-05 	 9.66118e-05 
2.567 	 1.88544e-05 	 1.00488e-04 
2.569 	 1.95659e-05 	 1.04352e-04 
2.571 	 2.02690e-05 	 1.08159e-04 
2.573 	 2.09549e-05 	 1.11859e-04 
2.575 	 2.16138e-05 	 1.15396e-04 
2.577 	 2.22350e-05 	 1.18711e-04 
2.579 	 2.28071e-05 	 1.21740e-04 
2.581 	 2.33186e-05 	 1.24422e-04 
2.583 	 2.37582e-05 	 1.26694e-04 
2.585 	 2.41152e-05 	 1.28502e-04 
2.587 	 2.43804e-05 	 1.29799e-04 
2.589 	 2.45462e-05 	 1.30547e-04 
2.591 	 2.46073e-05 	 1.30724e-04 
2.593 	 2.45610e-05 	 1.30322e-04 
2.595 	 2.44076e-05 	 1.29348e-04 
2.597 	 2.41501e-05 	 1.27825e-04 
2.599 	 2.37941e-05 	 1.25790e-04 
2.601 	 2.33477e-05 	 1.23290e-04 
2.603 	 2.28208e-05 	 1.20383e-04 
2.605 	 2.22246e-05 	 1.17130e-04 
2.607 	 2.15713e-05 	 1.13599e-04 
2.609 	 2.08730e-05 	 1.09853e-04 
2.611 	 2.01418e-05 	 1.05957e-04 
2.613 	 1.93891e-05 	 1.01969e-04 
2.615 	 1.86254e-05 	 9.79426e-05 
2.618 	 1.78600e-05 	 9.39248e-05 
2.620 	 1.71009e-05 	 8.99557e-05 
2.622 	 1.63551e-05 	 8.60687e-05 
2.624 	 1.56280e-05 	 8.22909e-05 
2.626 	 1.49241e-05 	 7.86433e-05 
2.628 	 1.42467e-05 	 7.51418e-05 
2.630 	 1.35984e-05 	 7.17976e-05 
2.632 	 1.29806e-05 	 6.86178e-05 
2.634 	 1.23944e-05 	 6.56063e-05 
2.636 	 1.18402e-05 	 6.27643e-05 
2.638 	 1.13179e-05 	 6.00905e-05 
2.640 	 1.08270e-05 	 5.75819e-05 
2.642 	 1.03666e-05 	 5.52338e-05 
2.644 	 9.93589e-06 	 5.30405e-05 
2.646 	 9.53343e-06 	 5.09950e-05 
2.648 	 9.15784e-06 	 4.90895e-05 
2.650 	 8.80752e-06 	 4.73153e-05 
2.652 	 8.48072e-06 	 4.56629e-05 
2.654 	 8.17556e-06 	 4.41222e-05 
2.656 	 7.89007e-06 	 4.26822e-05 
2.658 	 7.62214e-06 	 4.13315e-05 
2.660 	 7.36964e-06 	 4.00582e-05 
2.662 	 7.13037e-06 	 3.88502e-05 
2.664 	 6.90218e-06 	 3.76956e-05 
2.666 	 6.68300e-06 	 3.65828e-05 
2.668 	 6.47090e-06 	 3.55012e-05 
2.670 	 6.26419e-06 	 3.44413e-05 
2.672 	 6.06150e-06 	 3.33955e-05 
2.674 	 5.86175e-06 	 3.23582e-05 
2.676 	 5.66425e-06 	 3.13255e-05 
2.678 	 5.46866e-06 	 3.02961e-05 
2.680 	 5.27495e-06 	 2.92701e-05 
2.682 	 5.08339e-06 	 2.82496e-05 
2.684 	 4.89440e-06 	 2.72374e-05 
2.686 	 4.70857e-06 	 2.62374e-05 
2.688 	 4.52649e-06 	 2.52535e-05 
2.690 	 4.34879e-06 	 2.42896e-05 
2.692 	 4.17600e-06 	 2.33494e-05 
2.694 	 4.00861e-06 	 2.24360e-05 
2.696 	 3.84697e-06 	 2.15519e-05 
2.698 	 3.69135e-06 	 2.06988e-05 
2.700 	 3.54192e-06 	 1.98782e-05 
