Energy [eV] EELS_b EELS_a 
2.500 	 3.28671e-10 	 4.57754e-08 
2.502 	 3.36692e-10 	 4.70792e-08 
2.504 	 3.45080e-10 	 4.84444e-08 
2.506 	 3.53857e-10 	 4.98747e-08 
2.508 	 3.63043e-10 	 5.13736e-08 
2.510 	 3.72659e-10 	 5.29450e-08 
2.512 	 3.82729e-10 	 5.45932e-08 
2.514 	 3.93277e-10 	 5.63222e-08 
2.516 	 4.04328e-10 	 5.81367e-08 
2.519 	 4.15907e-10 	 6.00412e-08 
2.521 	 4.28042e-10 	 6.20407e-08 
2.523 	 4.40759e-10 	 6.41402e-08 
2.525 	 4.54088e-10 	 6.63448e-08 
2.527 	 4.68055e-10 	 6.86598e-08 
2.529 	 4.82688e-10 	 7.10905e-08 
2.531 	 4.98016e-10 	 7.36420e-08 
2.533 	 5.14064e-10 	 7.63196e-08 
2.535 	 5.30858e-10 	 7.91282e-08 
2.537 	 5.48419e-10 	 8.20724e-08 
2.539 	 5.66767e-10 	 8.51563e-08 
2.541 	 5.85914e-10 	 8.83832e-08 
2.543 	 6.05869e-10 	 9.17557e-08 
2.545 	 6.26632e-10 	 9.52747e-08 
2.547 	 6.48191e-10 	 9.89398e-08 
2.549 	 6.70525e-10 	 1.02749e-07 
2.551 	 6.93595e-10 	 1.06696e-07 
2.553 	 7.17347e-10 	 1.10774e-07 
2.555 	 7.41703e-10 	 1.14971e-07 
2.557 	 7.66563e-10 	 1.19272e-07 
2.559 	 7.91796e-10 	 1.23657e-07 
2.561 	 8.17243e-10 	 1.28098e-07 
2.563 	 8.42708e-10 	 1.32565e-07 
2.565 	 8.67961e-10 	 1.37020e-07 
2.567 	 8.92730e-10 	 1.41417e-07 
2.569 	 9.16711e-10 	 1.45706e-07 
2.571 	 9.39559e-10 	 1.49829e-07 
2.573 	 9.60902e-10 	 1.53722e-07 
2.575 	 9.80345e-10 	 1.57319e-07 
2.577 	 9.97478e-10 	 1.60549e-07 
2.579 	 1.01189e-09 	 1.63343e-07 
2.581 	 1.02321e-09 	 1.65633e-07 
2.583 	 1.03106e-09 	 1.67359e-07 
2.585 	 1.03515e-09 	 1.68467e-07 
2.587 	 1.03525e-09 	 1.68918e-07 
2.589 	 1.03124e-09 	 1.68686e-07 
2.591 	 1.02305e-09 	 1.67761e-07 
2.593 	 1.01076e-09 	 1.66152e-07 
2.595 	 9.94542e-10 	 1.63884e-07 
2.597 	 9.74646e-10 	 1.60998e-07 
2.599 	 9.51422e-10 	 1.57551e-07 
2.601 	 9.25281e-10 	 1.53607e-07 
2.603 	 8.96681e-10 	 1.49242e-07 
2.605 	 8.66101e-10 	 1.44532e-07 
2.607 	 8.34027e-10 	 1.39556e-07 
2.609 	 8.00931e-10 	 1.34393e-07 
2.611 	 7.67255e-10 	 1.29113e-07 
2.613 	 7.33403e-10 	 1.23783e-07 
2.615 	 6.99733e-10 	 1.18461e-07 
2.618 	 6.66553e-10 	 1.13200e-07 
2.620 	 6.34118e-10 	 1.08040e-07 
2.622 	 6.02637e-10 	 1.03018e-07 
2.624 	 5.72271e-10 	 9.81601e-08 
2.626 	 5.43138e-10 	 9.34879e-08 
2.628 	 5.15321e-10 	 8.90159e-08 
2.630 	 4.88873e-10 	 8.47541e-08 
2.632 	 4.63817e-10 	 8.07078e-08 
2.634 	 4.40156e-10 	 7.68789e-08 
2.636 	 4.17875e-10 	 7.32662e-08 
2.638 	 3.96943e-10 	 6.98663e-08 
2.640 	 3.77320e-10 	 6.66737e-08 
2.642 	 3.58956e-10 	 6.36812e-08 
2.644 	 3.41793e-10 	 6.08808e-08 
2.646 	 3.25770e-10 	 5.82630e-08 
2.648 	 3.10821e-10 	 5.58179e-08 
2.650 	 2.96876e-10 	 5.35346e-08 
2.652 	 2.83862e-10 	 5.14015e-08 
2.654 	 2.71705e-10 	 4.94067e-08 
2.656 	 2.60329e-10 	 4.75376e-08 
2.658 	 2.49656e-10 	 4.57813e-08 
2.660 	 2.39609e-10 	 4.41247e-08 
2.662 	 2.30111e-10 	 4.25547e-08 
2.664 	 2.21088e-10 	 4.10583e-08 
2.666 	 2.12471e-10 	 3.96235e-08 
2.668 	 2.04196e-10 	 3.82390e-08 
2.670 	 1.96209e-10 	 3.68952e-08 
2.672 	 1.88464e-10 	 3.55839e-08 
2.674 	 1.80926e-10 	 3.42991e-08 
2.676 	 1.73572e-10 	 3.30369e-08 
2.678 	 1.66388e-10 	 3.17951e-08 
2.680 	 1.59371e-10 	 3.05736e-08 
2.682 	 1.52523e-10 	 2.93734e-08 
2.684 	 1.45855e-10 	 2.81970e-08 
2.686 	 1.39377e-10 	 2.70470e-08 
2.688 	 1.33101e-10 	 2.59265e-08 
2.690 	 1.27041e-10 	 2.48385e-08 
2.692 	 1.21206e-10 	 2.37856e-08 
2.694 	 1.15604e-10 	 2.27699e-08 
2.696 	 1.10240e-10 	 2.17930e-08 
2.698 	 1.05116e-10 	 2.08559e-08 
2.700 	 1.00230e-10 	 1.99590e-08 
