Energy [eV] EELS_b EELS_a 
2.500 	 1.10956e-09 	 4.52621e-09 
2.502 	 1.13739e-09 	 4.64492e-09 
2.504 	 1.16648e-09 	 4.76906e-09 
2.506 	 1.19691e-09 	 4.89893e-09 
2.508 	 1.22874e-09 	 5.03484e-09 
2.510 	 1.26204e-09 	 5.17711e-09 
2.512 	 1.29689e-09 	 5.32609e-09 
2.514 	 1.33338e-09 	 5.48212e-09 
2.516 	 1.37158e-09 	 5.64558e-09 
2.519 	 1.41159e-09 	 5.81685e-09 
2.521 	 1.45349e-09 	 5.99633e-09 
2.523 	 1.49737e-09 	 6.18441e-09 
2.525 	 1.54333e-09 	 6.38152e-09 
2.527 	 1.59146e-09 	 6.58806e-09 
2.529 	 1.64184e-09 	 6.80444e-09 
2.531 	 1.69457e-09 	 7.03108e-09 
2.533 	 1.74973e-09 	 7.26834e-09 
2.535 	 1.80740e-09 	 7.51661e-09 
2.537 	 1.86764e-09 	 7.77619e-09 
2.539 	 1.93052e-09 	 8.04737e-09 
2.541 	 1.99607e-09 	 8.33034e-09 
2.543 	 2.06430e-09 	 8.62521e-09 
2.545 	 2.13521e-09 	 8.93196e-09 
2.547 	 2.20874e-09 	 9.25045e-09 
2.549 	 2.28482e-09 	 9.58034e-09 
2.551 	 2.36329e-09 	 9.92107e-09 
2.553 	 2.44395e-09 	 1.02718e-08 
2.555 	 2.52654e-09 	 1.06315e-08 
2.557 	 2.61070e-09 	 1.09986e-08 
2.559 	 2.69598e-09 	 1.13713e-08 
2.561 	 2.78183e-09 	 1.17472e-08 
2.563 	 2.86759e-09 	 1.21235e-08 
2.565 	 2.95248e-09 	 1.24969e-08 
2.567 	 3.03560e-09 	 1.28636e-08 
2.569 	 3.11592e-09 	 1.32191e-08 
2.571 	 3.19232e-09 	 1.35586e-08 
2.573 	 3.26357e-09 	 1.38767e-08 
2.575 	 3.32839e-09 	 1.41679e-08 
2.577 	 3.38544e-09 	 1.44264e-08 
2.579 	 3.43341e-09 	 1.46465e-08 
2.581 	 3.47106e-09 	 1.48225e-08 
2.583 	 3.49726e-09 	 1.49497e-08 
2.585 	 3.51107e-09 	 1.50237e-08 
2.587 	 3.51177e-09 	 1.50413e-08 
2.589 	 3.49892e-09 	 1.50006e-08 
2.591 	 3.47242e-09 	 1.49008e-08 
2.593 	 3.43248e-09 	 1.47428e-08 
2.595 	 3.37964e-09 	 1.45288e-08 
2.597 	 3.31474e-09 	 1.42622e-08 
2.599 	 3.23888e-09 	 1.39479e-08 
2.601 	 3.15338e-09 	 1.35913e-08 
2.603 	 3.05970e-09 	 1.31986e-08 
2.605 	 2.95938e-09 	 1.27766e-08 
2.607 	 2.85397e-09 	 1.23319e-08 
2.609 	 2.74499e-09 	 1.18711e-08 
2.611 	 2.63388e-09 	 1.14002e-08 
2.613 	 2.52194e-09 	 1.09251e-08 
2.615 	 2.41036e-09 	 1.04508e-08 
2.618 	 2.30015e-09 	 9.98165e-09 
2.620 	 2.19217e-09 	 9.52148e-09 
2.622 	 2.08710e-09 	 9.07331e-09 
2.624 	 1.98552e-09 	 8.63957e-09 
2.626 	 1.88783e-09 	 8.22213e-09 
2.628 	 1.79434e-09 	 7.82230e-09 
2.630 	 1.70525e-09 	 7.44100e-09 
2.632 	 1.62065e-09 	 7.07873e-09 
2.634 	 1.54060e-09 	 6.73567e-09 
2.636 	 1.46505e-09 	 6.41176e-09 
2.638 	 1.39393e-09 	 6.10670e-09 
2.640 	 1.32713e-09 	 5.82002e-09 
2.642 	 1.26450e-09 	 5.55112e-09 
2.644 	 1.20586e-09 	 5.29927e-09 
2.646 	 1.15103e-09 	 5.06368e-09 
2.648 	 1.09978e-09 	 4.84345e-09 
2.650 	 1.05190e-09 	 4.63764e-09 
2.652 	 1.00716e-09 	 4.44524e-09 
2.654 	 9.65294e-10 	 4.26520e-09 
2.656 	 9.26064e-10 	 4.09643e-09 
2.658 	 8.89205e-10 	 3.93781e-09 
2.660 	 8.54458e-10 	 3.78820e-09 
2.662 	 8.21561e-10 	 3.64648e-09 
2.664 	 7.90263e-10 	 3.51154e-09 
2.666 	 7.60324e-10 	 3.38233e-09 
2.668 	 7.31528e-10 	 3.25791e-09 
2.670 	 7.03684e-10 	 3.13744e-09 
2.672 	 6.76637e-10 	 3.02023e-09 
2.674 	 6.50268e-10 	 2.90576e-09 
2.676 	 6.24495e-10 	 2.79368e-09 
2.678 	 5.99277e-10 	 2.68380e-09 
2.680 	 5.74601e-10 	 2.57609e-09 
2.682 	 5.50484e-10 	 2.47063e-09 
2.684 	 5.26959e-10 	 2.36758e-09 
2.686 	 5.04071e-10 	 2.26715e-09 
2.688 	 4.81868e-10 	 2.16958e-09 
2.690 	 4.60397e-10 	 2.07508e-09 
2.692 	 4.39698e-10 	 1.98385e-09 
2.694 	 4.19800e-10 	 1.89604e-09 
2.696 	 4.00724e-10 	 1.81175e-09 
2.698 	 3.82481e-10 	 1.73105e-09 
2.700 	 3.65069e-10 	 1.65394e-09 
