Energy [eV] EELS_b EELS_a 
2.500 	 1.81364e-13 	 1.83209e-10 
2.502 	 1.82411e-13 	 1.85345e-10 
2.504 	 1.83561e-13 	 1.87604e-10 
2.506 	 1.84820e-13 	 1.89997e-10 
2.508 	 1.86190e-13 	 1.92527e-10 
2.510 	 1.87677e-13 	 1.95201e-10 
2.512 	 1.89289e-13 	 1.98032e-10 
2.514 	 1.91022e-13 	 2.01016e-10 
2.516 	 1.92892e-13 	 2.04174e-10 
2.519 	 1.94898e-13 	 2.07509e-10 
2.521 	 1.97048e-13 	 2.11030e-10 
2.523 	 1.99348e-13 	 2.14746e-10 
2.525 	 2.01803e-13 	 2.18669e-10 
2.527 	 2.04423e-13 	 2.22809e-10 
2.529 	 2.07218e-13 	 2.27183e-10 
2.531 	 2.10190e-13 	 2.31795e-10 
2.533 	 2.13351e-13 	 2.36664e-10 
2.535 	 2.16710e-13 	 2.41803e-10 
2.537 	 2.20277e-13 	 2.47227e-10 
2.539 	 2.24062e-13 	 2.52954e-10 
2.541 	 2.28074e-13 	 2.58995e-10 
2.543 	 2.32325e-13 	 2.65373e-10 
2.545 	 2.36825e-13 	 2.72100e-10 
2.547 	 2.41590e-13 	 2.79203e-10 
2.549 	 2.46626e-13 	 2.86691e-10 
2.551 	 2.51948e-13 	 2.94592e-10 
2.553 	 2.57568e-13 	 3.02921e-10 
2.555 	 2.63497e-13 	 3.11700e-10 
2.557 	 2.69746e-13 	 3.20946e-10 
2.559 	 2.76329e-13 	 3.30683e-10 
2.561 	 2.83251e-13 	 3.40922e-10 
2.563 	 2.90523e-13 	 3.51683e-10 
2.565 	 2.98151e-13 	 3.62978e-10 
2.567 	 3.06137e-13 	 3.74818e-10 
2.569 	 3.14484e-13 	 3.87206e-10 
2.571 	 3.23185e-13 	 4.00141e-10 
2.573 	 3.32233e-13 	 4.13618e-10 
2.575 	 3.41614e-13 	 4.27619e-10 
2.577 	 3.51300e-13 	 4.42112e-10 
2.579 	 3.61262e-13 	 4.57060e-10 
2.581 	 3.71457e-13 	 4.72404e-10 
2.583 	 3.81831e-13 	 4.88073e-10 
2.585 	 3.92316e-13 	 5.03972e-10 
2.587 	 4.02832e-13 	 5.19990e-10 
2.589 	 4.13282e-13 	 5.35987e-10 
2.591 	 4.23552e-13 	 5.51806e-10 
2.593 	 4.33515e-13 	 5.67262e-10 
2.595 	 4.43028e-13 	 5.82156e-10 
2.597 	 4.51936e-13 	 5.96259e-10 
2.599 	 4.60074e-13 	 6.09340e-10 
2.601 	 4.67272e-13 	 6.21155e-10 
2.603 	 4.73353e-13 	 6.31456e-10 
2.605 	 4.78150e-13 	 6.40004e-10 
2.607 	 4.81505e-13 	 6.46578e-10 
2.609 	 4.83274e-13 	 6.50981e-10 
2.611 	 4.83338e-13 	 6.53047e-10 
2.613 	 4.81611e-13 	 6.52660e-10 
2.615 	 4.78040e-13 	 6.49746e-10 
2.618 	 4.72612e-13 	 6.44287e-10 
2.620 	 4.65362e-13 	 6.36328e-10 
2.622 	 4.56362e-13 	 6.25961e-10 
2.624 	 4.45734e-13 	 6.13344e-10 
2.626 	 4.33632e-13 	 5.98675e-10 
2.628 	 4.20246e-13 	 5.82200e-10 
2.630 	 4.05793e-13 	 5.64200e-10 
2.632 	 3.90497e-13 	 5.44966e-10 
2.634 	 3.74594e-13 	 5.24803e-10 
2.636 	 3.58316e-13 	 5.04019e-10 
2.638 	 3.41881e-13 	 4.82900e-10 
2.640 	 3.25486e-13 	 4.61712e-10 
2.642 	 3.09308e-13 	 4.40693e-10 
2.644 	 2.93495e-13 	 4.20045e-10 
2.646 	 2.78170e-13 	 3.99941e-10 
2.648 	 2.63427e-13 	 3.80515e-10 
2.650 	 2.49336e-13 	 3.61870e-10 
2.652 	 2.35941e-13 	 3.44076e-10 
2.654 	 2.23267e-13 	 3.27175e-10 
2.656 	 2.11322e-13 	 3.11188e-10 
2.658 	 2.00098e-13 	 2.96113e-10 
2.660 	 1.89573e-13 	 2.81929e-10 
2.662 	 1.79719e-13 	 2.68604e-10 
2.664 	 1.70495e-13 	 2.56091e-10 
2.666 	 1.61862e-13 	 2.44339e-10 
2.668 	 1.53768e-13 	 2.33281e-10 
2.670 	 1.46171e-13 	 2.22864e-10 
2.672 	 1.39017e-13 	 2.13014e-10 
2.674 	 1.32263e-13 	 2.03676e-10 
2.676 	 1.25867e-13 	 1.94789e-10 
2.678 	 1.19790e-13 	 1.86302e-10 
2.680 	 1.14000e-13 	 1.78171e-10 
2.682 	 1.08470e-13 	 1.70359e-10 
2.684 	 1.03177e-13 	 1.62838e-10 
2.686 	 9.81069e-14 	 1.55588e-10 
2.688 	 9.32487e-14 	 1.48599e-10 
2.690 	 8.85945e-14 	 1.41863e-10 
2.692 	 8.41398e-14 	 1.35377e-10 
2.694 	 7.98817e-14 	 1.29141e-10 
2.696 	 7.58170e-14 	 1.23156e-10 
2.698 	 7.19422e-14 	 1.17421e-10 
2.700 	 6.82557e-14 	 1.11936e-10 
