Energy [eV] EELS_b EELS_a 
2.500 	 1.30664e-05 	 1.41069e-04 
2.502 	 1.34821e-05 	 1.46009e-04 
2.504 	 1.39180e-05 	 1.51205e-04 
2.506 	 1.43754e-05 	 1.56673e-04 
2.508 	 1.48555e-05 	 1.62431e-04 
2.510 	 1.53596e-05 	 1.68496e-04 
2.512 	 1.58893e-05 	 1.74891e-04 
2.514 	 1.64461e-05 	 1.81635e-04 
2.516 	 1.70315e-05 	 1.88751e-04 
2.519 	 1.76474e-05 	 1.96265e-04 
2.521 	 1.82956e-05 	 2.04201e-04 
2.523 	 1.89779e-05 	 2.12587e-04 
2.525 	 1.96963e-05 	 2.21453e-04 
2.527 	 2.04530e-05 	 2.30827e-04 
2.529 	 2.12500e-05 	 2.40743e-04 
2.531 	 2.20897e-05 	 2.51234e-04 
2.533 	 2.29742e-05 	 2.62333e-04 
2.535 	 2.39060e-05 	 2.74077e-04 
2.537 	 2.48873e-05 	 2.86501e-04 
2.539 	 2.59203e-05 	 2.99642e-04 
2.541 	 2.70073e-05 	 3.13534e-04 
2.543 	 2.81502e-05 	 3.28211e-04 
2.545 	 2.93510e-05 	 3.43705e-04 
2.547 	 3.06109e-05 	 3.60043e-04 
2.549 	 3.19312e-05 	 3.77246e-04 
2.551 	 3.33121e-05 	 3.95328e-04 
2.553 	 3.47535e-05 	 4.14292e-04 
2.555 	 3.62541e-05 	 4.34127e-04 
2.557 	 3.78115e-05 	 4.54807e-04 
2.559 	 3.94220e-05 	 4.76283e-04 
2.561 	 4.10802e-05 	 4.98483e-04 
2.563 	 4.27788e-05 	 5.21302e-04 
2.565 	 4.45082e-05 	 5.44606e-04 
2.567 	 4.62565e-05 	 5.68218e-04 
2.569 	 4.80092e-05 	 5.91923e-04 
2.571 	 4.97490e-05 	 6.15460e-04 
2.573 	 5.14558e-05 	 6.38525e-04 
2.575 	 5.31070e-05 	 6.60776e-04 
2.577 	 5.46777e-05 	 6.81834e-04 
2.579 	 5.61410e-05 	 7.01297e-04 
2.581 	 5.74696e-05 	 7.18752e-04 
2.583 	 5.86357e-05 	 7.33796e-04 
2.585 	 5.96132e-05 	 7.46054e-04 
2.587 	 6.03782e-05 	 7.55199e-04 
2.589 	 6.09109e-05 	 7.60976e-04 
2.591 	 6.11963e-05 	 7.63218e-04 
2.593 	 6.12254e-05 	 7.61857e-04 
2.595 	 6.09957e-05 	 7.56929e-04 
2.597 	 6.05115e-05 	 7.48574e-04 
2.599 	 5.97834e-05 	 7.37024e-04 
2.601 	 5.88281e-05 	 7.22588e-04 
2.603 	 5.76670e-05 	 7.05635e-04 
2.605 	 5.63251e-05 	 6.86568e-04 
2.607 	 5.48301e-05 	 6.65807e-04 
2.609 	 5.32107e-05 	 6.43768e-04 
2.611 	 5.14955e-05 	 6.20848e-04 
2.613 	 4.97122e-05 	 5.97414e-04 
2.615 	 4.78866e-05 	 5.73794e-04 
2.618 	 4.60422e-05 	 5.50274e-04 
2.620 	 4.41998e-05 	 5.27095e-04 
2.622 	 4.23773e-05 	 5.04454e-04 
2.624 	 4.05897e-05 	 4.82509e-04 
2.626 	 3.88494e-05 	 4.61381e-04 
2.628 	 3.71660e-05 	 4.41160e-04 
2.630 	 3.55470e-05 	 4.21906e-04 
2.632 	 3.39977e-05 	 4.03657e-04 
2.634 	 3.25217e-05 	 3.86431e-04 
2.636 	 3.11210e-05 	 3.70230e-04 
2.638 	 2.97965e-05 	 3.55043e-04 
2.640 	 2.85479e-05 	 3.40848e-04 
2.642 	 2.73739e-05 	 3.27615e-04 
2.644 	 2.62726e-05 	 3.15306e-04 
2.646 	 2.52413e-05 	 3.03877e-04 
2.648 	 2.42770e-05 	 2.93278e-04 
2.650 	 2.33760e-05 	 2.83454e-04 
2.652 	 2.25341e-05 	 2.74346e-04 
2.654 	 2.17469e-05 	 2.65887e-04 
2.656 	 2.10094e-05 	 2.58009e-04 
2.658 	 2.03164e-05 	 2.50638e-04 
2.660 	 1.96624e-05 	 2.43695e-04 
2.662 	 1.90420e-05 	 2.37104e-04 
2.664 	 1.84494e-05 	 2.30785e-04 
2.666 	 1.78793e-05 	 2.24663e-04 
2.668 	 1.73267e-05 	 2.18667e-04 
2.670 	 1.67872e-05 	 2.12738e-04 
2.672 	 1.62571e-05 	 2.06825e-04 
2.674 	 1.57337e-05 	 2.00893e-04 
2.676 	 1.52151e-05 	 1.94920e-04 
2.678 	 1.47004e-05 	 1.88898e-04 
2.680 	 1.41897e-05 	 1.82833e-04 
2.682 	 1.36837e-05 	 1.76743e-04 
2.684 	 1.31836e-05 	 1.70651e-04 
2.686 	 1.26911e-05 	 1.64587e-04 
2.688 	 1.22077e-05 	 1.58581e-04 
2.690 	 1.17353e-05 	 1.52664e-04 
2.692 	 1.12754e-05 	 1.46865e-04 
2.694 	 1.08292e-05 	 1.41207e-04 
2.696 	 1.03979e-05 	 1.35710e-04 
2.698 	 9.98228e-06 	 1.30391e-04 
2.700 	 9.58277e-06 	 1.25261e-04 
