Energy [eV] EELS_b EELS_a 
2.500 	 1.49365e-13 	 1.45203e-10 
2.502 	 1.49868e-13 	 1.46427e-10 
2.504 	 1.50451e-13 	 1.47739e-10 
2.506 	 1.51111e-13 	 1.49133e-10 
2.508 	 1.51856e-13 	 1.50619e-10 
2.510 	 1.52686e-13 	 1.52198e-10 
2.512 	 1.53607e-13 	 1.53880e-10 
2.514 	 1.54619e-13 	 1.55663e-10 
2.516 	 1.55730e-13 	 1.57560e-10 
2.519 	 1.56940e-13 	 1.59568e-10 
2.521 	 1.58257e-13 	 1.61700e-10 
2.523 	 1.59685e-13 	 1.63962e-10 
2.525 	 1.61224e-13 	 1.66353e-10 
2.527 	 1.62883e-13 	 1.68887e-10 
2.529 	 1.64668e-13 	 1.71570e-10 
2.531 	 1.66583e-13 	 1.74410e-10 
2.533 	 1.68636e-13 	 1.77417e-10 
2.535 	 1.70834e-13 	 1.80601e-10 
2.537 	 1.73181e-13 	 1.83967e-10 
2.539 	 1.75687e-13 	 1.87530e-10 
2.541 	 1.78360e-13 	 1.91300e-10 
2.543 	 1.81205e-13 	 1.95287e-10 
2.545 	 1.84237e-13 	 1.99507e-10 
2.547 	 1.87458e-13 	 2.03970e-10 
2.549 	 1.90880e-13 	 2.08692e-10 
2.551 	 1.94515e-13 	 2.13687e-10 
2.553 	 1.98372e-13 	 2.18970e-10 
2.555 	 2.02460e-13 	 2.24558e-10 
2.557 	 2.06792e-13 	 2.30469e-10 
2.559 	 2.11375e-13 	 2.36715e-10 
2.561 	 2.16224e-13 	 2.43321e-10 
2.563 	 2.21350e-13 	 2.50303e-10 
2.565 	 2.26757e-13 	 2.57675e-10 
2.567 	 2.32456e-13 	 2.65458e-10 
2.569 	 2.38458e-13 	 2.73671e-10 
2.571 	 2.44766e-13 	 2.82327e-10 
2.573 	 2.51386e-13 	 2.91444e-10 
2.575 	 2.58318e-13 	 3.01033e-10 
2.577 	 2.65559e-13 	 3.11104e-10 
2.579 	 2.73101e-13 	 3.21660e-10 
2.581 	 2.80933e-13 	 3.32704e-10 
2.583 	 2.89029e-13 	 3.44223e-10 
2.585 	 2.97364e-13 	 3.56203e-10 
2.587 	 3.05897e-13 	 3.68617e-10 
2.589 	 3.14578e-13 	 3.81424e-10 
2.591 	 3.23339e-13 	 3.94564e-10 
2.593 	 3.32103e-13 	 4.07966e-10 
2.595 	 3.40771e-13 	 4.21532e-10 
2.597 	 3.49237e-13 	 4.35150e-10 
2.599 	 3.57365e-13 	 4.48674e-10 
2.601 	 3.65014e-13 	 4.61941e-10 
2.603 	 3.72026e-13 	 4.74762e-10 
2.605 	 3.78236e-13 	 4.86930e-10 
2.607 	 3.83467e-13 	 4.98211e-10 
2.609 	 3.87552e-13 	 5.08366e-10 
2.611 	 3.90329e-13 	 5.17148e-10 
2.613 	 3.91658e-13 	 5.24319e-10 
2.615 	 3.91424e-13 	 5.29654e-10 
2.618 	 3.89546e-13 	 5.32958e-10 
2.620 	 3.85992e-13 	 5.34079e-10 
2.622 	 3.80766e-13 	 5.32908e-10 
2.624 	 3.73927e-13 	 5.29403e-10 
2.626 	 3.65577e-13 	 5.23579e-10 
2.628 	 3.55857e-13 	 5.15517e-10 
2.630 	 3.44945e-13 	 5.05359e-10 
2.632 	 3.33039e-13 	 4.93299e-10 
2.634 	 3.20352e-13 	 4.79576e-10 
2.636 	 3.07102e-13 	 4.64460e-10 
2.638 	 2.93496e-13 	 4.48233e-10 
2.640 	 2.79736e-13 	 4.31190e-10 
2.642 	 2.65999e-13 	 4.13612e-10 
2.644 	 2.52440e-13 	 3.95761e-10 
2.646 	 2.39189e-13 	 3.77879e-10 
2.648 	 2.26350e-13 	 3.60173e-10 
2.650 	 2.14007e-13 	 3.42820e-10 
2.652 	 2.02217e-13 	 3.25963e-10 
2.654 	 1.91018e-13 	 3.09709e-10 
2.656 	 1.80428e-13 	 2.94138e-10 
2.658 	 1.70454e-13 	 2.79303e-10 
2.660 	 1.61086e-13 	 2.65229e-10 
2.662 	 1.52310e-13 	 2.51926e-10 
2.664 	 1.44097e-13 	 2.39382e-10 
2.666 	 1.36414e-13 	 2.27571e-10 
2.668 	 1.29231e-13 	 2.16464e-10 
2.670 	 1.22504e-13 	 2.06012e-10 
2.672 	 1.16196e-13 	 1.96171e-10 
2.674 	 1.10267e-13 	 1.86887e-10 
2.676 	 1.04681e-13 	 1.78113e-10 
2.678 	 9.94011e-14 	 1.69796e-10 
2.680 	 9.43995e-14 	 1.61896e-10 
2.682 	 8.96496e-14 	 1.54372e-10 
2.684 	 8.51288e-14 	 1.47190e-10 
2.686 	 8.08202e-14 	 1.40324e-10 
2.688 	 7.67102e-14 	 1.33753e-10 
2.690 	 7.27893e-14 	 1.27461e-10 
2.692 	 6.90507e-14 	 1.21439e-10 
2.694 	 6.54877e-14 	 1.15677e-10 
2.696 	 6.20964e-14 	 1.10170e-10 
2.698 	 5.88723e-14 	 1.04914e-10 
2.700 	 5.58123e-14 	 9.99045e-11 
