Energy [eV] EELS_b EELS_a 
2.500 	 3.78062e-09 	 2.74043e-07 
2.502 	 3.87940e-09 	 2.82135e-07 
2.504 	 3.98265e-09 	 2.90608e-07 
2.506 	 4.09061e-09 	 2.99484e-07 
2.508 	 4.20354e-09 	 3.08784e-07 
2.510 	 4.32168e-09 	 3.18533e-07 
2.512 	 4.44532e-09 	 3.28755e-07 
2.514 	 4.57473e-09 	 3.39478e-07 
2.516 	 4.71020e-09 	 3.50728e-07 
2.519 	 4.85204e-09 	 3.62534e-07 
2.521 	 5.00056e-09 	 3.74925e-07 
2.523 	 5.15606e-09 	 3.87932e-07 
2.525 	 5.31886e-09 	 4.01586e-07 
2.527 	 5.48929e-09 	 4.15918e-07 
2.529 	 5.66763e-09 	 4.30961e-07 
2.531 	 5.85420e-09 	 4.46745e-07 
2.533 	 6.04926e-09 	 4.63302e-07 
2.535 	 6.25307e-09 	 4.80661e-07 
2.537 	 6.46585e-09 	 4.98848e-07 
2.539 	 6.68775e-09 	 5.17887e-07 
2.541 	 6.91887e-09 	 5.37798e-07 
2.543 	 7.15923e-09 	 5.58593e-07 
2.545 	 7.40873e-09 	 5.80276e-07 
2.547 	 7.66715e-09 	 6.02845e-07 
2.549 	 7.93412e-09 	 6.26280e-07 
2.551 	 8.20907e-09 	 6.50549e-07 
2.553 	 8.49123e-09 	 6.75603e-07 
2.555 	 8.77955e-09 	 7.01370e-07 
2.557 	 9.07271e-09 	 7.27752e-07 
2.559 	 9.36906e-09 	 7.54624e-07 
2.561 	 9.66659e-09 	 7.81830e-07 
2.563 	 9.96291e-09 	 8.09177e-07 
2.565 	 1.02552e-08 	 8.36436e-07 
2.567 	 1.05403e-08 	 8.63338e-07 
2.569 	 1.08147e-08 	 8.89579e-07 
2.571 	 1.10743e-08 	 9.14815e-07 
2.573 	 1.13151e-08 	 9.38673e-07 
2.575 	 1.15325e-08 	 9.60756e-07 
2.577 	 1.17223e-08 	 9.80654e-07 
2.579 	 1.18799e-08 	 9.97956e-07 
2.581 	 1.20013e-08 	 1.01227e-06 
2.583 	 1.20830e-08 	 1.02323e-06 
2.585 	 1.21220e-08 	 1.03054e-06 
2.587 	 1.21162e-08 	 1.03395e-06 
2.589 	 1.20643e-08 	 1.03332e-06 
2.591 	 1.19664e-08 	 1.02858e-06 
2.593 	 1.18234e-08 	 1.01977e-06 
2.595 	 1.16373e-08 	 1.00703e-06 
2.597 	 1.14113e-08 	 9.90596e-07 
2.599 	 1.11491e-08 	 9.70782e-07 
2.601 	 1.08553e-08 	 9.47965e-07 
2.603 	 1.05348e-08 	 9.22569e-07 
2.605 	 1.01928e-08 	 8.95043e-07 
2.607 	 9.83430e-09 	 8.65846e-07 
2.609 	 9.46446e-09 	 8.35427e-07 
2.611 	 9.08796e-09 	 8.04212e-07 
2.613 	 8.70909e-09 	 7.72592e-07 
2.615 	 8.33169e-09 	 7.40921e-07 
2.618 	 7.95907e-09 	 7.09506e-07 
2.620 	 7.59402e-09 	 6.78606e-07 
2.622 	 7.23882e-09 	 6.48439e-07 
2.624 	 6.89528e-09 	 6.19178e-07 
2.626 	 6.56477e-09 	 5.90956e-07 
2.628 	 6.24828e-09 	 5.63873e-07 
2.630 	 5.94645e-09 	 5.37997e-07 
2.632 	 5.65965e-09 	 5.13370e-07 
2.634 	 5.38800e-09 	 4.90013e-07 
2.636 	 5.13142e-09 	 4.67928e-07 
2.638 	 4.88967e-09 	 4.47101e-07 
2.640 	 4.66238e-09 	 4.27507e-07 
2.642 	 4.44906e-09 	 4.09108e-07 
2.644 	 4.24916e-09 	 3.91861e-07 
2.646 	 4.06204e-09 	 3.75715e-07 
2.648 	 3.88700e-09 	 3.60612e-07 
2.650 	 3.72330e-09 	 3.46490e-07 
2.652 	 3.57015e-09 	 3.33280e-07 
2.654 	 3.42673e-09 	 3.20911e-07 
2.656 	 3.29217e-09 	 3.09307e-07 
2.658 	 3.16560e-09 	 2.98390e-07 
2.660 	 3.04612e-09 	 2.88077e-07 
2.662 	 2.93283e-09 	 2.78288e-07 
2.664 	 2.82487e-09 	 2.68941e-07 
2.666 	 2.72141e-09 	 2.59961e-07 
2.668 	 2.62170e-09 	 2.51275e-07 
2.670 	 2.52508e-09 	 2.42823e-07 
2.672 	 2.43101e-09 	 2.34553e-07 
2.674 	 2.33909e-09 	 2.26427e-07 
2.676 	 2.24904e-09 	 2.18421e-07 
2.678 	 2.16073e-09 	 2.10521e-07 
2.680 	 2.07413e-09 	 2.02727e-07 
2.682 	 1.98932e-09 	 1.95050e-07 
2.684 	 1.90643e-09 	 1.87504e-07 
2.686 	 1.82563e-09 	 1.80109e-07 
2.688 	 1.74712e-09 	 1.72888e-07 
2.690 	 1.67108e-09 	 1.65861e-07 
2.692 	 1.59766e-09 	 1.59048e-07 
2.694 	 1.52699e-09 	 1.52463e-07 
2.696 	 1.45915e-09 	 1.46118e-07 
2.698 	 1.39419e-09 	 1.40021e-07 
2.700 	 1.33212e-09 	 1.34177e-07 
