Energy [eV] EELS_b EELS_a 
1.500 	 2.92142e-05 	 8.61530e-05 
1.510 	 3.06395e-05 	 8.98514e-05 
1.520 	 3.21854e-05 	 9.38166e-05 
1.530 	 3.38651e-05 	 9.80738e-05 
1.541 	 3.56940e-05 	 1.02651e-04 
1.551 	 3.76895e-05 	 1.07581e-04 
1.561 	 3.98720e-05 	 1.12899e-04 
1.571 	 4.22650e-05 	 1.18645e-04 
1.581 	 4.48958e-05 	 1.24866e-04 
1.591 	 4.77963e-05 	 1.31615e-04 
1.601 	 5.10041e-05 	 1.38952e-04 
1.611 	 5.45638e-05 	 1.46947e-04 
1.621 	 5.85283e-05 	 1.55679e-04 
1.632 	 6.29608e-05 	 1.65242e-04 
1.642 	 6.79372e-05 	 1.75742e-04 
1.652 	 7.35498e-05 	 1.87306e-04 
1.662 	 7.99108e-05 	 2.00081e-04 
1.672 	 8.71588e-05 	 2.14240e-04 
1.682 	 9.54655e-05 	 2.29991e-04 
1.692 	 1.05046e-04 	 2.47579e-04 
1.702 	 1.16174e-04 	 2.67300e-04 
1.712 	 1.29197e-04 	 2.89510e-04 
1.722 	 1.44566e-04 	 3.14644e-04 
1.733 	 1.62873e-04 	 3.43235e-04 
1.743 	 1.84904e-04 	 3.75942e-04 
1.753 	 2.11719e-04 	 4.13584e-04 
1.763 	 2.44769e-04 	 4.57198e-04 
1.773 	 2.86074e-04 	 5.08100e-04 
1.783 	 3.38496e-04 	 5.67987e-04 
1.793 	 4.06141e-04 	 6.39069e-04 
1.803 	 4.94974e-04 	 7.24263e-04 
1.813 	 6.13680e-04 	 8.27475e-04 
1.823 	 7.74647e-04 	 9.54010e-04 
1.834 	 9.94317e-04 	 1.11119e-03 
1.844 	 1.28985e-03 	 1.30933e-03 
1.854 	 1.66379e-03 	 1.56315e-03 
1.864 	 2.06491e-03 	 1.89407e-03 
1.874 	 2.34919e-03 	 2.33365e-03 
1.884 	 2.35845e-03 	 2.92859e-03 
1.894 	 2.11075e-03 	 3.74695e-03 
1.904 	 1.78173e-03 	 4.88145e-03 
1.914 	 1.51183e-03 	 6.43276e-03 
1.924 	 1.34454e-03 	 8.42155e-03 
1.935 	 1.25793e-03 	 1.05504e-02 
1.945 	 1.18768e-03 	 1.19582e-02 
1.955 	 1.06757e-03 	 1.17231e-02 
1.965 	 8.94915e-04 	 1.00163e-02 
1.975 	 7.17064e-04 	 7.85942e-03 
1.985 	 5.67615e-04 	 5.97117e-03 
1.995 	 4.52860e-04 	 4.53556e-03 
2.005 	 3.67061e-04 	 3.49469e-03 
2.015 	 3.02748e-04 	 2.74498e-03 
2.026 	 2.53857e-04 	 2.19931e-03 
2.036 	 2.16038e-04 	 1.79546e-03 
2.046 	 1.86273e-04 	 1.49110e-03 
2.056 	 1.62473e-04 	 1.25768e-03 
2.066 	 1.43177e-04 	 1.07582e-03 
2.076 	 1.27345e-04 	 9.32150e-04 
2.086 	 1.14227e-04 	 8.17323e-04 
2.096 	 1.03272e-04 	 7.24697e-04 
2.106 	 9.40730e-05 	 6.49494e-04 
2.116 	 8.63254e-05 	 5.88240e-04 
2.127 	 7.98016e-05 	 5.38405e-04 
2.137 	 7.43337e-05 	 4.98153e-04 
2.147 	 6.98020e-05 	 4.66189e-04 
2.157 	 6.61286e-05 	 4.41655e-04 
2.167 	 6.32751e-05 	 4.24082e-04 
2.177 	 6.12446e-05 	 4.13376e-04 
2.187 	 6.00884e-05 	 4.09857e-04 
2.197 	 5.99196e-05 	 4.14336e-04 
2.207 	 6.09363e-05 	 4.28284e-04 
2.217 	 6.34580e-05 	 4.54087e-04 
2.228 	 6.79780e-05 	 4.95477e-04 
2.238 	 7.52224e-05 	 5.58143e-04 
2.248 	 8.61530e-05 	 6.50492e-04 
2.258 	 1.01694e-04 	 7.84004e-04 
2.268 	 1.21656e-04 	 9.70985e-04 
2.278 	 1.42582e-04 	 1.21326e-03 
2.288 	 1.56972e-04 	 1.47232e-03 
2.298 	 1.57710e-04 	 1.64007e-03 
2.308 	 1.43649e-04 	 1.60341e-03 
2.318 	 1.20869e-04 	 1.38537e-03 
2.329 	 9.76675e-05 	 1.11251e-03 
2.339 	 7.85316e-05 	 8.73681e-04 
2.349 	 6.40959e-05 	 6.92018e-04 
2.359 	 5.34998e-05 	 5.60792e-04 
2.369 	 4.57246e-05 	 4.67565e-04 
2.379 	 3.99758e-05 	 4.02007e-04 
2.389 	 3.57087e-05 	 3.57083e-04 
2.399 	 3.25746e-05 	 3.28569e-04 
2.409 	 3.03662e-05 	 3.14412e-04 
2.420 	 2.89702e-05 	 3.14109e-04 
2.430 	 2.82957e-05 	 3.27512e-04 
2.440 	 2.81219e-05 	 3.51671e-04 
2.450 	 2.78952e-05 	 3.75097e-04 
2.460 	 2.68777e-05 	 3.77678e-04 
2.470 	 2.48951e-05 	 3.49347e-04 
2.480 	 2.25269e-05 	 3.03486e-04 
2.490 	 2.03618e-05 	 2.58806e-04 
2.500 	 1.86193e-05 	 2.24036e-04 
