Energy [eV] EELS_b EELS_a 
2.500 	 1.59080e-13 	 1.53513e-10 
2.502 	 1.60143e-13 	 1.55321e-10 
2.504 	 1.61306e-13 	 1.57239e-10 
2.506 	 1.62561e-13 	 1.59261e-10 
2.508 	 1.63918e-13 	 1.61398e-10 
2.510 	 1.65386e-13 	 1.63662e-10 
2.512 	 1.66963e-13 	 1.66050e-10 
2.514 	 1.68666e-13 	 1.68582e-10 
2.516 	 1.70477e-13 	 1.71244e-10 
2.519 	 1.72427e-13 	 1.74066e-10 
2.521 	 1.74496e-13 	 1.77033e-10 
2.523 	 1.76708e-13 	 1.80170e-10 
2.525 	 1.79071e-13 	 1.83485e-10 
2.527 	 1.81580e-13 	 1.86980e-10 
2.529 	 1.84253e-13 	 1.90672e-10 
2.531 	 1.87088e-13 	 1.94566e-10 
2.533 	 1.90098e-13 	 1.98675e-10 
2.535 	 1.93294e-13 	 2.03016e-10 
2.537 	 1.96679e-13 	 2.07593e-10 
2.539 	 2.00269e-13 	 2.12430e-10 
2.541 	 2.04069e-13 	 2.17533e-10 
2.543 	 2.08093e-13 	 2.22922e-10 
2.545 	 2.12338e-13 	 2.28603e-10 
2.547 	 2.16830e-13 	 2.34605e-10 
2.549 	 2.21572e-13 	 2.40937e-10 
2.551 	 2.26578e-13 	 2.47619e-10 
2.553 	 2.31855e-13 	 2.54668e-10 
2.555 	 2.37416e-13 	 2.62105e-10 
2.557 	 2.43273e-13 	 2.69948e-10 
2.559 	 2.49427e-13 	 2.78210e-10 
2.561 	 2.55890e-13 	 2.86912e-10 
2.563 	 2.62669e-13 	 2.96074e-10 
2.565 	 2.69764e-13 	 3.05703e-10 
2.567 	 2.77175e-13 	 3.15817e-10 
2.569 	 2.84897e-13 	 3.26422e-10 
2.571 	 2.92921e-13 	 3.37521e-10 
2.573 	 3.01237e-13 	 3.49118e-10 
2.575 	 3.09825e-13 	 3.61209e-10 
2.577 	 3.18647e-13 	 3.73767e-10 
2.579 	 3.27675e-13 	 3.86778e-10 
2.581 	 3.36849e-13 	 4.00196e-10 
2.583 	 3.46114e-13 	 4.13973e-10 
2.585 	 3.55399e-13 	 4.28042e-10 
2.587 	 3.64604e-13 	 4.42308e-10 
2.589 	 3.73632e-13 	 4.56668e-10 
2.591 	 3.82367e-13 	 4.70995e-10 
2.593 	 3.90675e-13 	 4.85133e-10 
2.595 	 3.98416e-13 	 4.98911e-10 
2.597 	 4.05438e-13 	 5.12135e-10 
2.599 	 4.11581e-13 	 5.24586e-10 
2.601 	 4.16703e-13 	 5.36051e-10 
2.603 	 4.20637e-13 	 5.46281e-10 
2.605 	 4.23254e-13 	 5.55046e-10 
2.607 	 4.24435e-13 	 5.62121e-10 
2.609 	 4.24084e-13 	 5.67299e-10 
2.611 	 4.22132e-13 	 5.70390e-10 
2.613 	 4.18545e-13 	 5.71251e-10 
2.615 	 4.13337e-13 	 5.69795e-10 
2.618 	 4.06544e-13 	 5.65968e-10 
2.620 	 3.98243e-13 	 5.59782e-10 
2.622 	 3.88551e-13 	 5.51313e-10 
2.624 	 3.77614e-13 	 5.40693e-10 
2.626 	 3.65602e-13 	 5.28106e-10 
2.628 	 3.52700e-13 	 5.13778e-10 
2.630 	 3.39106e-13 	 4.97972e-10 
2.632 	 3.25020e-13 	 4.80969e-10 
2.634 	 3.10638e-13 	 4.63061e-10 
2.636 	 2.96143e-13 	 4.44536e-10 
2.638 	 2.81705e-13 	 4.25669e-10 
2.640 	 2.67464e-13 	 4.06705e-10 
2.642 	 2.53548e-13 	 3.87863e-10 
2.644 	 2.40063e-13 	 3.69342e-10 
2.646 	 2.27083e-13 	 3.51290e-10 
2.648 	 2.14668e-13 	 3.33837e-10 
2.650 	 2.02860e-13 	 3.17074e-10 
2.652 	 1.91680e-13 	 3.01067e-10 
2.654 	 1.81135e-13 	 2.85854e-10 
2.656 	 1.71217e-13 	 2.71450e-10 
2.658 	 1.61917e-13 	 2.57863e-10 
2.660 	 1.53205e-13 	 2.45069e-10 
2.662 	 1.45057e-13 	 2.33044e-10 
2.664 	 1.37434e-13 	 2.21747e-10 
2.666 	 1.30303e-13 	 2.11136e-10 
2.668 	 1.23622e-13 	 2.01160e-10 
2.670 	 1.17354e-13 	 1.91767e-10 
2.672 	 1.11457e-13 	 1.82901e-10 
2.674 	 1.05897e-13 	 1.74514e-10 
2.676 	 1.00638e-13 	 1.66555e-10 
2.678 	 9.56516e-14 	 1.58982e-10 
2.680 	 9.09103e-14 	 1.51756e-10 
2.682 	 8.63929e-14 	 1.44845e-10 
2.684 	 8.20833e-14 	 1.38225e-10 
2.686 	 7.79676e-14 	 1.31877e-10 
2.688 	 7.40357e-14 	 1.25788e-10 
2.690 	 7.02797e-14 	 1.19945e-10 
2.692 	 6.66946e-14 	 1.14345e-10 
2.694 	 6.32778e-14 	 1.08984e-10 
2.696 	 6.00250e-14 	 1.03860e-10 
2.698 	 5.69310e-14 	 9.89626e-11 
2.700 	 5.39925e-14 	 9.42942e-11 
