Energy [eV] Ext Cross [um^2] Abs Cross [um^2] Sca Cross [um^2] 
2.480 	 7.74328e-03 	 4.42792e-03 	 3.31536e-03 
2.443 	 7.14887e-03 	 3.85992e-03 	 3.28895e-03 
2.407 	 6.88013e-03 	 3.51778e-03 	 3.36234e-03 
2.373 	 6.80681e-03 	 3.30932e-03 	 3.49748e-03 
2.339 	 6.86028e-03 	 3.18692e-03 	 3.67337e-03 
2.306 	 6.98868e-03 	 3.11104e-03 	 3.87764e-03 
2.274 	 7.17843e-03 	 3.07475e-03 	 4.10368e-03 
2.243 	 7.41886e-03 	 3.07285e-03 	 4.34601e-03 
2.213 	 7.68993e-03 	 3.08913e-03 	 4.60079e-03 
2.184 	 7.98493e-03 	 3.11757e-03 	 4.86736e-03 
2.155 	 8.30064e-03 	 3.15620e-03 	 5.14444e-03 
2.127 	 8.62160e-03 	 3.18978e-03 	 5.43182e-03 
2.100 	 8.96285e-03 	 3.23334e-03 	 5.72951e-03 
2.074 	 9.39511e-03 	 3.36791e-03 	 6.02720e-03 
2.048 	 9.86745e-03 	 3.53301e-03 	 6.33444e-03 
2.023 	 1.03511e-02 	 3.69554e-03 	 6.65552e-03 
1.998 	 1.08513e-02 	 3.86502e-03 	 6.98627e-03 
1.974 	 1.13779e-02 	 4.05208e-03 	 7.32583e-03 
1.951 	 1.19380e-02 	 4.26433e-03 	 7.67368e-03 
1.928 	 1.25389e-02 	 4.50737e-03 	 8.03150e-03 
1.905 	 1.31936e-02 	 4.77340e-03 	 8.42023e-03 
1.884 	 1.39516e-02 	 5.02419e-03 	 8.92741e-03 
1.862 	 1.48854e-02 	 5.36855e-03 	 9.51687e-03 
1.841 	 1.58599e-02 	 5.86178e-03 	 9.99808e-03 
1.821 	 1.65913e-02 	 6.14997e-03 	 1.04413e-02 
1.801 	 1.73590e-02 	 6.40422e-03 	 1.09548e-02 
1.782 	 1.83507e-02 	 6.81870e-03 	 1.15320e-02 
1.763 	 1.95491e-02 	 7.38298e-03 	 1.21661e-02 
1.744 	 2.09630e-02 	 8.09696e-03 	 1.28660e-02 
1.726 	 2.26379e-02 	 8.99014e-03 	 1.36478e-02 
1.708 	 2.46546e-02 	 1.01198e-02 	 1.45348e-02 
1.690 	 2.71406e-02 	 1.15793e-02 	 1.55613e-02 
1.673 	 3.02983e-02 	 1.35195e-02 	 1.67788e-02 
1.656 	 3.44573e-02 	 1.61888e-02 	 1.82685e-02 
1.640 	 4.01684e-02 	 2.00068e-02 	 2.01615e-02 
1.623 	 4.83478e-02 	 2.56792e-02 	 2.26687e-02 
1.608 	 6.03460e-02 	 3.42600e-02 	 2.60861e-02 
1.592 	 7.70301e-02 	 4.64645e-02 	 3.05656e-02 
1.577 	 9.42501e-02 	 5.91659e-02 	 3.50842e-02 
1.562 	 1.00079e-01 	 6.31056e-02 	 3.69736e-02 
1.547 	 9.43352e-02 	 5.79400e-02 	 3.63952e-02 
1.533 	 9.09741e-02 	 5.45465e-02 	 3.64277e-02 
1.519 	 9.62342e-02 	 5.82565e-02 	 3.79777e-02 
1.505 	 1.08134e-01 	 6.85175e-02 	 3.96168e-02 
1.491 	 1.17074e-01 	 7.90156e-02 	 3.80588e-02 
1.478 	 1.09317e-01 	 7.81832e-02 	 3.11341e-02 
1.464 	 8.72227e-02 	 6.45820e-02 	 2.26407e-02 
1.452 	 6.56761e-02 	 4.87012e-02 	 1.69750e-02 
1.439 	 5.09252e-02 	 3.65659e-02 	 1.43593e-02 
1.426 	 4.19987e-02 	 2.84262e-02 	 1.35725e-02 
1.414 	 3.68226e-02 	 2.31028e-02 	 1.37199e-02 
1.402 	 3.39249e-02 	 1.95915e-02 	 1.43334e-02 
1.390 	 3.24285e-02 	 1.72411e-02 	 1.51874e-02 
1.379 	 3.18262e-02 	 1.56522e-02 	 1.61740e-02 
1.367 	 3.18212e-02 	 1.45794e-02 	 1.72418e-02 
1.356 	 3.22357e-02 	 1.38686e-02 	 1.83671e-02 
1.345 	 3.29605e-02 	 1.34207e-02 	 1.95398e-02 
1.334 	 3.39275e-02 	 1.31704e-02 	 2.07571e-02 
1.323 	 3.50937e-02 	 1.30737e-02 	 2.20201e-02 
1.313 	 3.64320e-02 	 1.31003e-02 	 2.33317e-02 
1.302 	 3.79258e-02 	 1.32293e-02 	 2.46965e-02 
1.292 	 3.95658e-02 	 1.34461e-02 	 2.61197e-02 
1.282 	 4.13478e-02 	 1.37405e-02 	 2.76073e-02 
1.272 	 4.32712e-02 	 1.41054e-02 	 2.91658e-02 
1.262 	 4.53386e-02 	 1.45364e-02 	 3.08022e-02 
1.253 	 4.75547e-02 	 1.50307e-02 	 3.25241e-02 
1.243 	 4.99264e-02 	 1.55869e-02 	 3.43394e-02 
1.234 	 5.24622e-02 	 1.62050e-02 	 3.62571e-02 
1.225 	 5.51724e-02 	 1.68859e-02 	 3.82865e-02 
1.216 	 5.80691e-02 	 1.76311e-02 	 4.04379e-02 
1.207 	 6.11659e-02 	 1.84434e-02 	 4.27225e-02 
1.198 	 6.44783e-02 	 1.93260e-02 	 4.51523e-02 
1.189 	 6.80235e-02 	 2.02828e-02 	 4.77407e-02 
1.181 	 7.18208e-02 	 2.13187e-02 	 5.05022e-02 
1.172 	 7.58916e-02 	 2.24390e-02 	 5.34526e-02 
1.164 	 8.02594e-02 	 2.36501e-02 	 5.66093e-02 
1.156 	 8.49504e-02 	 2.49590e-02 	 5.99914e-02 
1.148 	 8.99935e-02 	 2.63736e-02 	 6.36199e-02 
1.140 	 9.54206e-02 	 2.79027e-02 	 6.75179e-02 
1.132 	 1.01267e-01 	 2.95562e-02 	 7.17104e-02 
1.124 	 1.07570e-01 	 3.13450e-02 	 7.62253e-02 
1.117 	 1.14374e-01 	 3.32809e-02 	 8.10927e-02 
1.109 	 1.21723e-01 	 3.53771e-02 	 8.63455e-02 
1.102 	 1.29668e-01 	 3.76480e-02 	 9.20196e-02 
1.094 	 1.38263e-01 	 4.01091e-02 	 9.81537e-02 
1.087 	 1.47567e-01 	 4.27774e-02 	 1.04790e-01 
1.080 	 1.57642e-01 	 4.56709e-02 	 1.11971e-01 
1.073 	 1.68555e-01 	 4.88087e-02 	 1.19747e-01 
1.066 	 1.80374e-01 	 5.22106e-02 	 1.28164e-01 
1.059 	 1.93169e-01 	 5.58973e-02 	 1.37272e-01 
1.052 	 2.07010e-01 	 5.98888e-02 	 1.47121e-01 
1.046 	 2.21962e-01 	 6.42047e-02 	 1.57757e-01 
1.039 	 2.38083e-01 	 6.88622e-02 	 1.69220e-01 
1.032 	 2.55417e-01 	 7.38749e-02 	 1.81542e-01 
1.026 	 2.73991e-01 	 7.92511e-02 	 1.94739e-01 
1.020 	 2.93797e-01 	 8.49904e-02 	 2.08807e-01 
1.013 	 3.14793e-01 	 9.10814e-02 	 2.23711e-01 
1.007 	 3.36877e-01 	 9.74975e-02 	 2.39380e-01 
1.001 	 3.59885e-01 	 1.04193e-01 	 2.55692e-01 
0.995 	 3.83568e-01 	 1.11099e-01 	 2.72469e-01 
0.989 	 4.07582e-01 	 1.18119e-01 	 2.89463e-01 
0.983 	 4.31481e-01 	 1.25129e-01 	 3.06352e-01 
0.977 	 4.54717e-01 	 1.31974e-01 	 3.22743e-01 
0.971 	 4.76652e-01 	 1.38473e-01 	 3.38178e-01 
0.966 	 4.96587e-01 	 1.44431e-01 	 3.52156e-01 
0.960 	 5.13807e-01 	 1.49643e-01 	 3.64163e-01 
0.955 	 5.27637e-01 	 1.53920e-01 	 3.73717e-01 
0.949 	 5.37510e-01 	 1.57100e-01 	 3.80410e-01 
0.944 	 5.43027e-01 	 1.59070e-01 	 3.83956e-01 
0.938 	 5.44005e-01 	 1.59781e-01 	 3.84224e-01 
0.933 	 5.40501e-01 	 1.59249e-01 	 3.81252e-01 
0.928 	 5.32799e-01 	 1.57558e-01 	 3.75242e-01 
0.922 	 5.21382e-01 	 1.54849e-01 	 3.66533e-01 
0.917 	 5.06872e-01 	 1.51306e-01 	 3.55566e-01 
0.912 	 4.89968e-01 	 1.47133e-01 	 3.42835e-01 
0.907 	 4.71388e-01 	 1.42545e-01 	 3.28843e-01 
0.902 	 4.51816e-01 	 1.37747e-01 	 3.14069e-01 
0.897 	 4.31873e-01 	 1.32930e-01 	 2.98944e-01 
0.892 	 4.12092e-01 	 1.28261e-01 	 2.83832e-01 
0.888 	 3.92918e-01 	 1.23887e-01 	 2.69031e-01 
0.883 	 3.74709e-01 	 1.19934e-01 	 2.54775e-01 
0.878 	 3.57753e-01 	 1.16513e-01 	 2.41240e-01 
0.873 	 3.42279e-01 	 1.13725e-01 	 2.28554e-01 
0.869 	 3.28477e-01 	 1.11668e-01 	 2.16809e-01 
0.864 	 3.16517e-01 	 1.10444e-01 	 2.06072e-01 
0.860 	 3.06563e-01 	 1.10169e-01 	 1.96394e-01 
0.855 	 2.98796e-01 	 1.10978e-01 	 1.87818e-01 
0.851 	 2.93428e-01 	 1.13039e-01 	 1.80389e-01 
0.847 	 2.90718e-01 	 1.16556e-01 	 1.74162e-01 
0.842 	 2.90991e-01 	 1.21785e-01 	 1.69205e-01 
0.838 	 2.94637e-01 	 1.29033e-01 	 1.65604e-01 
0.834 	 3.02108e-01 	 1.38649e-01 	 1.63459e-01 
0.829 	 3.13855e-01 	 1.50990e-01 	 1.62864e-01 
0.825 	 3.30198e-01 	 1.66324e-01 	 1.63874e-01 
0.821 	 3.51039e-01 	 1.84629e-01 	 1.66410e-01 
0.817 	 3.75372e-01 	 2.05246e-01 	 1.70126e-01 
0.813 	 4.00627e-01 	 2.26415e-01 	 1.74213e-01 
0.809 	 4.22224e-01 	 2.44935e-01 	 1.77289e-01 
0.805 	 4.34144e-01 	 2.56557e-01 	 1.77587e-01 
0.801 	 4.31187e-01 	 2.57558e-01 	 1.73629e-01 
0.797 	 4.11922e-01 	 2.46842e-01 	 1.65080e-01 
0.793 	 3.79712e-01 	 2.26710e-01 	 1.53002e-01 
0.790 	 3.40672e-01 	 2.01453e-01 	 1.39220e-01 
0.786 	 3.00606e-01 	 1.75187e-01 	 1.25418e-01 
0.782 	 2.63299e-01 	 1.50632e-01 	 1.12667e-01 
0.778 	 2.30476e-01 	 1.29052e-01 	 1.01424e-01 
0.775 	 2.02478e-01 	 1.10728e-01 	 9.17493e-02 
0.771 	 1.78942e-01 	 9.54355e-02 	 8.35064e-02 
0.768 	 1.59249e-01 	 8.27574e-02 	 7.64913e-02 
0.764 	 1.42746e-01 	 7.22492e-02 	 7.04970e-02 
0.760 	 1.28848e-01 	 6.35080e-02 	 6.53402e-02 
0.757 	 1.17062e-01 	 5.61941e-02 	 6.08680e-02 
0.753 	 1.06988e-01 	 5.00318e-02 	 5.69566e-02 
0.750 	 9.83081e-02 	 4.48007e-02 	 5.35074e-02 
0.747 	 9.07679e-02 	 4.03263e-02 	 5.04416e-02 
0.743 	 8.41671e-02 	 3.64703e-02 	 4.76968e-02 
0.740 	 7.83461e-02 	 3.31232e-02 	 4.52229e-02 
0.737 	 7.31773e-02 	 3.01977e-02 	 4.29796e-02 
0.733 	 6.85584e-02 	 2.76240e-02 	 4.09344e-02 
0.730 	 6.44065e-02 	 2.53459e-02 	 3.90606e-02 
0.727 	 6.06540e-02 	 2.33178e-02 	 3.73363e-02 
0.724 	 5.72456e-02 	 2.15025e-02 	 3.57431e-02 
0.720 	 5.41354e-02 	 1.98695e-02 	 3.42660e-02 
0.717 	 5.12855e-02 	 1.83935e-02 	 3.28919e-02 
0.714 	 4.86638e-02 	 1.70538e-02 	 3.16101e-02 
0.711 	 4.62436e-02 	 1.58325e-02 	 3.04111e-02 
0.708 	 4.40020e-02 	 1.47151e-02 	 2.92868e-02 
0.705 	 4.19195e-02 	 1.36890e-02 	 2.82304e-02 
0.702 	 3.99794e-02 	 1.27436e-02 	 2.72358e-02 
0.699 	 3.81673e-02 	 1.18699e-02 	 2.62975e-02 
0.696 	 3.64708e-02 	 1.10599e-02 	 2.54109e-02 
0.693 	 3.48788e-02 	 1.03070e-02 	 2.45719e-02 
0.690 	 3.33819e-02 	 9.60528e-03 	 2.37766e-02 
0.687 	 3.19716e-02 	 8.94972e-03 	 2.30219e-02 
0.684 	 3.06406e-02 	 8.33583e-03 	 2.23047e-02 
0.682 	 2.93821e-02 	 7.75971e-03 	 2.16224e-02 
0.679 	 2.81905e-02 	 7.21791e-03 	 2.09726e-02 
0.676 	 2.70604e-02 	 6.70739e-03 	 2.03530e-02 
0.673 	 2.59871e-02 	 6.22544e-03 	 1.97617e-02 
0.671 	 2.49665e-02 	 5.76967e-03 	 1.91968e-02 
0.668 	 2.39947e-02 	 5.33792e-03 	 1.86568e-02 
0.665 	 2.30683e-02 	 4.92827e-03 	 1.81400e-02 
0.662 	 2.21841e-02 	 4.53900e-03 	 1.76451e-02 
0.660 	 2.13394e-02 	 4.16856e-03 	 1.71708e-02 
0.657 	 2.05315e-02 	 3.81553e-03 	 1.67159e-02 
0.655 	 1.97580e-02 	 3.47865e-03 	 1.62794e-02 
0.652 	 1.90169e-02 	 3.15678e-03 	 1.58601e-02 
0.649 	 1.83061e-02 	 2.84886e-03 	 1.54573e-02 
0.647 	 1.76238e-02 	 2.55394e-03 	 1.50699e-02 
0.644 	 1.69683e-02 	 2.27115e-03 	 1.46972e-02 
0.642 	 1.63381e-02 	 1.99971e-03 	 1.43384e-02 
0.639 	 1.57316e-02 	 1.73887e-03 	 1.39928e-02 
0.637 	 1.51477e-02 	 1.48797e-03 	 1.36597e-02 
0.634 	 1.45850e-02 	 1.24639e-03 	 1.33386e-02 
0.632 	 1.40425e-02 	 1.01358e-03 	 1.30289e-02 
0.629 	 1.35190e-02 	 7.88991e-04 	 1.27300e-02 
0.627 	 1.30135e-02 	 5.72158e-04 	 1.24413e-02 
0.625 	 1.25252e-02 	 3.62628e-04 	 1.21625e-02 
0.622 	 1.20531e-02 	 1.59988e-04 	 1.18931e-02 
0.620 	 1.15965e-02 	 -3.61488e-05 	 1.16326e-02 
