Energy [eV] EELS_b EELS_a 
2.500 	 3.37258e-05 	 1.88356e-04 
2.502 	 3.47878e-05 	 1.94724e-04 
2.504 	 3.59002e-05 	 2.01411e-04 
2.506 	 3.70660e-05 	 2.08436e-04 
2.508 	 3.82883e-05 	 2.15823e-04 
2.510 	 3.95704e-05 	 2.23592e-04 
2.512 	 4.09158e-05 	 2.31769e-04 
2.514 	 4.23282e-05 	 2.40380e-04 
2.516 	 4.38114e-05 	 2.49451e-04 
2.519 	 4.53696e-05 	 2.59013e-04 
2.521 	 4.70072e-05 	 2.69097e-04 
2.523 	 4.87286e-05 	 2.79735e-04 
2.525 	 5.05385e-05 	 2.90963e-04 
2.527 	 5.24420e-05 	 3.02818e-04 
2.529 	 5.44440e-05 	 3.15339e-04 
2.531 	 5.65498e-05 	 3.28567e-04 
2.533 	 5.87647e-05 	 3.42543e-04 
2.535 	 6.10942e-05 	 3.57313e-04 
2.537 	 6.35437e-05 	 3.72920e-04 
2.539 	 6.61184e-05 	 3.89413e-04 
2.541 	 6.88234e-05 	 4.06835e-04 
2.543 	 7.16636e-05 	 4.25234e-04 
2.545 	 7.46432e-05 	 4.44653e-04 
2.547 	 7.77657e-05 	 4.65132e-04 
2.549 	 8.10337e-05 	 4.86708e-04 
2.551 	 8.44486e-05 	 5.09410e-04 
2.553 	 8.80101e-05 	 5.33258e-04 
2.555 	 9.17159e-05 	 5.58260e-04 
2.557 	 9.55611e-05 	 5.84407e-04 
2.559 	 9.95382e-05 	 6.11672e-04 
2.561 	 1.03636e-04 	 6.40000e-04 
2.563 	 1.07838e-04 	 6.69308e-04 
2.565 	 1.12125e-04 	 6.99476e-04 
2.567 	 1.16471e-04 	 7.30342e-04 
2.569 	 1.20844e-04 	 7.61694e-04 
2.571 	 1.25206e-04 	 7.93272e-04 
2.573 	 1.29513e-04 	 8.24753e-04 
2.575 	 1.33714e-04 	 8.55761e-04 
2.577 	 1.37751e-04 	 8.85862e-04 
2.579 	 1.41563e-04 	 9.14571e-04 
2.581 	 1.45084e-04 	 9.41363e-04 
2.583 	 1.48246e-04 	 9.65693e-04 
2.585 	 1.50984e-04 	 9.87012e-04 
2.587 	 1.53233e-04 	 1.00480e-03 
2.589 	 1.54940e-04 	 1.01858e-03 
2.591 	 1.56059e-04 	 1.02799e-03 
2.593 	 1.56558e-04 	 1.03273e-03 
2.595 	 1.56419e-04 	 1.03267e-03 
2.597 	 1.55643e-04 	 1.02780e-03 
2.599 	 1.54244e-04 	 1.01826e-03 
2.601 	 1.52256e-04 	 1.00432e-03 
2.603 	 1.49722e-04 	 9.86374e-04 
2.605 	 1.46699e-04 	 9.64885e-04 
2.607 	 1.43253e-04 	 9.40386e-04 
2.609 	 1.39451e-04 	 9.13441e-04 
2.611 	 1.35365e-04 	 8.84614e-04 
2.613 	 1.31065e-04 	 8.54450e-04 
2.615 	 1.26616e-04 	 8.23455e-04 
2.618 	 1.22081e-04 	 7.92086e-04 
2.620 	 1.17515e-04 	 7.60744e-04 
2.622 	 1.12966e-04 	 7.29769e-04 
2.624 	 1.08476e-04 	 6.99443e-04 
2.626 	 1.04079e-04 	 6.69993e-04 
2.628 	 9.98048e-05 	 6.41596e-04 
2.630 	 9.56744e-05 	 6.14382e-04 
2.632 	 9.17050e-05 	 5.88445e-04 
2.634 	 8.79088e-05 	 5.63844e-04 
2.636 	 8.42938e-05 	 5.40611e-04 
2.638 	 8.08645e-05 	 5.18755e-04 
2.640 	 7.76224e-05 	 4.98265e-04 
2.642 	 7.45664e-05 	 4.79114e-04 
2.644 	 7.16930e-05 	 4.61263e-04 
2.646 	 6.89971e-05 	 4.44660e-04 
2.648 	 6.64717e-05 	 4.29242e-04 
2.650 	 6.41082e-05 	 4.14938e-04 
2.652 	 6.18967e-05 	 4.01668e-04 
2.654 	 5.98260e-05 	 3.89341e-04 
2.656 	 5.78835e-05 	 3.77860e-04 
2.658 	 5.60557e-05 	 3.67122e-04 
2.660 	 5.43283e-05 	 3.57014e-04 
2.662 	 5.26865e-05 	 3.47424e-04 
2.664 	 5.11152e-05 	 3.38237e-04 
2.666 	 4.96000e-05 	 3.29343e-04 
2.668 	 4.81272e-05 	 3.20637e-04 
2.670 	 4.66848e-05 	 3.12029e-04 
2.672 	 4.52628e-05 	 3.03446e-04 
2.674 	 4.38537e-05 	 2.94831e-04 
2.676 	 4.24526e-05 	 2.86151e-04 
2.678 	 4.10574e-05 	 2.77393e-04 
2.680 	 3.96682e-05 	 2.68564e-04 
2.682 	 3.82873e-05 	 2.59687e-04 
2.684 	 3.69186e-05 	 2.50796e-04 
2.686 	 3.55668e-05 	 2.41936e-04 
2.688 	 3.42371e-05 	 2.33150e-04 
2.690 	 3.29345e-05 	 2.24484e-04 
2.692 	 3.16637e-05 	 2.15980e-04 
2.694 	 3.04289e-05 	 2.07675e-04 
2.696 	 2.92332e-05 	 1.99599e-04 
2.698 	 2.80792e-05 	 1.91775e-04 
2.700 	 2.69685e-05 	 1.84222e-04 
