Energy [eV] EELS_b EELS_a 
2.500 	 1.05081e-08 	 5.85937e-07 
2.502 	 1.07948e-08 	 6.03615e-07 
2.504 	 1.10947e-08 	 6.22129e-07 
2.506 	 1.14084e-08 	 6.41525e-07 
2.508 	 1.17366e-08 	 6.61853e-07 
2.510 	 1.20802e-08 	 6.83166e-07 
2.512 	 1.24399e-08 	 7.05518e-07 
2.514 	 1.28166e-08 	 7.28968e-07 
2.516 	 1.32111e-08 	 7.53574e-07 
2.519 	 1.36244e-08 	 7.79401e-07 
2.521 	 1.40574e-08 	 8.06511e-07 
2.523 	 1.45109e-08 	 8.34972e-07 
2.525 	 1.49859e-08 	 8.64853e-07 
2.527 	 1.54833e-08 	 8.96220e-07 
2.529 	 1.60041e-08 	 9.29145e-07 
2.531 	 1.65492e-08 	 9.63694e-07 
2.533 	 1.71192e-08 	 9.99934e-07 
2.535 	 1.77150e-08 	 1.03793e-06 
2.537 	 1.83371e-08 	 1.07773e-06 
2.539 	 1.89861e-08 	 1.11940e-06 
2.541 	 1.96621e-08 	 1.16297e-06 
2.543 	 2.03651e-08 	 1.20846e-06 
2.545 	 2.10949e-08 	 1.25589e-06 
2.547 	 2.18507e-08 	 1.30524e-06 
2.549 	 2.26312e-08 	 1.35646e-06 
2.551 	 2.34347e-08 	 1.40949e-06 
2.553 	 2.42588e-08 	 1.46420e-06 
2.555 	 2.51002e-08 	 1.52043e-06 
2.557 	 2.59549e-08 	 1.57796e-06 
2.559 	 2.68178e-08 	 1.63652e-06 
2.561 	 2.76827e-08 	 1.69574e-06 
2.563 	 2.85425e-08 	 1.75521e-06 
2.565 	 2.93887e-08 	 1.81442e-06 
2.567 	 3.02117e-08 	 1.87278e-06 
2.569 	 3.10009e-08 	 1.92961e-06 
2.571 	 3.17446e-08 	 1.98417e-06 
2.573 	 3.24306e-08 	 2.03566e-06 
2.575 	 3.30461e-08 	 2.08320e-06 
2.577 	 3.35782e-08 	 2.12593e-06 
2.579 	 3.40147e-08 	 2.16297e-06 
2.581 	 3.43442e-08 	 2.19348e-06 
2.583 	 3.45568e-08 	 2.21670e-06 
2.585 	 3.46448e-08 	 2.23200e-06 
2.587 	 3.46028e-08 	 2.23888e-06 
2.589 	 3.44286e-08 	 2.23705e-06 
2.591 	 3.41227e-08 	 2.22640e-06 
2.593 	 3.36890e-08 	 2.20705e-06 
2.595 	 3.31344e-08 	 2.17930e-06 
2.597 	 3.24681e-08 	 2.14369e-06 
2.599 	 3.17019e-08 	 2.10088e-06 
2.601 	 3.08490e-08 	 2.05170e-06 
2.603 	 2.99237e-08 	 1.99705e-06 
2.605 	 2.89408e-08 	 1.93791e-06 
2.607 	 2.79150e-08 	 1.87523e-06 
2.609 	 2.68602e-08 	 1.80998e-06 
2.611 	 2.57896e-08 	 1.74306e-06 
2.613 	 2.47151e-08 	 1.67530e-06 
2.615 	 2.36472e-08 	 1.60744e-06 
2.618 	 2.25947e-08 	 1.54014e-06 
2.620 	 2.15654e-08 	 1.47394e-06 
2.622 	 2.05652e-08 	 1.40931e-06 
2.624 	 1.95989e-08 	 1.34661e-06 
2.626 	 1.86702e-08 	 1.28612e-06 
2.628 	 1.77816e-08 	 1.22806e-06 
2.630 	 1.69348e-08 	 1.17258e-06 
2.632 	 1.61305e-08 	 1.11976e-06 
2.634 	 1.53690e-08 	 1.06964e-06 
2.636 	 1.46501e-08 	 1.02224e-06 
2.638 	 1.39728e-08 	 9.77532e-07 
2.640 	 1.33362e-08 	 9.35453e-07 
2.642 	 1.27388e-08 	 8.95932e-07 
2.644 	 1.21790e-08 	 8.58875e-07 
2.646 	 1.16550e-08 	 8.24175e-07 
2.648 	 1.11648e-08 	 7.91709e-07 
2.650 	 1.07064e-08 	 7.61343e-07 
2.652 	 1.02774e-08 	 7.32933e-07 
2.654 	 9.87565e-09 	 7.06323e-07 
2.656 	 9.49858e-09 	 6.81351e-07 
2.658 	 9.14371e-09 	 6.57845e-07 
2.660 	 8.80850e-09 	 6.35629e-07 
2.662 	 8.49038e-09 	 6.14525e-07 
2.664 	 8.18689e-09 	 5.94357e-07 
2.666 	 7.89565e-09 	 5.74957e-07 
2.668 	 7.61451e-09 	 5.56170e-07 
2.670 	 7.34160e-09 	 5.37861e-07 
2.672 	 7.07538e-09 	 5.19920e-07 
2.674 	 6.81470e-09 	 5.02262e-07 
2.676 	 6.55881e-09 	 4.84834e-07 
2.678 	 6.30734e-09 	 4.67611e-07 
2.680 	 6.06025e-09 	 4.50593e-07 
2.682 	 5.81779e-09 	 4.33804e-07 
2.684 	 5.58041e-09 	 4.17279e-07 
2.686 	 5.34867e-09 	 4.01067e-07 
2.688 	 5.12314e-09 	 3.85216e-07 
2.690 	 4.90440e-09 	 3.69776e-07 
2.692 	 4.69294e-09 	 3.54790e-07 
2.694 	 4.48916e-09 	 3.40294e-07 
2.696 	 4.29334e-09 	 3.26316e-07 
2.698 	 4.10565e-09 	 3.12875e-07 
2.700 	 3.92615e-09 	 2.99983e-07 
