Energy [eV] EELS_b EELS_a 
2.500 	 2.05620e-11 	 8.18926e-11 
2.502 	 2.10404e-11 	 8.38827e-11 
2.504 	 2.15411e-11 	 8.59656e-11 
2.506 	 2.20653e-11 	 8.81463e-11 
2.508 	 2.26142e-11 	 9.04301e-11 
2.510 	 2.31892e-11 	 9.28227e-11 
2.512 	 2.37916e-11 	 9.53298e-11 
2.514 	 2.44230e-11 	 9.79576e-11 
2.516 	 2.50848e-11 	 1.00712e-10 
2.519 	 2.57785e-11 	 1.03601e-10 
2.521 	 2.65059e-11 	 1.06630e-10 
2.523 	 2.72684e-11 	 1.09806e-10 
2.525 	 2.80678e-11 	 1.13137e-10 
2.527 	 2.89057e-11 	 1.16630e-10 
2.529 	 2.97838e-11 	 1.20291e-10 
2.531 	 3.07036e-11 	 1.24127e-10 
2.533 	 3.16667e-11 	 1.28146e-10 
2.535 	 3.26744e-11 	 1.32353e-10 
2.537 	 3.37279e-11 	 1.36753e-10 
2.539 	 3.48282e-11 	 1.41351e-10 
2.541 	 3.59759e-11 	 1.46149e-10 
2.543 	 3.71711e-11 	 1.51149e-10 
2.545 	 3.84135e-11 	 1.56351e-10 
2.547 	 3.97020e-11 	 1.61749e-10 
2.549 	 4.10347e-11 	 1.67337e-10 
2.551 	 4.24087e-11 	 1.73103e-10 
2.553 	 4.38199e-11 	 1.79031e-10 
2.555 	 4.52626e-11 	 1.85099e-10 
2.557 	 4.67298e-11 	 1.91277e-10 
2.559 	 4.82123e-11 	 1.97529e-10 
2.561 	 4.96992e-11 	 2.03809e-10 
2.563 	 5.11770e-11 	 2.10064e-10 
2.565 	 5.26302e-11 	 2.16228e-10 
2.567 	 5.40407e-11 	 2.22229e-10 
2.569 	 5.53884e-11 	 2.27981e-10 
2.571 	 5.66508e-11 	 2.33394e-10 
2.573 	 5.78041e-11 	 2.38367e-10 
2.575 	 5.88233e-11 	 2.42798e-10 
2.577 	 5.96832e-11 	 2.46580e-10 
2.579 	 6.03595e-11 	 2.49611e-10 
2.581 	 6.08296e-11 	 2.51798e-10 
2.583 	 6.10742e-11 	 2.53057e-10 
2.585 	 6.10781e-11 	 2.53324e-10 
2.587 	 6.08316e-11 	 2.52555e-10 
2.589 	 6.03311e-11 	 2.50732e-10 
2.591 	 5.95794e-11 	 2.47865e-10 
2.593 	 5.85860e-11 	 2.43988e-10 
2.595 	 5.73667e-11 	 2.39165e-10 
2.597 	 5.59425e-11 	 2.33479e-10 
2.599 	 5.43390e-11 	 2.27035e-10 
2.601 	 5.25846e-11 	 2.19948e-10 
2.603 	 5.07095e-11 	 2.12342e-10 
2.605 	 4.87440e-11 	 2.04342e-10 
2.607 	 4.67180e-11 	 1.96070e-10 
2.609 	 4.46590e-11 	 1.87643e-10 
2.611 	 4.25925e-11 	 1.79165e-10 
2.613 	 4.05406e-11 	 1.70729e-10 
2.615 	 3.85223e-11 	 1.62416e-10 
2.618 	 3.65533e-11 	 1.54292e-10 
2.620 	 3.46462e-11 	 1.46410e-10 
2.622 	 3.28106e-11 	 1.38812e-10 
2.624 	 3.10534e-11 	 1.31529e-10 
2.626 	 2.93793e-11 	 1.24580e-10 
2.628 	 2.77909e-11 	 1.17980e-10 
2.630 	 2.62894e-11 	 1.11733e-10 
2.632 	 2.48744e-11 	 1.05839e-10 
2.634 	 2.35447e-11 	 1.00295e-10 
2.636 	 2.22979e-11 	 9.50912e-11 
2.638 	 2.11312e-11 	 9.02179e-11 
2.640 	 2.00415e-11 	 8.56617e-11 
2.642 	 1.90249e-11 	 8.14083e-11 
2.644 	 1.80777e-11 	 7.74421e-11 
2.646 	 1.71958e-11 	 7.37464e-11 
2.648 	 1.63748e-11 	 7.03043e-11 
2.650 	 1.56106e-11 	 6.70982e-11 
2.652 	 1.48988e-11 	 6.41102e-11 
2.654 	 1.42350e-11 	 6.13220e-11 
2.656 	 1.36148e-11 	 5.87152e-11 
2.658 	 1.30337e-11 	 5.62713e-11 
2.660 	 1.24873e-11 	 5.39721e-11 
2.662 	 1.19714e-11 	 5.17995e-11 
2.664 	 1.14820e-11 	 4.97363e-11 
2.666 	 1.10152e-11 	 4.77665e-11 
2.668 	 1.05676e-11 	 4.58755e-11 
2.670 	 1.01362e-11 	 4.40507e-11 
2.672 	 9.71863e-12 	 4.22818e-11 
2.674 	 9.31304e-12 	 4.05609e-11 
2.676 	 8.91816e-12 	 3.88828e-11 
2.678 	 8.53329e-12 	 3.72445e-11 
2.680 	 8.15821e-12 	 3.56453e-11 
2.682 	 7.79307e-12 	 3.40860e-11 
2.684 	 7.43830e-12 	 3.25685e-11 
2.686 	 7.09446e-12 	 3.10957e-11 
2.688 	 6.76216e-12 	 2.96703e-11 
2.690 	 6.44199e-12 	 2.82950e-11 
2.692 	 6.13440e-12 	 2.69721e-11 
2.694 	 5.83973e-12 	 2.57031e-11 
2.696 	 5.55817e-12 	 2.44892e-11 
2.698 	 5.28975e-12 	 2.33307e-11 
2.700 	 5.03435e-12 	 2.22272e-11 
