Energy [eV] EELS_b EELS_a 
2.500 	 2.19840e-10 	 8.87940e-10 
2.502 	 2.25168e-10 	 9.10452e-10 
2.504 	 2.30741e-10 	 9.34006e-10 
2.506 	 2.36573e-10 	 9.58660e-10 
2.508 	 2.42678e-10 	 9.84472e-10 
2.510 	 2.49070e-10 	 1.01151e-09 
2.512 	 2.55765e-10 	 1.03983e-09 
2.514 	 2.62780e-10 	 1.06952e-09 
2.516 	 2.70130e-10 	 1.10063e-09 
2.519 	 2.77833e-10 	 1.13326e-09 
2.521 	 2.85908e-10 	 1.16746e-09 
2.523 	 2.94372e-10 	 1.20334e-09 
2.525 	 3.03245e-10 	 1.24096e-09 
2.527 	 3.12544e-10 	 1.28041e-09 
2.529 	 3.22291e-10 	 1.32177e-09 
2.531 	 3.32502e-10 	 1.36513e-09 
2.533 	 3.43195e-10 	 1.41056e-09 
2.535 	 3.54388e-10 	 1.45815e-09 
2.537 	 3.66096e-10 	 1.50794e-09 
2.539 	 3.78330e-10 	 1.56002e-09 
2.541 	 3.91102e-10 	 1.61442e-09 
2.543 	 4.04417e-10 	 1.67117e-09 
2.545 	 4.18273e-10 	 1.73027e-09 
2.547 	 4.32666e-10 	 1.79171e-09 
2.549 	 4.47579e-10 	 1.85543e-09 
2.551 	 4.62989e-10 	 1.92132e-09 
2.553 	 4.78857e-10 	 1.98925e-09 
2.555 	 4.95133e-10 	 2.05899e-09 
2.557 	 5.11749e-10 	 2.13027e-09 
2.559 	 5.28618e-10 	 2.20273e-09 
2.561 	 5.45632e-10 	 2.27591e-09 
2.563 	 5.62659e-10 	 2.34927e-09 
2.565 	 5.79544e-10 	 2.42215e-09 
2.567 	 5.96103e-10 	 2.49377e-09 
2.569 	 6.12130e-10 	 2.56326e-09 
2.571 	 6.27392e-10 	 2.62964e-09 
2.573 	 6.41637e-10 	 2.69183e-09 
2.575 	 6.54597e-10 	 2.74870e-09 
2.577 	 6.65995e-10 	 2.79906e-09 
2.579 	 6.75554e-10 	 2.84173e-09 
2.581 	 6.83012e-10 	 2.87559e-09 
2.583 	 6.88129e-10 	 2.89962e-09 
2.585 	 6.90704e-10 	 2.91293e-09 
2.587 	 6.90584e-10 	 2.91487e-09 
2.589 	 6.87679e-10 	 2.90502e-09 
2.591 	 6.81963e-10 	 2.88327e-09 
2.593 	 6.73483e-10 	 2.84980e-09 
2.595 	 6.62357e-10 	 2.80507e-09 
2.597 	 6.48767e-10 	 2.74983e-09 
2.599 	 6.32950e-10 	 2.68509e-09 
2.601 	 6.15190e-10 	 2.61201e-09 
2.603 	 5.95799e-10 	 2.53190e-09 
2.605 	 5.75104e-10 	 2.44614e-09 
2.607 	 5.53435e-10 	 2.35612e-09 
2.609 	 5.31110e-10 	 2.26317e-09 
2.611 	 5.08428e-10 	 2.16857e-09 
2.613 	 4.85661e-10 	 2.07345e-09 
2.615 	 4.63047e-10 	 1.97884e-09 
2.618 	 4.40791e-10 	 1.88560e-09 
2.620 	 4.19063e-10 	 1.79447e-09 
2.622 	 3.97999e-10 	 1.70601e-09 
2.624 	 3.77704e-10 	 1.62070e-09 
2.626 	 3.58255e-10 	 1.53886e-09 
2.628 	 3.39704e-10 	 1.46072e-09 
2.630 	 3.22083e-10 	 1.38644e-09 
2.632 	 3.05405e-10 	 1.31607e-09 
2.634 	 2.89670e-10 	 1.24962e-09 
2.636 	 2.74864e-10 	 1.18706e-09 
2.638 	 2.60966e-10 	 1.12829e-09 
2.640 	 2.47946e-10 	 1.07319e-09 
2.642 	 2.35770e-10 	 1.02164e-09 
2.644 	 2.24398e-10 	 9.73462e-10 
2.646 	 2.13787e-10 	 9.28488e-10 
2.648 	 2.03893e-10 	 8.86531e-10 
2.650 	 1.94669e-10 	 8.47394e-10 
2.652 	 1.86064e-10 	 8.10874e-10 
2.654 	 1.78030e-10 	 7.76759e-10 
2.656 	 1.70516e-10 	 7.44833e-10 
2.658 	 1.63468e-10 	 7.14878e-10 
2.660 	 1.56837e-10 	 6.86672e-10 
2.662 	 1.50570e-10 	 6.59999e-10 
2.664 	 1.44620e-10 	 6.34647e-10 
2.666 	 1.38939e-10 	 6.10419e-10 
2.668 	 1.33486e-10 	 5.87134e-10 
2.670 	 1.28224e-10 	 5.64635e-10 
2.672 	 1.23124e-10 	 5.42792e-10 
2.674 	 1.18163e-10 	 5.21508e-10 
2.676 	 1.13325e-10 	 5.00713e-10 
2.678 	 1.08601e-10 	 4.80374e-10 
2.680 	 1.03989e-10 	 4.60478e-10 
2.682 	 9.94903e-11 	 4.41039e-10 
2.684 	 9.51109e-11 	 4.22082e-10 
2.686 	 9.08581e-11 	 4.03644e-10 
2.688 	 8.67403e-11 	 3.85763e-10 
2.690 	 8.27652e-11 	 3.68476e-10 
2.692 	 7.89392e-11 	 3.51815e-10 
2.694 	 7.52674e-11 	 3.35805e-10 
2.696 	 7.17528e-11 	 3.20461e-10 
2.698 	 6.83964e-11 	 3.05791e-10 
2.700 	 6.51978e-11 	 2.91795e-10 
