Energy [eV] EELS_b EELS_a 
2.500 	 2.96943e-12 	 1.47522e-09 
2.502 	 3.03400e-12 	 1.51394e-09 
2.504 	 3.10154e-12 	 1.55444e-09 
2.506 	 3.17218e-12 	 1.59684e-09 
2.508 	 3.24608e-12 	 1.64122e-09 
2.510 	 3.32342e-12 	 1.68770e-09 
2.512 	 3.40437e-12 	 1.73639e-09 
2.514 	 3.48909e-12 	 1.78741e-09 
2.516 	 3.57777e-12 	 1.84088e-09 
2.519 	 3.67061e-12 	 1.89693e-09 
2.521 	 3.76778e-12 	 1.95568e-09 
2.523 	 3.86949e-12 	 2.01727e-09 
2.525 	 3.97591e-12 	 2.08183e-09 
2.527 	 4.08724e-12 	 2.14950e-09 
2.529 	 4.20366e-12 	 2.22041e-09 
2.531 	 4.32532e-12 	 2.29468e-09 
2.533 	 4.45238e-12 	 2.37246e-09 
2.535 	 4.58496e-12 	 2.45383e-09 
2.537 	 4.72316e-12 	 2.53891e-09 
2.539 	 4.86703e-12 	 2.62776e-09 
2.541 	 5.01657e-12 	 2.72045e-09 
2.543 	 5.17171e-12 	 2.81699e-09 
2.545 	 5.33231e-12 	 2.91735e-09 
2.547 	 5.49812e-12 	 3.02146e-09 
2.549 	 5.66876e-12 	 3.12916e-09 
2.551 	 5.84374e-12 	 3.24024e-09 
2.553 	 6.02238e-12 	 3.35438e-09 
2.555 	 6.20381e-12 	 3.47115e-09 
2.557 	 6.38697e-12 	 3.59000e-09 
2.559 	 6.57055e-12 	 3.71025e-09 
2.561 	 6.75297e-12 	 3.83103e-09 
2.563 	 6.93241e-12 	 3.95135e-09 
2.565 	 7.10674e-12 	 4.07000e-09 
2.567 	 7.27359e-12 	 4.18562e-09 
2.569 	 7.43034e-12 	 4.29668e-09 
2.571 	 7.57416e-12 	 4.40149e-09 
2.573 	 7.70207e-12 	 4.49825e-09 
2.575 	 7.81107e-12 	 4.58507e-09 
2.577 	 7.89817e-12 	 4.66007e-09 
2.579 	 7.96058e-12 	 4.72138e-09 
2.581 	 7.99580e-12 	 4.76731e-09 
2.583 	 8.00180e-12 	 4.79637e-09 
2.585 	 7.97712e-12 	 4.80736e-09 
2.587 	 7.92099e-12 	 4.79950e-09 
2.589 	 7.83338e-12 	 4.77239e-09 
2.591 	 7.71508e-12 	 4.72616e-09 
2.593 	 7.56760e-12 	 4.66137e-09 
2.595 	 7.39321e-12 	 4.57905e-09 
2.597 	 7.19474e-12 	 4.48065e-09 
2.599 	 6.97549e-12 	 4.36792e-09 
2.601 	 6.73905e-12 	 4.24288e-09 
2.603 	 6.48917e-12 	 4.10767e-09 
2.605 	 6.22958e-12 	 3.96453e-09 
2.607 	 5.96386e-12 	 3.81562e-09 
2.609 	 5.69534e-12 	 3.66302e-09 
2.611 	 5.42704e-12 	 3.50866e-09 
2.613 	 5.16159e-12 	 3.35427e-09 
2.615 	 4.90123e-12 	 3.20134e-09 
2.618 	 4.64780e-12 	 3.05115e-09 
2.620 	 4.40275e-12 	 2.90475e-09 
2.622 	 4.16719e-12 	 2.76298e-09 
2.624 	 3.94192e-12 	 2.62648e-09 
2.626 	 3.72745e-12 	 2.49571e-09 
2.628 	 3.52407e-12 	 2.37098e-09 
2.630 	 3.33186e-12 	 2.25246e-09 
2.632 	 3.15076e-12 	 2.14024e-09 
2.634 	 2.98056e-12 	 2.03430e-09 
2.636 	 2.82098e-12 	 1.93453e-09 
2.638 	 2.67163e-12 	 1.84080e-09 
2.640 	 2.53208e-12 	 1.75290e-09 
2.642 	 2.40187e-12 	 1.67061e-09 
2.644 	 2.28050e-12 	 1.59367e-09 
2.646 	 2.16744e-12 	 1.52180e-09 
2.648 	 2.06215e-12 	 1.45471e-09 
2.650 	 1.96410e-12 	 1.39207e-09 
2.652 	 1.87272e-12 	 1.33357e-09 
2.654 	 1.78746e-12 	 1.27886e-09 
2.656 	 1.70777e-12 	 1.22762e-09 
2.658 	 1.63307e-12 	 1.17947e-09 
2.660 	 1.56282e-12 	 1.13408e-09 
2.662 	 1.49650e-12 	 1.09108e-09 
2.664 	 1.43358e-12 	 1.05015e-09 
2.666 	 1.37360e-12 	 1.01097e-09 
2.668 	 1.31612e-12 	 9.73244e-10 
2.670 	 1.26078e-12 	 9.36720e-10 
2.672 	 1.20729e-12 	 9.01195e-10 
2.674 	 1.15540e-12 	 8.66513e-10 
2.676 	 1.10496e-12 	 8.32571e-10 
2.678 	 1.05590e-12 	 7.99314e-10 
2.680 	 1.00816e-12 	 7.66734e-10 
2.682 	 9.61780e-13 	 7.34856e-10 
2.684 	 9.16798e-13 	 7.03730e-10 
2.686 	 8.73280e-13 	 6.73420e-10 
2.688 	 8.31296e-13 	 6.43996e-10 
2.690 	 7.90910e-13 	 6.15523e-10 
2.692 	 7.52171e-13 	 5.88057e-10 
2.694 	 7.15115e-13 	 5.61643e-10 
2.696 	 6.79756e-13 	 5.36310e-10 
2.698 	 6.46092e-13 	 5.12072e-10 
2.700 	 6.14102e-13 	 4.88933e-10 
