Energy [eV] Ext Cross [um^2] Abs Cross [um^2] Sca Cross [um^2] 
2.480 	 1.21071e-01 	 6.54747e-03 	 1.14523e-01 
2.443 	 1.25214e-01 	 6.25709e-03 	 1.18957e-01 
2.407 	 1.29104e-01 	 6.01473e-03 	 1.23090e-01 
2.373 	 1.32791e-01 	 5.81200e-03 	 1.26979e-01 
2.339 	 1.36311e-01 	 5.64197e-03 	 1.30669e-01 
2.306 	 1.39685e-01 	 5.49914e-03 	 1.34186e-01 
2.274 	 1.42928e-01 	 5.37902e-03 	 1.37549e-01 
2.243 	 1.46048e-01 	 5.27783e-03 	 1.40771e-01 
2.213 	 1.49048e-01 	 5.19265e-03 	 1.43856e-01 
2.184 	 1.51927e-01 	 5.12080e-03 	 1.46806e-01 
2.155 	 1.54680e-01 	 5.06019e-03 	 1.49620e-01 
2.127 	 1.57302e-01 	 5.00897e-03 	 1.52293e-01 
2.100 	 1.59784e-01 	 4.96559e-03 	 1.54818e-01 
2.074 	 1.62118e-01 	 4.92865e-03 	 1.57189e-01 
2.048 	 1.64293e-01 	 4.89695e-03 	 1.59396e-01 
2.023 	 1.66300e-01 	 4.86943e-03 	 1.61430e-01 
1.998 	 1.68126e-01 	 4.84512e-03 	 1.63281e-01 
1.974 	 1.69761e-01 	 4.82315e-03 	 1.64938e-01 
1.951 	 1.71196e-01 	 4.80286e-03 	 1.66393e-01 
1.928 	 1.72419e-01 	 4.78348e-03 	 1.67636e-01 
1.905 	 1.73422e-01 	 4.76437e-03 	 1.68657e-01 
1.884 	 1.74196e-01 	 4.74506e-03 	 1.69451e-01 
1.862 	 1.74735e-01 	 4.72507e-03 	 1.70010e-01 
1.841 	 1.75034e-01 	 4.70394e-03 	 1.70330e-01 
1.821 	 1.75087e-01 	 4.68128e-03 	 1.70406e-01 
1.801 	 1.74895e-01 	 4.65678e-03 	 1.70238e-01 
1.782 	 1.74455e-01 	 4.63022e-03 	 1.69825e-01 
1.763 	 1.73770e-01 	 4.60138e-03 	 1.69168e-01 
1.744 	 1.72842e-01 	 4.57009e-03 	 1.68272e-01 
1.726 	 1.71678e-01 	 4.53622e-03 	 1.67142e-01 
1.708 	 1.70285e-01 	 4.49973e-03 	 1.65785e-01 
1.690 	 1.68670e-01 	 4.46058e-03 	 1.64210e-01 
1.673 	 1.66845e-01 	 4.41882e-03 	 1.62426e-01 
1.656 	 1.64820e-01 	 4.37448e-03 	 1.60446e-01 
1.640 	 1.62610e-01 	 4.32767e-03 	 1.58282e-01 
1.623 	 1.60226e-01 	 4.27849e-03 	 1.55948e-01 
1.608 	 1.57685e-01 	 4.22709e-03 	 1.53458e-01 
1.592 	 1.55002e-01 	 4.17363e-03 	 1.50828e-01 
1.577 	 1.52190e-01 	 4.11830e-03 	 1.48072e-01 
1.562 	 1.49268e-01 	 4.06128e-03 	 1.45207e-01 
1.547 	 1.46249e-01 	 4.00279e-03 	 1.42246e-01 
1.533 	 1.43150e-01 	 3.94302e-03 	 1.39207e-01 
1.519 	 1.39985e-01 	 3.88220e-03 	 1.36103e-01 
1.505 	 1.36769e-01 	 3.82053e-03 	 1.32948e-01 
1.491 	 1.33515e-01 	 3.75822e-03 	 1.29757e-01 
1.478 	 1.30238e-01 	 3.69545e-03 	 1.26542e-01 
1.464 	 1.26947e-01 	 3.63241e-03 	 1.23315e-01 
1.452 	 1.23657e-01 	 3.56929e-03 	 1.20087e-01 
1.439 	 1.20375e-01 	 3.50626e-03 	 1.16869e-01 
1.426 	 1.17113e-01 	 3.44348e-03 	 1.13670e-01 
1.414 	 1.13879e-01 	 3.38108e-03 	 1.10498e-01 
1.402 	 1.10681e-01 	 3.31920e-03 	 1.07361e-01 
1.390 	 1.07524e-01 	 3.25795e-03 	 1.04266e-01 
1.379 	 1.04416e-01 	 3.19745e-03 	 1.01219e-01 
1.367 	 1.01362e-01 	 3.13779e-03 	 9.82243e-02 
1.356 	 9.83658e-02 	 3.07905e-03 	 9.52867e-02 
1.345 	 9.54312e-02 	 3.02131e-03 	 9.24099e-02 
1.334 	 9.25614e-02 	 2.96462e-03 	 8.95968e-02 
1.323 	 8.97587e-02 	 2.90904e-03 	 8.68497e-02 
1.313 	 8.70252e-02 	 2.85460e-03 	 8.41706e-02 
1.302 	 8.43620e-02 	 2.80133e-03 	 8.15607e-02 
1.292 	 8.17703e-02 	 2.74928e-03 	 7.90210e-02 
1.282 	 7.92504e-02 	 2.69844e-03 	 7.65519e-02 
1.272 	 7.68025e-02 	 2.64884e-03 	 7.41536e-02 
1.262 	 7.44264e-02 	 2.60047e-03 	 7.18260e-02 
1.253 	 7.21218e-02 	 2.55334e-03 	 6.95685e-02 
1.243 	 6.98878e-02 	 2.50744e-03 	 6.73804e-02 
1.234 	 6.77237e-02 	 2.46277e-03 	 6.52609e-02 
1.225 	 6.56283e-02 	 2.41932e-03 	 6.32089e-02 
1.216 	 6.36003e-02 	 2.37706e-03 	 6.12232e-02 
1.207 	 6.16385e-02 	 2.33599e-03 	 5.93025e-02 
1.198 	 5.97413e-02 	 2.29607e-03 	 5.74453e-02 
1.189 	 5.79073e-02 	 2.25730e-03 	 5.56500e-02 
1.181 	 5.61349e-02 	 2.21964e-03 	 5.39152e-02 
1.172 	 5.44223e-02 	 2.18308e-03 	 5.22392e-02 
1.164 	 5.27679e-02 	 2.14759e-03 	 5.06204e-02 
1.156 	 5.11701e-02 	 2.11314e-03 	 4.90570e-02 
1.148 	 4.96272e-02 	 2.07970e-03 	 4.75475e-02 
1.140 	 4.81373e-02 	 2.04726e-03 	 4.60901e-02 
1.132 	 4.66989e-02 	 2.01578e-03 	 4.46831e-02 
1.124 	 4.53102e-02 	 1.98523e-03 	 4.33250e-02 
1.117 	 4.39697e-02 	 1.95559e-03 	 4.20141e-02 
1.109 	 4.26756e-02 	 1.92683e-03 	 4.07488e-02 
1.102 	 4.14264e-02 	 1.89893e-03 	 3.95275e-02 
1.094 	 4.02205e-02 	 1.87186e-03 	 3.83486e-02 
1.087 	 3.90564e-02 	 1.84560e-03 	 3.72108e-02 
1.080 	 3.79326e-02 	 1.82011e-03 	 3.61125e-02 
1.073 	 3.68476e-02 	 1.79538e-03 	 3.50523e-02 
1.066 	 3.58001e-02 	 1.77138e-03 	 3.40288e-02 
1.059 	 3.47887e-02 	 1.74808e-03 	 3.30406e-02 
1.052 	 3.38120e-02 	 1.72547e-03 	 3.20865e-02 
1.046 	 3.28688e-02 	 1.70352e-03 	 3.11653e-02 
1.039 	 3.19578e-02 	 1.68221e-03 	 3.02756e-02 
1.032 	 3.10778e-02 	 1.66152e-03 	 2.94163e-02 
1.026 	 3.02277e-02 	 1.64142e-03 	 2.85863e-02 
1.020 	 2.94064e-02 	 1.62191e-03 	 2.77845e-02 
1.013 	 2.86128e-02 	 1.60296e-03 	 2.70098e-02 
1.007 	 2.78458e-02 	 1.58454e-03 	 2.62613e-02 
1.001 	 2.71045e-02 	 1.56665e-03 	 2.55378e-02 
0.995 	 2.63878e-02 	 1.54927e-03 	 2.48385e-02 
0.989 	 2.56949e-02 	 1.53237e-03 	 2.41626e-02 
0.983 	 2.50249e-02 	 1.51595e-03 	 2.35090e-02 
0.977 	 2.43769e-02 	 1.49998e-03 	 2.28770e-02 
0.971 	 2.37502e-02 	 1.48445e-03 	 2.22657e-02 
0.966 	 2.31438e-02 	 1.46935e-03 	 2.16744e-02 
0.960 	 2.25571e-02 	 1.45466e-03 	 2.11024e-02 
0.955 	 2.19893e-02 	 1.44037e-03 	 2.05489e-02 
0.949 	 2.14397e-02 	 1.42647e-03 	 2.00132e-02 
0.944 	 2.09076e-02 	 1.41294e-03 	 1.94947e-02 
0.938 	 2.03925e-02 	 1.39977e-03 	 1.89927e-02 
0.933 	 1.98936e-02 	 1.38695e-03 	 1.85067e-02 
0.928 	 1.94105e-02 	 1.37447e-03 	 1.80360e-02 
0.922 	 1.89424e-02 	 1.36231e-03 	 1.75801e-02 
0.917 	 1.84889e-02 	 1.35047e-03 	 1.71385e-02 
0.912 	 1.80495e-02 	 1.33894e-03 	 1.67105e-02 
0.907 	 1.76235e-02 	 1.32770e-03 	 1.62958e-02 
0.902 	 1.72106e-02 	 1.31675e-03 	 1.58939e-02 
0.897 	 1.68103e-02 	 1.30608e-03 	 1.55042e-02 
0.892 	 1.64221e-02 	 1.29567e-03 	 1.51265e-02 
0.888 	 1.60456e-02 	 1.28552e-03 	 1.47601e-02 
0.883 	 1.56804e-02 	 1.27563e-03 	 1.44048e-02 
0.878 	 1.53261e-02 	 1.26598e-03 	 1.40601e-02 
0.873 	 1.49822e-02 	 1.25657e-03 	 1.37257e-02 
0.869 	 1.46485e-02 	 1.24739e-03 	 1.34011e-02 
0.864 	 1.43246e-02 	 1.23843e-03 	 1.30862e-02 
0.860 	 1.40101e-02 	 1.22968e-03 	 1.27804e-02 
0.855 	 1.37047e-02 	 1.22114e-03 	 1.24836e-02 
0.851 	 1.34082e-02 	 1.21281e-03 	 1.21954e-02 
0.847 	 1.31201e-02 	 1.20467e-03 	 1.19154e-02 
0.842 	 1.28403e-02 	 1.19672e-03 	 1.16435e-02 
0.838 	 1.25683e-02 	 1.18895e-03 	 1.13794e-02 
0.834 	 1.23041e-02 	 1.18137e-03 	 1.11227e-02 
0.829 	 1.20472e-02 	 1.17395e-03 	 1.08733e-02 
0.825 	 1.17976e-02 	 1.16671e-03 	 1.06309e-02 
0.821 	 1.15548e-02 	 1.15963e-03 	 1.03952e-02 
0.817 	 1.13188e-02 	 1.15271e-03 	 1.01661e-02 
0.813 	 1.10892e-02 	 1.14595e-03 	 9.94325e-03 
0.809 	 1.08659e-02 	 1.13933e-03 	 9.72655e-03 
0.805 	 1.06486e-02 	 1.13287e-03 	 9.51577e-03 
0.801 	 1.04373e-02 	 1.12654e-03 	 9.31071e-03 
0.797 	 1.02315e-02 	 1.12035e-03 	 9.11119e-03 
0.793 	 1.00313e-02 	 1.11430e-03 	 8.91703e-03 
0.790 	 9.83642e-03 	 1.10837e-03 	 8.72805e-03 
0.786 	 9.64667e-03 	 1.10257e-03 	 8.54410e-03 
0.782 	 9.46190e-03 	 1.09690e-03 	 8.36501e-03 
0.778 	 9.28196e-03 	 1.09134e-03 	 8.19062e-03 
0.775 	 9.10670e-03 	 1.08590e-03 	 8.02080e-03 
0.771 	 8.93596e-03 	 1.08057e-03 	 7.85540e-03 
0.768 	 8.76962e-03 	 1.07535e-03 	 7.69427e-03 
0.764 	 8.60753e-03 	 1.07024e-03 	 7.53730e-03 
0.760 	 8.44957e-03 	 1.06523e-03 	 7.38434e-03 
0.757 	 8.29561e-03 	 1.06032e-03 	 7.23529e-03 
0.753 	 8.14552e-03 	 1.05551e-03 	 7.09001e-03 
0.750 	 7.99919e-03 	 1.05080e-03 	 6.94839e-03 
0.747 	 7.85651e-03 	 1.04618e-03 	 6.81033e-03 
0.743 	 7.71737e-03 	 1.04165e-03 	 6.67572e-03 
0.740 	 7.58166e-03 	 1.03722e-03 	 6.54444e-03 
0.737 	 7.44928e-03 	 1.03286e-03 	 6.41642e-03 
0.733 	 7.32013e-03 	 1.02860e-03 	 6.29153e-03 
0.730 	 7.19412e-03 	 1.02441e-03 	 6.16971e-03 
0.727 	 7.07115e-03 	 1.02031e-03 	 6.05085e-03 
0.724 	 6.95114e-03 	 1.01628e-03 	 5.93486e-03 
0.720 	 6.83400e-03 	 1.01233e-03 	 5.82167e-03 
0.717 	 6.71965e-03 	 1.00845e-03 	 5.71120e-03 
0.714 	 6.60801e-03 	 1.00465e-03 	 5.60336e-03 
0.711 	 6.49899e-03 	 1.00091e-03 	 5.49808e-03 
0.708 	 6.39253e-03 	 9.97249e-04 	 5.39529e-03 
0.705 	 6.28856e-03 	 9.93651e-04 	 5.29491e-03 
0.702 	 6.18700e-03 	 9.90117e-04 	 5.19688e-03 
0.699 	 6.08778e-03 	 9.86648e-04 	 5.10114e-03 
0.696 	 5.99085e-03 	 9.83241e-04 	 5.00761e-03 
0.693 	 5.89613e-03 	 9.79894e-04 	 4.91624e-03 
0.690 	 5.80357e-03 	 9.76607e-04 	 4.82697e-03 
0.687 	 5.71311e-03 	 9.73378e-04 	 4.73973e-03 
0.684 	 5.62468e-03 	 9.70206e-04 	 4.65448e-03 
0.682 	 5.53825e-03 	 9.67089e-04 	 4.57116e-03 
0.679 	 5.45374e-03 	 9.64026e-04 	 4.48971e-03 
0.676 	 5.37110e-03 	 9.61016e-04 	 4.41009e-03 
0.673 	 5.29030e-03 	 9.58057e-04 	 4.33224e-03 
0.671 	 5.21128e-03 	 9.55149e-04 	 4.25613e-03 
0.668 	 5.13398e-03 	 9.52291e-04 	 4.18169e-03 
0.665 	 5.05838e-03 	 9.49480e-04 	 4.10890e-03 
0.662 	 4.98441e-03 	 9.46717e-04 	 4.03769e-03 
0.660 	 4.91204e-03 	 9.43999e-04 	 3.96804e-03 
0.657 	 4.84123e-03 	 9.41327e-04 	 3.89991e-03 
0.655 	 4.77194e-03 	 9.38699e-04 	 3.83324e-03 
0.652 	 4.70412e-03 	 9.36114e-04 	 3.76801e-03 
0.649 	 4.63774e-03 	 9.33571e-04 	 3.70417e-03 
0.647 	 4.57276e-03 	 9.31069e-04 	 3.64169e-03 
0.644 	 4.50915e-03 	 9.28608e-04 	 3.58054e-03 
0.642 	 4.44687e-03 	 9.26186e-04 	 3.52069e-03 
0.639 	 4.38589e-03 	 9.23803e-04 	 3.46209e-03 
0.637 	 4.32617e-03 	 9.21457e-04 	 3.40471e-03 
0.634 	 4.26769e-03 	 9.19149e-04 	 3.34854e-03 
0.632 	 4.21041e-03 	 9.16877e-04 	 3.29353e-03 
0.629 	 4.15430e-03 	 9.14640e-04 	 3.23966e-03 
0.627 	 4.09933e-03 	 9.12437e-04 	 3.18689e-03 
0.625 	 4.04548e-03 	 9.10269e-04 	 3.13521e-03 
0.622 	 3.99271e-03 	 9.08134e-04 	 3.08458e-03 
0.620 	 3.94101e-03 	 9.06032e-04 	 3.03498e-03 
