Energy [eV] Ext Cross [um^2] Abs Cross [um^2] Sca Cross [um^2] 
2.480 	 1.10447e-01 	 7.72875e-03 	 1.02718e-01 
2.443 	 1.16224e-01 	 7.50970e-03 	 1.08714e-01 
2.407 	 1.21428e-01 	 7.31221e-03 	 1.14116e-01 
2.373 	 1.26097e-01 	 7.13356e-03 	 1.18963e-01 
2.339 	 1.30254e-01 	 6.97070e-03 	 1.23283e-01 
2.306 	 1.33916e-01 	 6.82080e-03 	 1.27095e-01 
2.274 	 1.37091e-01 	 6.68119e-03 	 1.30410e-01 
2.243 	 1.39785e-01 	 6.54931e-03 	 1.33236e-01 
2.213 	 1.41999e-01 	 6.42320e-03 	 1.35576e-01 
2.184 	 1.43734e-01 	 6.30079e-03 	 1.37433e-01 
2.155 	 1.44992e-01 	 6.18054e-03 	 1.38811e-01 
2.127 	 1.45775e-01 	 6.06115e-03 	 1.39714e-01 
2.100 	 1.46091e-01 	 5.94156e-03 	 1.40149e-01 
2.074 	 1.45949e-01 	 5.82096e-03 	 1.40128e-01 
2.048 	 1.45363e-01 	 5.69876e-03 	 1.39665e-01 
2.023 	 1.44353e-01 	 5.57464e-03 	 1.38778e-01 
1.998 	 1.42939e-01 	 5.44839e-03 	 1.37491e-01 
1.974 	 1.41150e-01 	 5.32001e-03 	 1.35830e-01 
1.951 	 1.39014e-01 	 5.18977e-03 	 1.33825e-01 
1.928 	 1.36565e-01 	 5.05786e-03 	 1.31507e-01 
1.905 	 1.33837e-01 	 4.92461e-03 	 1.28912e-01 
1.884 	 1.30865e-01 	 4.79055e-03 	 1.26075e-01 
1.862 	 1.27687e-01 	 4.65617e-03 	 1.23031e-01 
1.841 	 1.24337e-01 	 4.52192e-03 	 1.19815e-01 
1.821 	 1.20851e-01 	 4.38829e-03 	 1.16463e-01 
1.801 	 1.17262e-01 	 4.25579e-03 	 1.13006e-01 
1.782 	 1.13600e-01 	 4.12491e-03 	 1.09475e-01 
1.763 	 1.09896e-01 	 3.99606e-03 	 1.05900e-01 
1.744 	 1.06175e-01 	 3.86962e-03 	 1.02305e-01 
1.726 	 1.02460e-01 	 3.74591e-03 	 9.87139e-02 
1.708 	 9.87722e-02 	 3.62521e-03 	 9.51469e-02 
1.690 	 9.51298e-02 	 3.50778e-03 	 9.16220e-02 
1.673 	 9.15479e-02 	 3.39379e-03 	 8.81541e-02 
1.656 	 8.80393e-02 	 3.28339e-03 	 8.47559e-02 
1.640 	 8.46144e-02 	 3.17668e-03 	 8.14377e-02 
1.623 	 8.12816e-02 	 3.07371e-03 	 7.82079e-02 
1.608 	 7.80474e-02 	 2.97451e-03 	 7.50729e-02 
1.592 	 7.49163e-02 	 2.87907e-03 	 7.20373e-02 
1.577 	 7.18917e-02 	 2.78737e-03 	 6.91043e-02 
1.562 	 6.89753e-02 	 2.69935e-03 	 6.62760e-02 
1.547 	 6.61681e-02 	 2.61495e-03 	 6.35532e-02 
1.533 	 6.34699e-02 	 2.53408e-03 	 6.09358e-02 
1.519 	 6.08797e-02 	 2.45664e-03 	 5.84231e-02 
1.505 	 5.83960e-02 	 2.38255e-03 	 5.60135e-02 
1.491 	 5.60167e-02 	 2.31167e-03 	 5.37050e-02 
1.478 	 5.37391e-02 	 2.24390e-03 	 5.14952e-02 
1.464 	 5.15606e-02 	 2.17912e-03 	 4.93814e-02 
1.452 	 4.94779e-02 	 2.11721e-03 	 4.73607e-02 
1.439 	 4.74879e-02 	 2.05805e-03 	 4.54298e-02 
1.426 	 4.55871e-02 	 2.00152e-03 	 4.35856e-02 
1.414 	 4.37721e-02 	 1.94751e-03 	 4.18246e-02 
1.402 	 4.20395e-02 	 1.89590e-03 	 4.01436e-02 
1.390 	 4.03858e-02 	 1.84657e-03 	 3.85392e-02 
1.379 	 3.88076e-02 	 1.79944e-03 	 3.70082e-02 
1.367 	 3.73016e-02 	 1.75438e-03 	 3.55472e-02 
1.356 	 3.58644e-02 	 1.71131e-03 	 3.41531e-02 
1.345 	 3.44930e-02 	 1.67011e-03 	 3.28229e-02 
1.334 	 3.31842e-02 	 1.63072e-03 	 3.15535e-02 
1.323 	 3.19350e-02 	 1.59302e-03 	 3.03420e-02 
1.313 	 3.07426e-02 	 1.55694e-03 	 2.91857e-02 
1.302 	 2.96043e-02 	 1.52241e-03 	 2.80819e-02 
1.292 	 2.85174e-02 	 1.48934e-03 	 2.70280e-02 
1.282 	 2.74793e-02 	 1.45766e-03 	 2.60217e-02 
1.272 	 2.64878e-02 	 1.42730e-03 	 2.50605e-02 
1.262 	 2.55404e-02 	 1.39820e-03 	 2.41422e-02 
1.253 	 2.46350e-02 	 1.37029e-03 	 2.32647e-02 
1.243 	 2.37695e-02 	 1.34353e-03 	 2.24260e-02 
1.234 	 2.29420e-02 	 1.31784e-03 	 2.16242e-02 
1.225 	 2.21506e-02 	 1.29318e-03 	 2.08574e-02 
1.216 	 2.13934e-02 	 1.26950e-03 	 2.01239e-02 
1.207 	 2.06688e-02 	 1.24675e-03 	 1.94221e-02 
1.198 	 1.99752e-02 	 1.22488e-03 	 1.87503e-02 
1.189 	 1.93111e-02 	 1.20386e-03 	 1.81072e-02 
1.181 	 1.86750e-02 	 1.18365e-03 	 1.74913e-02 
1.172 	 1.80655e-02 	 1.16419e-03 	 1.69014e-02 
1.164 	 1.74815e-02 	 1.14547e-03 	 1.63360e-02 
1.156 	 1.69215e-02 	 1.12744e-03 	 1.57941e-02 
1.148 	 1.63846e-02 	 1.11008e-03 	 1.52745e-02 
1.140 	 1.58695e-02 	 1.09335e-03 	 1.47761e-02 
1.132 	 1.53752e-02 	 1.07722e-03 	 1.42980e-02 
1.124 	 1.49008e-02 	 1.06166e-03 	 1.38391e-02 
1.117 	 1.44453e-02 	 1.04666e-03 	 1.33986e-02 
1.109 	 1.40078e-02 	 1.03218e-03 	 1.29756e-02 
1.102 	 1.35874e-02 	 1.01821e-03 	 1.25692e-02 
1.094 	 1.31835e-02 	 1.00471e-03 	 1.21788e-02 
1.087 	 1.27952e-02 	 9.91677e-04 	 1.18035e-02 
1.080 	 1.24218e-02 	 9.79081e-04 	 1.14427e-02 
1.073 	 1.20626e-02 	 9.66904e-04 	 1.10957e-02 
1.066 	 1.17170e-02 	 9.55129e-04 	 1.07619e-02 
1.059 	 1.13844e-02 	 9.43739e-04 	 1.04407e-02 
1.052 	 1.10642e-02 	 9.32717e-04 	 1.01315e-02 
1.046 	 1.07559e-02 	 9.22049e-04 	 9.83380e-03 
1.039 	 1.04588e-02 	 9.11720e-04 	 9.54709e-03 
1.032 	 1.01726e-02 	 9.01716e-04 	 9.27087e-03 
1.026 	 9.89672e-03 	 8.92023e-04 	 9.00469e-03 
1.020 	 9.63076e-03 	 8.82631e-04 	 8.74813e-03 
1.013 	 9.37428e-03 	 8.73526e-04 	 8.50075e-03 
1.007 	 9.12688e-03 	 8.64697e-04 	 8.26218e-03 
1.001 	 8.88816e-03 	 8.56133e-04 	 8.03203e-03 
0.995 	 8.65777e-03 	 8.47824e-04 	 7.80995e-03 
0.989 	 8.43536e-03 	 8.39759e-04 	 7.59560e-03 
0.983 	 8.22059e-03 	 8.31929e-04 	 7.38866e-03 
0.977 	 8.01314e-03 	 8.24326e-04 	 7.18882e-03 
0.971 	 7.81272e-03 	 8.16940e-04 	 6.99578e-03 
0.966 	 7.61905e-03 	 8.09764e-04 	 6.80929e-03 
0.960 	 7.43184e-03 	 8.02789e-04 	 6.62905e-03 
0.955 	 7.25084e-03 	 7.96009e-04 	 6.45483e-03 
0.949 	 7.07580e-03 	 7.89417e-04 	 6.28638e-03 
0.944 	 6.90648e-03 	 7.83005e-04 	 6.12348e-03 
0.938 	 6.74267e-03 	 7.76768e-04 	 5.96590e-03 
0.933 	 6.58413e-03 	 7.70698e-04 	 5.81343e-03 
0.928 	 6.43067e-03 	 7.64790e-04 	 5.66588e-03 
0.922 	 6.28209e-03 	 7.59038e-04 	 5.52305e-03 
0.917 	 6.13820e-03 	 7.53437e-04 	 5.38476e-03 
0.912 	 5.99883e-03 	 7.47981e-04 	 5.25085e-03 
0.907 	 5.86380e-03 	 7.42666e-04 	 5.12113e-03 
0.902 	 5.73294e-03 	 7.37486e-04 	 4.99546e-03 
0.897 	 5.60612e-03 	 7.32437e-04 	 4.87368e-03 
0.892 	 5.48316e-03 	 7.27515e-04 	 4.75564e-03 
0.888 	 5.36393e-03 	 7.22716e-04 	 4.64122e-03 
0.883 	 5.24830e-03 	 7.18035e-04 	 4.53027e-03 
0.878 	 5.13613e-03 	 7.13469e-04 	 4.42266e-03 
0.873 	 5.02730e-03 	 7.09014e-04 	 4.31828e-03 
0.869 	 4.92168e-03 	 7.04666e-04 	 4.21701e-03 
0.864 	 4.81916e-03 	 7.00422e-04 	 4.11874e-03 
0.860 	 4.71964e-03 	 6.96278e-04 	 4.02336e-03 
0.855 	 4.62300e-03 	 6.92231e-04 	 3.93077e-03 
0.851 	 4.52914e-03 	 6.88279e-04 	 3.84086e-03 
0.847 	 4.43797e-03 	 6.84418e-04 	 3.75356e-03 
0.842 	 4.34940e-03 	 6.80645e-04 	 3.66875e-03 
0.838 	 4.26332e-03 	 6.76958e-04 	 3.58637e-03 
0.834 	 4.17967e-03 	 6.73354e-04 	 3.50632e-03 
0.829 	 4.09835e-03 	 6.69832e-04 	 3.42852e-03 
0.825 	 4.01929e-03 	 6.66387e-04 	 3.35290e-03 
0.821 	 3.94241e-03 	 6.63019e-04 	 3.27939e-03 
0.817 	 3.86764e-03 	 6.59724e-04 	 3.20791e-03 
0.813 	 3.79490e-03 	 6.56502e-04 	 3.13840e-03 
0.809 	 3.72414e-03 	 6.53349e-04 	 3.07079e-03 
0.805 	 3.65528e-03 	 6.50263e-04 	 3.00502e-03 
0.801 	 3.58827e-03 	 6.47244e-04 	 2.94102e-03 
0.797 	 3.52303e-03 	 6.44288e-04 	 2.87875e-03 
0.793 	 3.45953e-03 	 6.41394e-04 	 2.81814e-03 
0.790 	 3.39769e-03 	 6.38560e-04 	 2.75913e-03 
0.786 	 3.33748e-03 	 6.35785e-04 	 2.70169e-03 
0.782 	 3.27882e-03 	 6.33066e-04 	 2.64576e-03 
0.778 	 3.22169e-03 	 6.30402e-04 	 2.59128e-03 
0.775 	 3.16602e-03 	 6.27792e-04 	 2.53823e-03 
0.771 	 3.11177e-03 	 6.25234e-04 	 2.48654e-03 
0.768 	 3.05890e-03 	 6.22726e-04 	 2.43618e-03 
0.764 	 3.00737e-03 	 6.20268e-04 	 2.38710e-03 
0.760 	 2.95714e-03 	 6.17859e-04 	 2.33928e-03 
0.757 	 2.90816e-03 	 6.15496e-04 	 2.29266e-03 
0.753 	 2.86039e-03 	 6.13179e-04 	 2.24721e-03 
0.750 	 2.81381e-03 	 6.10907e-04 	 2.20290e-03 
0.747 	 2.76837e-03 	 6.08678e-04 	 2.15969e-03 
0.743 	 2.72405e-03 	 6.06491e-04 	 2.11756e-03 
0.740 	 2.68080e-03 	 6.04346e-04 	 2.07645e-03 
0.737 	 2.63860e-03 	 6.02240e-04 	 2.03636e-03 
0.733 	 2.59741e-03 	 6.00174e-04 	 1.99723e-03 
0.730 	 2.55721e-03 	 5.98147e-04 	 1.95906e-03 
0.727 	 2.51796e-03 	 5.96156e-04 	 1.92181e-03 
0.724 	 2.47965e-03 	 5.94202e-04 	 1.88545e-03 
0.720 	 2.44224e-03 	 5.92283e-04 	 1.84995e-03 
0.717 	 2.40570e-03 	 5.90398e-04 	 1.81530e-03 
0.714 	 2.37002e-03 	 5.88547e-04 	 1.78147e-03 
0.711 	 2.33516e-03 	 5.86729e-04 	 1.74843e-03 
0.708 	 2.30111e-03 	 5.84942e-04 	 1.71617e-03 
0.705 	 2.26784e-03 	 5.83187e-04 	 1.68465e-03 
0.702 	 2.23533e-03 	 5.81462e-04 	 1.65386e-03 
0.699 	 2.20355e-03 	 5.79767e-04 	 1.62379e-03 
0.696 	 2.17250e-03 	 5.78101e-04 	 1.59440e-03 
0.693 	 2.14214e-03 	 5.76464e-04 	 1.56568e-03 
0.690 	 2.11247e-03 	 5.74854e-04 	 1.53761e-03 
0.687 	 2.08345e-03 	 5.73271e-04 	 1.51018e-03 
0.684 	 2.05508e-03 	 5.71715e-04 	 1.48337e-03 
0.682 	 2.02733e-03 	 5.70185e-04 	 1.45715e-03 
0.679 	 2.00020e-03 	 5.68680e-04 	 1.43152e-03 
0.676 	 1.97365e-03 	 5.67199e-04 	 1.40645e-03 
0.673 	 1.94768e-03 	 5.65743e-04 	 1.38194e-03 
0.671 	 1.92228e-03 	 5.64311e-04 	 1.35797e-03 
0.668 	 1.89742e-03 	 5.62901e-04 	 1.33452e-03 
0.665 	 1.87309e-03 	 5.61515e-04 	 1.31158e-03 
0.662 	 1.84928e-03 	 5.60150e-04 	 1.28913e-03 
0.660 	 1.82598e-03 	 5.58807e-04 	 1.26717e-03 
0.657 	 1.80317e-03 	 5.57486e-04 	 1.24568e-03 
0.655 	 1.78084e-03 	 5.56185e-04 	 1.22465e-03 
0.652 	 1.75897e-03 	 5.54904e-04 	 1.20407e-03 
0.649 	 1.73757e-03 	 5.53644e-04 	 1.18392e-03 
0.647 	 1.71660e-03 	 5.52402e-04 	 1.16420e-03 
0.644 	 1.69607e-03 	 5.51180e-04 	 1.14489e-03 
0.642 	 1.67596e-03 	 5.49976e-04 	 1.12598e-03 
0.639 	 1.65626e-03 	 5.48791e-04 	 1.10747e-03 
0.637 	 1.63696e-03 	 5.47624e-04 	 1.08934e-03 
0.634 	 1.61805e-03 	 5.46474e-04 	 1.07158e-03 
0.632 	 1.59953e-03 	 5.45341e-04 	 1.05419e-03 
0.629 	 1.58137e-03 	 5.44225e-04 	 1.03715e-03 
0.627 	 1.56358e-03 	 5.43125e-04 	 1.02046e-03 
0.625 	 1.54615e-03 	 5.42042e-04 	 1.00411e-03 
0.622 	 1.52906e-03 	 5.40974e-04 	 9.88082e-04 
0.620 	 1.51230e-03 	 5.39922e-04 	 9.72381e-04 
