Energy [eV] EELS_b EELS_a 
2.500 	 4.02158e-10 	 1.63006e-09 
2.502 	 4.12010e-10 	 1.67184e-09 
2.504 	 4.22312e-10 	 1.71554e-09 
2.506 	 4.33090e-10 	 1.76128e-09 
2.508 	 4.44369e-10 	 1.80916e-09 
2.510 	 4.56176e-10 	 1.85929e-09 
2.512 	 4.68539e-10 	 1.91180e-09 
2.514 	 4.81487e-10 	 1.96682e-09 
2.516 	 4.95051e-10 	 2.02448e-09 
2.519 	 5.09262e-10 	 2.08492e-09 
2.521 	 5.24153e-10 	 2.14828e-09 
2.523 	 5.39758e-10 	 2.21471e-09 
2.525 	 5.56110e-10 	 2.28435e-09 
2.527 	 5.73244e-10 	 2.35737e-09 
2.529 	 5.91193e-10 	 2.43390e-09 
2.531 	 6.09991e-10 	 2.51410e-09 
2.533 	 6.29670e-10 	 2.59811e-09 
2.535 	 6.50259e-10 	 2.68606e-09 
2.537 	 6.71787e-10 	 2.77809e-09 
2.539 	 6.94275e-10 	 2.87430e-09 
2.541 	 7.17740e-10 	 2.97476e-09 
2.543 	 7.42190e-10 	 3.07952e-09 
2.545 	 7.67626e-10 	 3.18861e-09 
2.547 	 7.94033e-10 	 3.30196e-09 
2.549 	 8.21383e-10 	 3.41947e-09 
2.551 	 8.49631e-10 	 3.54097e-09 
2.553 	 8.78707e-10 	 3.66617e-09 
2.555 	 9.08518e-10 	 3.79469e-09 
2.557 	 9.38939e-10 	 3.92600e-09 
2.559 	 9.69813e-10 	 4.05946e-09 
2.561 	 1.00094e-09 	 4.19424e-09 
2.563 	 1.03209e-09 	 4.32933e-09 
2.565 	 1.06297e-09 	 4.46354e-09 
2.567 	 1.09327e-09 	 4.59547e-09 
2.569 	 1.12259e-09 	 4.72353e-09 
2.571 	 1.15053e-09 	 4.84595e-09 
2.573 	 1.17664e-09 	 4.96078e-09 
2.575 	 1.20042e-09 	 5.06596e-09 
2.577 	 1.22139e-09 	 5.15935e-09 
2.579 	 1.23906e-09 	 5.23883e-09 
2.581 	 1.25294e-09 	 5.30235e-09 
2.583 	 1.26261e-09 	 5.34805e-09 
2.585 	 1.26770e-09 	 5.37434e-09 
2.587 	 1.26794e-09 	 5.38001e-09 
2.589 	 1.26317e-09 	 5.36430e-09 
2.591 	 1.25332e-09 	 5.32694e-09 
2.593 	 1.23847e-09 	 5.26822e-09 
2.595 	 1.21883e-09 	 5.18895e-09 
2.597 	 1.19470e-09 	 5.09045e-09 
2.599 	 1.16651e-09 	 4.97446e-09 
2.601 	 1.13476e-09 	 4.84309e-09 
2.603 	 1.09999e-09 	 4.69865e-09 
2.605 	 1.06279e-09 	 4.54361e-09 
2.607 	 1.02374e-09 	 4.38047e-09 
2.609 	 9.83431e-10 	 4.21167e-09 
2.611 	 9.42387e-10 	 4.03949e-09 
2.613 	 9.01104e-10 	 3.86603e-09 
2.615 	 8.60020e-10 	 3.69317e-09 
2.618 	 8.19510e-10 	 3.52251e-09 
2.620 	 7.79888e-10 	 3.35540e-09 
2.622 	 7.41410e-10 	 3.19295e-09 
2.624 	 7.04275e-10 	 3.03601e-09 
2.626 	 6.68631e-10 	 2.88524e-09 
2.628 	 6.34581e-10 	 2.74108e-09 
2.630 	 6.02191e-10 	 2.60384e-09 
2.632 	 5.71492e-10 	 2.47367e-09 
2.634 	 5.42490e-10 	 2.35061e-09 
2.636 	 5.15168e-10 	 2.23460e-09 
2.638 	 4.89492e-10 	 2.12551e-09 
2.640 	 4.65411e-10 	 2.02314e-09 
2.642 	 4.42868e-10 	 1.92726e-09 
2.644 	 4.21793e-10 	 1.83758e-09 
2.646 	 4.02111e-10 	 1.75379e-09 
2.648 	 3.83744e-10 	 1.67556e-09 
2.650 	 3.66605e-10 	 1.60254e-09 
2.652 	 3.50607e-10 	 1.53435e-09 
2.654 	 3.35658e-10 	 1.47062e-09 
2.656 	 3.21667e-10 	 1.41094e-09 
2.658 	 3.08537e-10 	 1.35490e-09 
2.660 	 2.96174e-10 	 1.30212e-09 
2.662 	 2.84485e-10 	 1.25217e-09 
2.664 	 2.73378e-10 	 1.20467e-09 
2.666 	 2.62767e-10 	 1.15925e-09 
2.668 	 2.52576e-10 	 1.11556e-09 
2.670 	 2.42737e-10 	 1.07333e-09 
2.672 	 2.33194e-10 	 1.03230e-09 
2.674 	 2.23903e-10 	 9.92289e-10 
2.676 	 2.14837e-10 	 9.53174e-10 
2.678 	 2.05979e-10 	 9.14886e-10 
2.680 	 1.97324e-10 	 8.77409e-10 
2.682 	 1.88877e-10 	 8.40764e-10 
2.684 	 1.80648e-10 	 8.05006e-10 
2.686 	 1.72652e-10 	 7.70203e-10 
2.688 	 1.64905e-10 	 7.36430e-10 
2.690 	 1.57423e-10 	 7.03760e-10 
2.692 	 1.50216e-10 	 6.72254e-10 
2.694 	 1.43297e-10 	 6.41962e-10 
2.696 	 1.36669e-10 	 6.12914e-10 
2.698 	 1.30337e-10 	 5.85128e-10 
2.700 	 1.24300e-10 	 5.58604e-10 
