Energy [eV] Ext Cross [um^2] Abs Cross [um^2] Sca Cross [um^2] 
2.480 	 1.44498e-02 	 3.84442e-03 	 1.06053e-02 
2.443 	 1.64937e-02 	 4.05939e-03 	 1.24343e-02 
2.407 	 1.88322e-02 	 4.34873e-03 	 1.44834e-02 
2.373 	 2.14817e-02 	 4.69542e-03 	 1.67863e-02 
2.339 	 2.44832e-02 	 5.09893e-03 	 1.93842e-02 
2.306 	 2.78908e-02 	 5.56440e-03 	 2.23264e-02 
2.274 	 3.17722e-02 	 6.10021e-03 	 2.56720e-02 
2.243 	 3.62090e-02 	 6.71708e-03 	 2.94919e-02 
2.213 	 4.12963e-02 	 7.42811e-03 	 3.38681e-02 
2.184 	 4.71469e-02 	 8.24860e-03 	 3.88983e-02 
2.155 	 5.38882e-02 	 9.19601e-03 	 4.46922e-02 
2.127 	 6.16609e-02 	 1.02894e-02 	 5.13715e-02 
2.100 	 7.06105e-02 	 1.15481e-02 	 5.90623e-02 
2.074 	 8.08718e-02 	 1.29897e-02 	 6.78821e-02 
2.048 	 9.25402e-02 	 1.46251e-02 	 7.79151e-02 
2.023 	 1.05622e-01 	 1.64523e-02 	 8.91698e-02 
1.998 	 1.19964e-01 	 1.84456e-02 	 1.01518e-01 
1.974 	 1.35156e-01 	 2.05427e-02 	 1.14613e-01 
1.951 	 1.50440e-01 	 2.26320e-02 	 1.27808e-01 
1.928 	 1.64673e-01 	 2.45483e-02 	 1.40124e-01 
1.905 	 1.76405e-01 	 2.60861e-02 	 1.50319e-01 
1.884 	 1.84158e-01 	 2.70400e-02 	 1.57117e-01 
1.862 	 1.86833e-01 	 2.72632e-02 	 1.59569e-01 
1.841 	 1.84095e-01 	 2.67190e-02 	 1.57376e-01 
1.821 	 1.76487e-01 	 2.54953e-02 	 1.50992e-01 
1.801 	 1.65214e-01 	 2.37713e-02 	 1.41443e-01 
1.782 	 1.51741e-01 	 2.17585e-02 	 1.29982e-01 
1.763 	 1.37412e-01 	 1.96477e-02 	 1.17765e-01 
1.744 	 1.23250e-01 	 1.75811e-02 	 1.05669e-01 
1.726 	 1.09907e-01 	 1.56477e-02 	 9.42595e-02 
1.708 	 9.77296e-02 	 1.38928e-02 	 8.38368e-02 
1.690 	 8.68426e-02 	 1.23307e-02 	 7.45118e-02 
1.673 	 7.72352e-02 	 1.09573e-02 	 6.62780e-02 
1.656 	 6.88220e-02 	 9.75812e-03 	 5.90639e-02 
1.640 	 6.14838e-02 	 8.71479e-03 	 5.27691e-02 
1.623 	 5.50926e-02 	 7.80795e-03 	 4.72847e-02 
1.608 	 4.95245e-02 	 7.01922e-03 	 4.25053e-02 
1.592 	 4.46662e-02 	 6.33194e-03 	 3.83343e-02 
1.577 	 4.04174e-02 	 5.73147e-03 	 3.46859e-02 
1.562 	 3.66912e-02 	 5.20522e-03 	 3.14860e-02 
1.547 	 3.34133e-02 	 4.74246e-03 	 2.86708e-02 
1.533 	 3.05202e-02 	 4.33409e-03 	 2.61862e-02 
1.519 	 2.79584e-02 	 3.97241e-03 	 2.39860e-02 
1.505 	 2.56821e-02 	 3.65091e-03 	 2.20312e-02 
1.491 	 2.36530e-02 	 3.36412e-03 	 2.02889e-02 
1.478 	 2.18382e-02 	 3.10739e-03 	 1.87309e-02 
1.464 	 2.02101e-02 	 2.87678e-03 	 1.73334e-02 
1.452 	 1.87450e-02 	 2.66895e-03 	 1.60761e-02 
1.439 	 1.74227e-02 	 2.48106e-03 	 1.49417e-02 
1.426 	 1.62259e-02 	 2.31068e-03 	 1.39153e-02 
1.414 	 1.51398e-02 	 2.15570e-03 	 1.29841e-02 
1.402 	 1.41516e-02 	 2.01434e-03 	 1.21373e-02 
1.390 	 1.32502e-02 	 1.88505e-03 	 1.13652e-02 
1.379 	 1.24261e-02 	 1.76648e-03 	 1.06596e-02 
1.367 	 1.16709e-02 	 1.65748e-03 	 1.00134e-02 
1.356 	 1.09773e-02 	 1.55703e-03 	 9.42030e-03 
1.345 	 1.03391e-02 	 1.46425e-03 	 8.87483e-03 
1.334 	 9.75052e-03 	 1.37834e-03 	 8.37218e-03 
1.323 	 9.20678e-03 	 1.29864e-03 	 7.90814e-03 
1.313 	 8.70351e-03 	 1.22454e-03 	 7.47897e-03 
1.302 	 8.23689e-03 	 1.15551e-03 	 7.08138e-03 
1.292 	 7.80352e-03 	 1.09108e-03 	 6.71244e-03 
1.282 	 7.40037e-03 	 1.03083e-03 	 6.36955e-03 
1.272 	 7.02477e-03 	 9.74378e-04 	 6.05039e-03 
1.262 	 6.67430e-03 	 9.21403e-04 	 5.75290e-03 
1.253 	 6.34681e-03 	 8.71603e-04 	 5.47521e-03 
1.243 	 6.04038e-03 	 8.24712e-04 	 5.21567e-03 
1.234 	 5.75326e-03 	 7.80490e-04 	 4.97277e-03 
1.225 	 5.48390e-03 	 7.38720e-04 	 4.74518e-03 
1.216 	 5.23088e-03 	 6.99209e-04 	 4.53167e-03 
1.207 	 4.99293e-03 	 6.61780e-04 	 4.33115e-03 
1.198 	 4.76889e-03 	 6.26272e-04 	 4.14261e-03 
1.189 	 4.55771e-03 	 5.92541e-04 	 3.96516e-03 
1.181 	 4.35843e-03 	 5.60456e-04 	 3.79798e-03 
1.172 	 4.17020e-03 	 5.29897e-04 	 3.64030e-03 
1.164 	 3.99221e-03 	 5.00755e-04 	 3.49146e-03 
1.156 	 3.82375e-03 	 4.72929e-04 	 3.35082e-03 
1.148 	 3.66415e-03 	 4.46329e-04 	 3.21782e-03 
1.140 	 3.51280e-03 	 4.20870e-04 	 3.09193e-03 
1.132 	 3.36915e-03 	 3.96477e-04 	 2.97268e-03 
1.124 	 3.23269e-03 	 3.73077e-04 	 2.85962e-03 
1.117 	 3.10295e-03 	 3.50607e-04 	 2.75234e-03 
1.109 	 2.97949e-03 	 3.29006e-04 	 2.65048e-03 
1.102 	 2.86192e-03 	 3.08220e-04 	 2.55370e-03 
1.094 	 2.74986e-03 	 2.88197e-04 	 2.46166e-03 
1.087 	 2.64297e-03 	 2.68892e-04 	 2.37408e-03 
1.080 	 2.54095e-03 	 2.50259e-04 	 2.29069e-03 
1.073 	 2.44349e-03 	 2.32259e-04 	 2.21124e-03 
1.066 	 2.35033e-03 	 2.14853e-04 	 2.13548e-03 
1.059 	 2.26122e-03 	 1.98007e-04 	 2.06321e-03 
1.052 	 2.17591e-03 	 1.81689e-04 	 1.99422e-03 
1.046 	 2.09420e-03 	 1.65867e-04 	 1.92833e-03 
1.039 	 2.01587e-03 	 1.50515e-04 	 1.86536e-03 
1.032 	 1.94075e-03 	 1.35606e-04 	 1.80514e-03 
1.026 	 1.86865e-03 	 1.21116e-04 	 1.74753e-03 
1.020 	 1.79941e-03 	 1.07022e-04 	 1.69239e-03 
1.013 	 1.73288e-03 	 9.33017e-05 	 1.63958e-03 
1.007 	 1.66891e-03 	 7.99361e-05 	 1.58898e-03 
1.001 	 1.60737e-03 	 6.69060e-05 	 1.54046e-03 
0.995 	 1.54813e-03 	 5.41937e-05 	 1.49394e-03 
0.989 	 1.49108e-03 	 4.17824e-05 	 1.44929e-03 
0.983 	 1.43609e-03 	 2.96567e-05 	 1.40643e-03 
0.977 	 1.38307e-03 	 1.78021e-05 	 1.36527e-03 
0.971 	 1.33193e-03 	 6.20484e-06 	 1.32572e-03 
0.966 	 1.28256e-03 	 -5.14786e-06 	 1.28771e-03 
0.960 	 1.23488e-03 	 -1.62681e-05 	 1.25115e-03 
0.955 	 1.18882e-03 	 -2.71674e-05 	 1.21598e-03 
0.949 	 1.14428e-03 	 -3.78564e-05 	 1.18214e-03 
0.944 	 1.10121e-03 	 -4.83454e-05 	 1.14955e-03 
0.938 	 1.05953e-03 	 -5.86442e-05 	 1.11817e-03 
0.933 	 1.01917e-03 	 -6.87617e-05 	 1.08793e-03 
0.928 	 9.80082e-04 	 -7.87069e-05 	 1.05879e-03 
0.922 	 9.42202e-04 	 -8.84877e-05 	 1.03069e-03 
0.917 	 9.05475e-04 	 -9.81120e-05 	 1.00359e-03 
0.912 	 8.69851e-04 	 -1.07587e-04 	 9.77438e-04 
0.907 	 8.35281e-04 	 -1.16920e-04 	 9.52201e-04 
0.902 	 8.01717e-04 	 -1.26117e-04 	 9.27835e-04 
0.897 	 7.69118e-04 	 -1.35185e-04 	 9.04302e-04 
0.892 	 7.37439e-04 	 -1.44129e-04 	 8.81568e-04 
0.888 	 7.06644e-04 	 -1.52954e-04 	 8.59598e-04 
0.883 	 6.76693e-04 	 -1.61668e-04 	 8.38360e-04 
0.878 	 6.47551e-04 	 -1.70273e-04 	 8.17824e-04 
0.873 	 6.19185e-04 	 -1.78776e-04 	 7.97961e-04 
0.869 	 5.91562e-04 	 -1.87181e-04 	 7.78743e-04 
0.864 	 5.64652e-04 	 -1.95493e-04 	 7.60144e-04 
0.860 	 5.38424e-04 	 -2.03715e-04 	 7.42139e-04 
0.855 	 5.12853e-04 	 -2.11853e-04 	 7.24705e-04 
0.851 	 4.87910e-04 	 -2.19909e-04 	 7.07819e-04 
0.847 	 4.63571e-04 	 -2.27888e-04 	 6.91459e-04 
0.842 	 4.39812e-04 	 -2.35793e-04 	 6.75605e-04 
0.838 	 4.16610e-04 	 -2.43627e-04 	 6.60238e-04 
0.834 	 3.93944e-04 	 -2.51394e-04 	 6.45338e-04 
0.829 	 3.71793e-04 	 -2.59095e-04 	 6.30888e-04 
0.825 	 3.50137e-04 	 -2.66735e-04 	 6.16871e-04 
0.821 	 3.28957e-04 	 -2.74314e-04 	 6.03272e-04 
0.817 	 3.08236e-04 	 -2.81837e-04 	 5.90073e-04 
0.813 	 2.87955e-04 	 -2.89306e-04 	 5.77261e-04 
0.809 	 2.68099e-04 	 -2.96722e-04 	 5.64821e-04 
0.805 	 2.48652e-04 	 -3.04089e-04 	 5.52741e-04 
0.801 	 2.29598e-04 	 -3.11408e-04 	 5.41006e-04 
0.797 	 2.10923e-04 	 -3.18682e-04 	 5.29605e-04 
0.793 	 1.92612e-04 	 -3.25914e-04 	 5.18526e-04 
0.790 	 1.74653e-04 	 -3.33104e-04 	 5.07758e-04 
0.786 	 1.57033e-04 	 -3.40256e-04 	 4.97289e-04 
0.782 	 1.39738e-04 	 -3.47371e-04 	 4.87109e-04 
0.778 	 1.22758e-04 	 -3.54452e-04 	 4.77210e-04 
0.775 	 1.06081e-04 	 -3.61498e-04 	 4.67579e-04 
0.771 	 8.96964e-05 	 -3.68514e-04 	 4.58210e-04 
0.768 	 7.35940e-05 	 -3.75498e-04 	 4.49092e-04 
0.764 	 5.77639e-05 	 -3.82454e-04 	 4.40218e-04 
0.760 	 4.21966e-05 	 -3.89383e-04 	 4.31579e-04 
0.757 	 2.68831e-05 	 -3.96285e-04 	 4.23168e-04 
0.753 	 1.18147e-05 	 -4.03162e-04 	 4.14977e-04 
0.750 	 -3.01704e-06 	 -4.10016e-04 	 4.06999e-04 
0.747 	 -1.76201e-05 	 -4.16846e-04 	 3.99226e-04 
0.743 	 -3.20023e-05 	 -4.23655e-04 	 3.91653e-04 
0.740 	 -4.61711e-05 	 -4.30444e-04 	 3.84273e-04 
0.737 	 -6.01338e-05 	 -4.37214e-04 	 3.77080e-04 
0.733 	 -7.38973e-05 	 -4.43965e-04 	 3.70068e-04 
0.730 	 -8.74685e-05 	 -4.50699e-04 	 3.63231e-04 
0.727 	 -1.00854e-04 	 -4.57417e-04 	 3.56564e-04 
0.724 	 -1.14059e-04 	 -4.64120e-04 	 3.50061e-04 
0.720 	 -1.27091e-04 	 -4.70810e-04 	 3.43718e-04 
0.717 	 -1.39955e-04 	 -4.77485e-04 	 3.37530e-04 
0.714 	 -1.52657e-04 	 -4.84149e-04 	 3.31492e-04 
0.711 	 -1.65203e-04 	 -4.90802e-04 	 3.25599e-04 
0.708 	 -1.77596e-04 	 -4.97443e-04 	 3.19847e-04 
0.705 	 -1.89843e-04 	 -5.04076e-04 	 3.14232e-04 
0.702 	 -2.01948e-04 	 -5.10699e-04 	 3.08750e-04 
0.699 	 -2.13916e-04 	 -5.17314e-04 	 3.03397e-04 
0.696 	 -2.25751e-04 	 -5.23921e-04 	 2.98170e-04 
0.693 	 -2.37458e-04 	 -5.30521e-04 	 2.93063e-04 
0.690 	 -2.49040e-04 	 -5.37115e-04 	 2.88075e-04 
0.687 	 -2.60502e-04 	 -5.43703e-04 	 2.83201e-04 
0.684 	 -2.71848e-04 	 -5.50286e-04 	 2.78439e-04 
0.682 	 -2.83080e-04 	 -5.56864e-04 	 2.73784e-04 
0.679 	 -2.94203e-04 	 -5.63439e-04 	 2.69235e-04 
0.676 	 -3.05221e-04 	 -5.70009e-04 	 2.64788e-04 
0.673 	 -3.16136e-04 	 -5.76577e-04 	 2.60440e-04 
0.671 	 -3.26953e-04 	 -5.83142e-04 	 2.56189e-04 
0.668 	 -3.37673e-04 	 -5.89704e-04 	 2.52031e-04 
0.665 	 -3.48300e-04 	 -5.96266e-04 	 2.47965e-04 
0.662 	 -3.58838e-04 	 -6.02826e-04 	 2.43988e-04 
0.660 	 -3.69288e-04 	 -6.09385e-04 	 2.40096e-04 
0.657 	 -3.79654e-04 	 -6.15944e-04 	 2.36289e-04 
0.655 	 -3.89939e-04 	 -6.22503e-04 	 2.32564e-04 
0.652 	 -4.00144e-04 	 -6.29062e-04 	 2.28918e-04 
0.649 	 -4.10273e-04 	 -6.35623e-04 	 2.25350e-04 
0.647 	 -4.20328e-04 	 -6.42184e-04 	 2.21857e-04 
0.644 	 -4.30310e-04 	 -6.48748e-04 	 2.18437e-04 
0.642 	 -4.40224e-04 	 -6.55313e-04 	 2.15089e-04 
0.639 	 -4.50070e-04 	 -6.61880e-04 	 2.11811e-04 
0.637 	 -4.59851e-04 	 -6.68451e-04 	 2.08600e-04 
0.634 	 -4.69568e-04 	 -6.75024e-04 	 2.05455e-04 
0.632 	 -4.79225e-04 	 -6.81600e-04 	 2.02375e-04 
0.629 	 -4.88823e-04 	 -6.88181e-04 	 1.99358e-04 
0.627 	 -4.98364e-04 	 -6.94765e-04 	 1.96401e-04 
0.625 	 -5.07849e-04 	 -7.01353e-04 	 1.93505e-04 
0.622 	 -5.17281e-04 	 -7.07947e-04 	 1.90666e-04 
0.620 	 -5.26661e-04 	 -7.14545e-04 	 1.87884e-04 
