Energy [eV] EELS_b EELS_a 
2.500 	 9.81881e-08 	 4.26974e-07 
2.502 	 1.01147e-07 	 4.40213e-07 
2.504 	 1.04248e-07 	 4.54093e-07 
2.506 	 1.07500e-07 	 4.68651e-07 
2.508 	 1.10912e-07 	 4.83928e-07 
2.510 	 1.14492e-07 	 4.99965e-07 
2.512 	 1.18251e-07 	 5.16805e-07 
2.514 	 1.22199e-07 	 5.34495e-07 
2.516 	 1.26346e-07 	 5.53082e-07 
2.519 	 1.30703e-07 	 5.72617e-07 
2.521 	 1.35282e-07 	 5.93152e-07 
2.523 	 1.40094e-07 	 6.14740e-07 
2.525 	 1.45151e-07 	 6.37437e-07 
2.527 	 1.50467e-07 	 6.61298e-07 
2.529 	 1.56052e-07 	 6.86380e-07 
2.531 	 1.61920e-07 	 7.12737e-07 
2.533 	 1.68081e-07 	 7.40425e-07 
2.535 	 1.74547e-07 	 7.69495e-07 
2.537 	 1.81328e-07 	 7.99993e-07 
2.539 	 1.88432e-07 	 8.31961e-07 
2.541 	 1.95866e-07 	 8.65431e-07 
2.543 	 2.03634e-07 	 9.00423e-07 
2.545 	 2.11736e-07 	 9.36942e-07 
2.547 	 2.20168e-07 	 9.74976e-07 
2.549 	 2.28921e-07 	 1.01449e-06 
2.551 	 2.37978e-07 	 1.05541e-06 
2.553 	 2.47316e-07 	 1.09764e-06 
2.555 	 2.56903e-07 	 1.14105e-06 
2.557 	 2.66693e-07 	 1.18543e-06 
2.559 	 2.76631e-07 	 1.23056e-06 
2.561 	 2.86648e-07 	 1.27613e-06 
2.563 	 2.96660e-07 	 1.32176e-06 
2.565 	 3.06567e-07 	 1.36704e-06 
2.567 	 3.16256e-07 	 1.41146e-06 
2.569 	 3.25596e-07 	 1.45444e-06 
2.571 	 3.34447e-07 	 1.49536e-06 
2.573 	 3.42656e-07 	 1.53354e-06 
2.575 	 3.50065e-07 	 1.56829e-06 
2.577 	 3.56515e-07 	 1.59888e-06 
2.579 	 3.61853e-07 	 1.62463e-06 
2.581 	 3.65940e-07 	 1.64489e-06 
2.583 	 3.68655e-07 	 1.65912e-06 
2.585 	 3.69905e-07 	 1.66687e-06 
2.587 	 3.69631e-07 	 1.66785e-06 
2.589 	 3.67810e-07 	 1.66192e-06 
2.591 	 3.64460e-07 	 1.64912e-06 
2.593 	 3.59637e-07 	 1.62968e-06 
2.595 	 3.53434e-07 	 1.60396e-06 
2.597 	 3.45975e-07 	 1.57250e-06 
2.599 	 3.37407e-07 	 1.53592e-06 
2.601 	 3.27897e-07 	 1.49495e-06 
2.603 	 3.17619e-07 	 1.45034e-06 
2.605 	 3.06748e-07 	 1.40288e-06 
2.607 	 2.95455e-07 	 1.35333e-06 
2.609 	 2.83902e-07 	 1.30241e-06 
2.611 	 2.72234e-07 	 1.25079e-06 
2.613 	 2.60582e-07 	 1.19905e-06 
2.615 	 2.49057e-07 	 1.14772e-06 
2.618 	 2.37755e-07 	 1.09724e-06 
2.620 	 2.26751e-07 	 1.04796e-06 
2.622 	 2.16105e-07 	 1.00018e-06 
2.624 	 2.05864e-07 	 9.54110e-07 
2.626 	 1.96059e-07 	 9.09917e-07 
2.628 	 1.86712e-07 	 8.67712e-07 
2.630 	 1.77836e-07 	 8.27563e-07 
2.632 	 1.69433e-07 	 7.89502e-07 
2.634 	 1.61502e-07 	 7.53528e-07 
2.636 	 1.54036e-07 	 7.19618e-07 
2.638 	 1.47022e-07 	 6.87731e-07 
2.640 	 1.40447e-07 	 6.57805e-07 
2.642 	 1.34292e-07 	 6.29771e-07 
2.644 	 1.28539e-07 	 6.03545e-07 
2.646 	 1.23166e-07 	 5.79037e-07 
2.648 	 1.18151e-07 	 5.56150e-07 
2.650 	 1.13470e-07 	 5.34778e-07 
2.652 	 1.09099e-07 	 5.14811e-07 
2.654 	 1.05011e-07 	 4.96132e-07 
2.656 	 1.01181e-07 	 4.78619e-07 
2.658 	 9.75791e-08 	 4.62146e-07 
2.660 	 9.41789e-08 	 4.46584e-07 
2.662 	 9.09520e-08 	 4.31803e-07 
2.664 	 8.78713e-08 	 4.17676e-07 
2.666 	 8.49107e-08 	 4.04083e-07 
2.668 	 8.20467e-08 	 3.90912e-07 
2.670 	 7.92588e-08 	 3.78067e-07 
2.672 	 7.65303e-08 	 3.65470e-07 
2.674 	 7.38486e-08 	 3.53061e-07 
2.676 	 7.12057e-08 	 3.40805e-07 
2.678 	 6.85981e-08 	 3.28683e-07 
2.680 	 6.60258e-08 	 3.16700e-07 
2.682 	 6.34922e-08 	 3.04870e-07 
2.684 	 6.10028e-08 	 2.93223e-07 
2.686 	 5.85645e-08 	 2.81794e-07 
2.688 	 5.61846e-08 	 2.70617e-07 
2.690 	 5.38700e-08 	 2.59730e-07 
2.692 	 5.16270e-08 	 2.49163e-07 
2.694 	 4.94606e-08 	 2.38943e-07 
2.696 	 4.73748e-08 	 2.29089e-07 
2.698 	 4.53720e-08 	 2.19617e-07 
2.700 	 4.34536e-08 	 2.10533e-07 
