Energy [eV] EELS_b EELS_a 
2.500 	 1.47345e-10 	 5.93757e-10 
2.502 	 1.50893e-10 	 6.08712e-10 
2.504 	 1.54605e-10 	 6.24361e-10 
2.506 	 1.58491e-10 	 6.40742e-10 
2.508 	 1.62559e-10 	 6.57897e-10 
2.510 	 1.66819e-10 	 6.75866e-10 
2.512 	 1.71282e-10 	 6.94694e-10 
2.514 	 1.75959e-10 	 7.14429e-10 
2.516 	 1.80860e-10 	 7.35118e-10 
2.519 	 1.85998e-10 	 7.56813e-10 
2.521 	 1.91384e-10 	 7.79564e-10 
2.523 	 1.97031e-10 	 8.03426e-10 
2.525 	 2.02952e-10 	 8.28455e-10 
2.527 	 2.09159e-10 	 8.54704e-10 
2.529 	 2.15665e-10 	 8.82230e-10 
2.531 	 2.22482e-10 	 9.11087e-10 
2.533 	 2.29624e-10 	 9.41329e-10 
2.535 	 2.37100e-10 	 9.73005e-10 
2.537 	 2.44921e-10 	 1.00616e-09 
2.539 	 2.53096e-10 	 1.04084e-09 
2.541 	 2.61632e-10 	 1.07707e-09 
2.543 	 2.70531e-10 	 1.11487e-09 
2.545 	 2.79795e-10 	 1.15424e-09 
2.547 	 2.89418e-10 	 1.19517e-09 
2.549 	 2.99391e-10 	 1.23762e-09 
2.551 	 3.09697e-10 	 1.28153e-09 
2.553 	 3.20310e-10 	 1.32678e-09 
2.555 	 3.31197e-10 	 1.37325e-09 
2.557 	 3.42310e-10 	 1.42074e-09 
2.559 	 3.53592e-10 	 1.46901e-09 
2.561 	 3.64969e-10 	 1.51775e-09 
2.563 	 3.76352e-10 	 1.56659e-09 
2.565 	 3.87635e-10 	 1.61509e-09 
2.567 	 3.98694e-10 	 1.66272e-09 
2.569 	 4.09389e-10 	 1.70890e-09 
2.571 	 4.19562e-10 	 1.75296e-09 
2.573 	 4.29041e-10 	 1.79417e-09 
2.575 	 4.37645e-10 	 1.83177e-09 
2.577 	 4.45187e-10 	 1.86496e-09 
2.579 	 4.51479e-10 	 1.89295e-09 
2.581 	 4.56344e-10 	 1.91499e-09 
2.583 	 4.59622e-10 	 1.93038e-09 
2.585 	 4.61177e-10 	 1.93854e-09 
2.587 	 4.60910e-10 	 1.93905e-09 
2.589 	 4.58761e-10 	 1.93163e-09 
2.591 	 4.54717e-10 	 1.91622e-09 
2.593 	 4.48815e-10 	 1.89296e-09 
2.595 	 4.41138e-10 	 1.86219e-09 
2.597 	 4.31813e-10 	 1.82441e-09 
2.599 	 4.21006e-10 	 1.78033e-09 
2.601 	 4.08911e-10 	 1.73074e-09 
2.603 	 3.95741e-10 	 1.67654e-09 
2.605 	 3.81720e-10 	 1.61865e-09 
2.607 	 3.67071e-10 	 1.55801e-09 
2.609 	 3.52008e-10 	 1.49552e-09 
2.611 	 3.36732e-10 	 1.43204e-09 
2.613 	 3.21426e-10 	 1.36831e-09 
2.615 	 3.06246e-10 	 1.30502e-09 
2.618 	 2.91330e-10 	 1.24274e-09 
2.620 	 2.76788e-10 	 1.18194e-09 
2.622 	 2.62708e-10 	 1.12300e-09 
2.624 	 2.49160e-10 	 1.06623e-09 
2.626 	 2.36191e-10 	 1.01182e-09 
2.628 	 2.23835e-10 	 9.59934e-10 
2.630 	 2.12109e-10 	 9.10649e-10 
2.632 	 2.01022e-10 	 8.64004e-10 
2.634 	 1.90571e-10 	 8.19995e-10 
2.636 	 1.80745e-10 	 7.78588e-10 
2.638 	 1.71528e-10 	 7.39719e-10 
2.640 	 1.62900e-10 	 7.03307e-10 
2.642 	 1.54837e-10 	 6.69254e-10 
2.644 	 1.47310e-10 	 6.37449e-10 
2.646 	 1.40292e-10 	 6.07775e-10 
2.648 	 1.33751e-10 	 5.80104e-10 
2.650 	 1.27655e-10 	 5.54304e-10 
2.652 	 1.21971e-10 	 5.30238e-10 
2.654 	 1.16667e-10 	 5.07766e-10 
2.656 	 1.11707e-10 	 4.86743e-10 
2.658 	 1.07058e-10 	 4.67024e-10 
2.660 	 1.02684e-10 	 4.48462e-10 
2.662 	 9.85518e-11 	 4.30913e-10 
2.664 	 9.46294e-11 	 4.14240e-10 
2.666 	 9.08861e-11 	 3.98310e-10 
2.668 	 8.72941e-11 	 3.83005e-10 
2.670 	 8.38294e-11 	 3.68221e-10 
2.672 	 8.04724e-11 	 3.53875e-10 
2.674 	 7.72078e-11 	 3.39899e-10 
2.676 	 7.40253e-11 	 3.26252e-10 
2.678 	 7.09191e-11 	 3.12907e-10 
2.680 	 6.78875e-11 	 2.99860e-10 
2.682 	 6.49316e-11 	 2.87117e-10 
2.684 	 6.20552e-11 	 2.74695e-10 
2.686 	 5.92631e-11 	 2.62617e-10 
2.688 	 5.65606e-11 	 2.50910e-10 
2.690 	 5.39526e-11 	 2.39595e-10 
2.692 	 5.14434e-11 	 2.28694e-10 
2.694 	 4.90361e-11 	 2.18222e-10 
2.696 	 4.67326e-11 	 2.08190e-10 
2.698 	 4.45335e-11 	 1.98602e-10 
2.700 	 4.24384e-11 	 1.89456e-10 
