Energy [eV] EELS_b EELS_a 
2.500 	 1.20243e-07 	 5.25770e-07 
2.502 	 1.23893e-07 	 5.42185e-07 
2.504 	 1.27720e-07 	 5.59399e-07 
2.506 	 1.31734e-07 	 5.77458e-07 
2.508 	 1.35946e-07 	 5.96412e-07 
2.510 	 1.40367e-07 	 6.16314e-07 
2.512 	 1.45011e-07 	 6.37217e-07 
2.514 	 1.49888e-07 	 6.59181e-07 
2.516 	 1.55014e-07 	 6.82265e-07 
2.519 	 1.60401e-07 	 7.06534e-07 
2.521 	 1.66063e-07 	 7.32051e-07 
2.523 	 1.72017e-07 	 7.58886e-07 
2.525 	 1.78277e-07 	 7.87108e-07 
2.527 	 1.84858e-07 	 8.16788e-07 
2.529 	 1.91777e-07 	 8.47997e-07 
2.531 	 1.99048e-07 	 8.80806e-07 
2.533 	 2.06687e-07 	 9.15286e-07 
2.535 	 2.14708e-07 	 9.51501e-07 
2.537 	 2.23124e-07 	 9.89514e-07 
2.539 	 2.31946e-07 	 1.02938e-06 
2.541 	 2.41184e-07 	 1.07114e-06 
2.543 	 2.50842e-07 	 1.11482e-06 
2.545 	 2.60923e-07 	 1.16043e-06 
2.547 	 2.71422e-07 	 1.20797e-06 
2.549 	 2.82330e-07 	 1.25738e-06 
2.551 	 2.93627e-07 	 1.30860e-06 
2.553 	 3.05284e-07 	 1.36149e-06 
2.555 	 3.17263e-07 	 1.41590e-06 
2.557 	 3.29510e-07 	 1.47158e-06 
2.559 	 3.41956e-07 	 1.52825e-06 
2.561 	 3.54516e-07 	 1.58552e-06 
2.563 	 3.67086e-07 	 1.64295e-06 
2.565 	 3.79544e-07 	 1.69998e-06 
2.567 	 3.91745e-07 	 1.75600e-06 
2.569 	 4.03529e-07 	 1.81029e-06 
2.571 	 4.14718e-07 	 1.86206e-06 
2.573 	 4.25120e-07 	 1.91046e-06 
2.575 	 4.34535e-07 	 1.95458e-06 
2.577 	 4.42762e-07 	 1.99354e-06 
2.579 	 4.49606e-07 	 2.02645e-06 
2.581 	 4.54888e-07 	 2.05249e-06 
2.583 	 4.58453e-07 	 2.07096e-06 
2.585 	 4.60182e-07 	 2.08128e-06 
2.587 	 4.59996e-07 	 2.08308e-06 
2.589 	 4.57864e-07 	 2.07617e-06 
2.591 	 4.53805e-07 	 2.06060e-06 
2.593 	 4.47889e-07 	 2.03663e-06 
2.595 	 4.40231e-07 	 2.00474e-06 
2.597 	 4.30986e-07 	 1.96559e-06 
2.599 	 4.20341e-07 	 1.91997e-06 
2.601 	 4.08505e-07 	 1.86880e-06 
2.603 	 3.95698e-07 	 1.81303e-06 
2.605 	 3.82143e-07 	 1.75367e-06 
2.607 	 3.68054e-07 	 1.69166e-06 
2.609 	 3.53636e-07 	 1.62793e-06 
2.611 	 3.39073e-07 	 1.56331e-06 
2.613 	 3.24529e-07 	 1.49855e-06 
2.615 	 3.10145e-07 	 1.43431e-06 
2.618 	 2.96041e-07 	 1.37114e-06 
2.620 	 2.82311e-07 	 1.30948e-06 
2.622 	 2.69031e-07 	 1.24971e-06 
2.624 	 2.56259e-07 	 1.19209e-06 
2.626 	 2.44035e-07 	 1.13683e-06 
2.628 	 2.32384e-07 	 1.08407e-06 
2.630 	 2.21323e-07 	 1.03390e-06 
2.632 	 2.10856e-07 	 9.86342e-07 
2.634 	 2.00979e-07 	 9.41407e-07 
2.636 	 1.91683e-07 	 8.99062e-07 
2.638 	 1.82954e-07 	 8.59252e-07 
2.640 	 1.74772e-07 	 8.21901e-07 
2.642 	 1.67116e-07 	 7.86919e-07 
2.644 	 1.59961e-07 	 7.54202e-07 
2.646 	 1.53281e-07 	 7.23637e-07 
2.648 	 1.47048e-07 	 6.95099e-07 
2.650 	 1.41232e-07 	 6.68458e-07 
2.652 	 1.35802e-07 	 6.43575e-07 
2.654 	 1.30726e-07 	 6.20301e-07 
2.656 	 1.25970e-07 	 5.98485e-07 
2.658 	 1.21499e-07 	 5.77968e-07 
2.660 	 1.17279e-07 	 5.58588e-07 
2.662 	 1.13274e-07 	 5.40182e-07 
2.664 	 1.09452e-07 	 5.22591e-07 
2.666 	 1.05778e-07 	 5.05663e-07 
2.668 	 1.02224e-07 	 4.89259e-07 
2.670 	 9.87639e-08 	 4.73258e-07 
2.672 	 9.53768e-08 	 4.57560e-07 
2.674 	 9.20472e-08 	 4.42093e-07 
2.676 	 8.87650e-08 	 4.26810e-07 
2.678 	 8.55256e-08 	 4.11690e-07 
2.680 	 8.23293e-08 	 3.96736e-07 
2.682 	 7.91801e-08 	 3.81969e-07 
2.684 	 7.60851e-08 	 3.67426e-07 
2.686 	 7.30528e-08 	 3.53150e-07 
2.688 	 7.00924e-08 	 3.39186e-07 
2.690 	 6.72127e-08 	 3.25579e-07 
2.692 	 6.44215e-08 	 3.12371e-07 
2.694 	 6.17253e-08 	 2.99593e-07 
2.696 	 5.91289e-08 	 2.87272e-07 
2.698 	 5.66356e-08 	 2.75425e-07 
2.700 	 5.42469e-08 	 2.64063e-07 
