Energy [eV] EELS_b EELS_a 
2.500 	 9.59505e-13 	 4.95345e-10 
2.502 	 9.76164e-13 	 5.05954e-10 
2.504 	 9.93655e-13 	 5.17072e-10 
2.506 	 1.01202e-12 	 5.28728e-10 
2.508 	 1.03131e-12 	 5.40949e-10 
2.510 	 1.05156e-12 	 5.53768e-10 
2.512 	 1.07282e-12 	 5.67216e-10 
2.514 	 1.09514e-12 	 5.81331e-10 
2.516 	 1.11858e-12 	 5.96147e-10 
2.519 	 1.14318e-12 	 6.11704e-10 
2.521 	 1.16900e-12 	 6.28043e-10 
2.523 	 1.19610e-12 	 6.45206e-10 
2.525 	 1.22454e-12 	 6.63242e-10 
2.527 	 1.25438e-12 	 6.82196e-10 
2.529 	 1.28567e-12 	 7.02116e-10 
2.531 	 1.31848e-12 	 7.23053e-10 
2.533 	 1.35286e-12 	 7.45063e-10 
2.535 	 1.38887e-12 	 7.68197e-10 
2.537 	 1.42656e-12 	 7.92515e-10 
2.539 	 1.46597e-12 	 8.18067e-10 
2.541 	 1.50715e-12 	 8.44911e-10 
2.543 	 1.55011e-12 	 8.73102e-10 
2.545 	 1.59488e-12 	 9.02689e-10 
2.547 	 1.64146e-12 	 9.33721e-10 
2.549 	 1.68981e-12 	 9.66239e-10 
2.551 	 1.73988e-12 	 1.00028e-09 
2.553 	 1.79159e-12 	 1.03586e-09 
2.555 	 1.84483e-12 	 1.07299e-09 
2.557 	 1.89942e-12 	 1.11168e-09 
2.559 	 1.95515e-12 	 1.15187e-09 
2.561 	 2.01173e-12 	 1.19353e-09 
2.563 	 2.06884e-12 	 1.23657e-09 
2.565 	 2.12604e-12 	 1.28086e-09 
2.567 	 2.18285e-12 	 1.32624e-09 
2.569 	 2.23868e-12 	 1.37250e-09 
2.571 	 2.29288e-12 	 1.41937e-09 
2.573 	 2.34472e-12 	 1.46653e-09 
2.575 	 2.39337e-12 	 1.51359e-09 
2.577 	 2.43798e-12 	 1.56010e-09 
2.579 	 2.47764e-12 	 1.60554e-09 
2.581 	 2.51143e-12 	 1.64934e-09 
2.583 	 2.53847e-12 	 1.69087e-09 
2.585 	 2.55790e-12 	 1.72946e-09 
2.587 	 2.56900e-12 	 1.76442e-09 
2.589 	 2.57115e-12 	 1.79504e-09 
2.591 	 2.56391e-12 	 1.82062e-09 
2.593 	 2.54705e-12 	 1.84054e-09 
2.595 	 2.52054e-12 	 1.85421e-09 
2.597 	 2.48458e-12 	 1.86115e-09 
2.599 	 2.43959e-12 	 1.86100e-09 
2.601 	 2.38619e-12 	 1.85356e-09 
2.603 	 2.32518e-12 	 1.83876e-09 
2.605 	 2.25750e-12 	 1.81673e-09 
2.607 	 2.18418e-12 	 1.78775e-09 
2.609 	 2.10630e-12 	 1.75226e-09 
2.611 	 2.02499e-12 	 1.71085e-09 
2.613 	 1.94131e-12 	 1.66423e-09 
2.615 	 1.85632e-12 	 1.61319e-09 
2.618 	 1.77095e-12 	 1.55856e-09 
2.620 	 1.68607e-12 	 1.50121e-09 
2.622 	 1.60242e-12 	 1.44197e-09 
2.624 	 1.52064e-12 	 1.38166e-09 
2.626 	 1.44126e-12 	 1.32100e-09 
2.628 	 1.36468e-12 	 1.26065e-09 
2.630 	 1.29121e-12 	 1.20118e-09 
2.632 	 1.22107e-12 	 1.14305e-09 
2.634 	 1.15440e-12 	 1.08666e-09 
2.636 	 1.09126e-12 	 1.03230e-09 
2.638 	 1.03166e-12 	 9.80188e-10 
2.640 	 9.75573e-13 	 9.30467e-10 
2.642 	 9.22904e-13 	 8.83227e-10 
2.644 	 8.73549e-13 	 8.38503e-10 
2.646 	 8.27374e-13 	 7.96289e-10 
2.648 	 7.84225e-13 	 7.56541e-10 
2.650 	 7.43938e-13 	 7.19191e-10 
2.652 	 7.06335e-13 	 6.84144e-10 
2.654 	 6.71235e-13 	 6.51290e-10 
2.656 	 6.38448e-13 	 6.20504e-10 
2.658 	 6.07785e-13 	 5.91651e-10 
2.660 	 5.79056e-13 	 5.64589e-10 
2.662 	 5.52072e-13 	 5.39171e-10 
2.664 	 5.26654e-13 	 5.15249e-10 
2.666 	 5.02627e-13 	 4.92676e-10 
2.668 	 4.79832e-13 	 4.71311e-10 
2.670 	 4.58124e-13 	 4.51020e-10 
2.672 	 4.37378e-13 	 4.31684e-10 
2.674 	 4.17490e-13 	 4.13195e-10 
2.676 	 3.98376e-13 	 3.95463e-10 
2.678 	 3.79974e-13 	 3.78416e-10 
2.680 	 3.62244e-13 	 3.61998e-10 
2.682 	 3.45160e-13 	 3.46172e-10 
2.684 	 3.28710e-13 	 3.30912e-10 
2.686 	 3.12890e-13 	 3.16207e-10 
2.688 	 2.97702e-13 	 3.02049e-10 
2.690 	 2.83148e-13 	 2.88439e-10 
2.692 	 2.69231e-13 	 2.75376e-10 
2.694 	 2.55950e-13 	 2.62862e-10 
2.696 	 2.43298e-13 	 2.50895e-10 
2.698 	 2.31268e-13 	 2.39470e-10 
2.700 	 2.19847e-13 	 2.28580e-10 
