Energy [eV] EELS_b EELS_a 
2.500 	 5.29995e-12 	 2.25278e-09 
2.502 	 5.41812e-12 	 2.31278e-09 
2.504 	 5.54175e-12 	 2.37557e-09 
2.506 	 5.67111e-12 	 2.44130e-09 
2.508 	 5.80650e-12 	 2.51014e-09 
2.510 	 5.94822e-12 	 2.58225e-09 
2.512 	 6.09662e-12 	 2.65780e-09 
2.514 	 6.25201e-12 	 2.73700e-09 
2.516 	 6.41475e-12 	 2.82002e-09 
2.519 	 6.58520e-12 	 2.90707e-09 
2.521 	 6.76371e-12 	 2.99836e-09 
2.523 	 6.95066e-12 	 3.09409e-09 
2.525 	 7.14641e-12 	 3.19449e-09 
2.527 	 7.35132e-12 	 3.29975e-09 
2.529 	 7.56575e-12 	 3.41010e-09 
2.531 	 7.79003e-12 	 3.52575e-09 
2.533 	 8.02445e-12 	 3.64689e-09 
2.535 	 8.26929e-12 	 3.77371e-09 
2.537 	 8.52475e-12 	 3.90637e-09 
2.539 	 8.79098e-12 	 4.04500e-09 
2.541 	 9.06800e-12 	 4.18969e-09 
2.543 	 9.35575e-12 	 4.34049e-09 
2.545 	 9.65401e-12 	 4.49735e-09 
2.547 	 9.96236e-12 	 4.66018e-09 
2.549 	 1.02802e-11 	 4.82876e-09 
2.551 	 1.06066e-11 	 5.00276e-09 
2.553 	 1.09405e-11 	 5.18169e-09 
2.555 	 1.12802e-11 	 5.36491e-09 
2.557 	 1.16238e-11 	 5.55157e-09 
2.559 	 1.19691e-11 	 5.74060e-09 
2.561 	 1.23130e-11 	 5.93068e-09 
2.563 	 1.26522e-11 	 6.12024e-09 
2.565 	 1.29829e-11 	 6.30743e-09 
2.567 	 1.33006e-11 	 6.49009e-09 
2.569 	 1.36003e-11 	 6.66582e-09 
2.571 	 1.38768e-11 	 6.83198e-09 
2.573 	 1.41245e-11 	 6.98572e-09 
2.575 	 1.43376e-11 	 7.12407e-09 
2.577 	 1.45105e-11 	 7.24401e-09 
2.579 	 1.46378e-11 	 7.34263e-09 
2.581 	 1.47146e-11 	 7.41722e-09 
2.583 	 1.47369e-11 	 7.46539e-09 
2.585 	 1.47019e-11 	 7.48525e-09 
2.587 	 1.46080e-11 	 7.47551e-09 
2.589 	 1.44550e-11 	 7.43555e-09 
2.591 	 1.42441e-11 	 7.36552e-09 
2.593 	 1.39782e-11 	 7.26630e-09 
2.595 	 1.36615e-11 	 7.13951e-09 
2.597 	 1.32992e-11 	 6.98738e-09 
2.599 	 1.28975e-11 	 6.81271e-09 
2.601 	 1.24631e-11 	 6.61864e-09 
2.603 	 1.20032e-11 	 6.40857e-09 
2.605 	 1.15247e-11 	 6.18597e-09 
2.607 	 1.10344e-11 	 5.95428e-09 
2.609 	 1.05386e-11 	 5.71677e-09 
2.611 	 1.00429e-11 	 5.47644e-09 
2.613 	 9.55226e-12 	 5.23602e-09 
2.615 	 9.07097e-12 	 4.99786e-09 
2.618 	 8.60244e-12 	 4.76395e-09 
2.620 	 8.14941e-12 	 4.53595e-09 
2.622 	 7.71396e-12 	 4.31516e-09 
2.624 	 7.29757e-12 	 4.10258e-09 
2.626 	 6.90121e-12 	 3.89893e-09 
2.628 	 6.52540e-12 	 3.70469e-09 
2.630 	 6.17030e-12 	 3.52016e-09 
2.632 	 5.83578e-12 	 3.34543e-09 
2.634 	 5.52147e-12 	 3.18048e-09 
2.636 	 5.22681e-12 	 3.02517e-09 
2.638 	 4.95111e-12 	 2.87926e-09 
2.640 	 4.69357e-12 	 2.74244e-09 
2.642 	 4.45330e-12 	 2.61437e-09 
2.644 	 4.22939e-12 	 2.49463e-09 
2.646 	 4.02085e-12 	 2.38279e-09 
2.648 	 3.82669e-12 	 2.27839e-09 
2.650 	 3.64590e-12 	 2.18094e-09 
2.652 	 3.47746e-12 	 2.08992e-09 
2.654 	 3.32032e-12 	 2.00483e-09 
2.656 	 3.17344e-12 	 1.92510e-09 
2.658 	 3.03579e-12 	 1.85021e-09 
2.660 	 2.90636e-12 	 1.77959e-09 
2.662 	 2.78413e-12 	 1.71270e-09 
2.664 	 2.66817e-12 	 1.64901e-09 
2.666 	 2.55760e-12 	 1.58802e-09 
2.668 	 2.45161e-12 	 1.52927e-09 
2.670 	 2.34953e-12 	 1.47238e-09 
2.672 	 2.25080e-12 	 1.41701e-09 
2.674 	 2.15498e-12 	 1.36293e-09 
2.676 	 2.06179e-12 	 1.30997e-09 
2.678 	 1.97107e-12 	 1.25805e-09 
2.680 	 1.88276e-12 	 1.20716e-09 
2.682 	 1.79689e-12 	 1.15733e-09 
2.684 	 1.71357e-12 	 1.10866e-09 
2.686 	 1.63291e-12 	 1.06124e-09 
2.688 	 1.55504e-12 	 1.01518e-09 
2.690 	 1.48010e-12 	 9.70586e-10 
2.692 	 1.40819e-12 	 9.27555e-10 
2.694 	 1.33936e-12 	 8.86156e-10 
2.696 	 1.27365e-12 	 8.46437e-10 
2.698 	 1.21107e-12 	 8.08424e-10 
2.700 	 1.15158e-12 	 7.72122e-10 
