Energy [eV] EELS_b EELS_a 
2.500 	 6.16946e-07 	 1.32639e-05 
2.502 	 6.36468e-07 	 1.37067e-05 
2.504 	 6.56960e-07 	 1.41716e-05 
2.506 	 6.78480e-07 	 1.46598e-05 
2.508 	 7.01093e-07 	 1.51729e-05 
2.510 	 7.24865e-07 	 1.57123e-05 
2.512 	 7.49865e-07 	 1.62796e-05 
2.514 	 7.76170e-07 	 1.68765e-05 
2.516 	 8.03857e-07 	 1.75047e-05 
2.519 	 8.33011e-07 	 1.81660e-05 
2.521 	 8.63718e-07 	 1.88625e-05 
2.523 	 8.96071e-07 	 1.95960e-05 
2.525 	 9.30163e-07 	 2.03687e-05 
2.527 	 9.66093e-07 	 2.11827e-05 
2.529 	 1.00396e-06 	 2.20402e-05 
2.531 	 1.04387e-06 	 2.29433e-05 
2.533 	 1.08593e-06 	 2.38943e-05 
2.535 	 1.13024e-06 	 2.48952e-05 
2.537 	 1.17689e-06 	 2.59482e-05 
2.539 	 1.22599e-06 	 2.70550e-05 
2.541 	 1.27761e-06 	 2.82173e-05 
2.543 	 1.33184e-06 	 2.94364e-05 
2.545 	 1.38872e-06 	 3.07132e-05 
2.547 	 1.44829e-06 	 3.20479e-05 
2.549 	 1.51054e-06 	 3.34400e-05 
2.551 	 1.57545e-06 	 3.48882e-05 
2.553 	 1.64291e-06 	 3.63899e-05 
2.555 	 1.71279e-06 	 3.79414e-05 
2.557 	 1.78487e-06 	 3.95371e-05 
2.559 	 1.85885e-06 	 4.11698e-05 
2.561 	 1.93432e-06 	 4.28301e-05 
2.563 	 2.01078e-06 	 4.45064e-05 
2.565 	 2.08761e-06 	 4.61845e-05 
2.567 	 2.16405e-06 	 4.78476e-05 
2.569 	 2.23921e-06 	 4.94764e-05 
2.571 	 2.31208e-06 	 5.10492e-05 
2.573 	 2.38153e-06 	 5.25422e-05 
2.575 	 2.44635e-06 	 5.39299e-05 
2.577 	 2.50524e-06 	 5.51859e-05 
2.579 	 2.55691e-06 	 5.62840e-05 
2.581 	 2.60009e-06 	 5.71992e-05 
2.583 	 2.63363e-06 	 5.79087e-05 
2.585 	 2.65651e-06 	 5.83937e-05 
2.587 	 2.66799e-06 	 5.86398e-05 
2.589 	 2.66755e-06 	 5.86384e-05 
2.591 	 2.65504e-06 	 5.83872e-05 
2.593 	 2.63060e-06 	 5.78905e-05 
2.595 	 2.59474e-06 	 5.71588e-05 
2.597 	 2.54824e-06 	 5.62085e-05 
2.599 	 2.49213e-06 	 5.50606e-05 
2.601 	 2.42767e-06 	 5.37399e-05 
2.603 	 2.35621e-06 	 5.22734e-05 
2.605 	 2.27917e-06 	 5.06893e-05 
2.607 	 2.19795e-06 	 4.90157e-05 
2.609 	 2.11390e-06 	 4.72793e-05 
2.611 	 2.02828e-06 	 4.55054e-05 
2.613 	 1.94220e-06 	 4.37166e-05 
2.615 	 1.85664e-06 	 4.19327e-05 
2.618 	 1.77241e-06 	 4.01707e-05 
2.620 	 1.69018e-06 	 3.84449e-05 
2.622 	 1.61050e-06 	 3.67667e-05 
2.624 	 1.53377e-06 	 3.51450e-05 
2.626 	 1.46028e-06 	 3.35866e-05 
2.628 	 1.39022e-06 	 3.20963e-05 
2.630 	 1.32371e-06 	 3.06770e-05 
2.632 	 1.26080e-06 	 2.93306e-05 
2.634 	 1.20149e-06 	 2.80576e-05 
2.636 	 1.14571e-06 	 2.68575e-05 
2.638 	 1.09339e-06 	 2.57292e-05 
2.640 	 1.04442e-06 	 2.46708e-05 
2.642 	 9.98655e-07 	 2.36801e-05 
2.644 	 9.55953e-07 	 2.27541e-05 
2.646 	 9.16151e-07 	 2.18899e-05 
2.648 	 8.79076e-07 	 2.10839e-05 
2.650 	 8.44544e-07 	 2.03325e-05 
2.652 	 8.12364e-07 	 1.96315e-05 
2.654 	 7.82337e-07 	 1.89766e-05 
2.656 	 7.54255e-07 	 1.83633e-05 
2.658 	 7.27907e-07 	 1.77868e-05 
2.660 	 7.03076e-07 	 1.72421e-05 
2.662 	 6.79547e-07 	 1.67242e-05 
2.664 	 6.57108e-07 	 1.62281e-05 
2.666 	 6.35560e-07 	 1.57490e-05 
2.668 	 6.14718e-07 	 1.52826e-05 
2.670 	 5.94422e-07 	 1.48250e-05 
2.672 	 5.74542e-07 	 1.43732e-05 
2.674 	 5.54978e-07 	 1.39248e-05 
2.676 	 5.35668e-07 	 1.34784e-05 
2.678 	 5.16579e-07 	 1.30335e-05 
2.680 	 4.97714e-07 	 1.25904e-05 
2.682 	 4.79095e-07 	 1.21498e-05 
2.684 	 4.60766e-07 	 1.17131e-05 
2.686 	 4.42779e-07 	 1.12820e-05 
2.688 	 4.25192e-07 	 1.08582e-05 
2.690 	 4.08059e-07 	 1.04433e-05 
2.692 	 3.91432e-07 	 1.00388e-05 
2.694 	 3.75352e-07 	 9.64610e-06 
2.696 	 3.59850e-07 	 9.26616e-06 
2.698 	 3.44948e-07 	 8.89977e-06 
2.700 	 3.30660e-07 	 8.54742e-06 
