Energy [eV] EELS_b EELS_a 
2.500 	 7.59486e-07 	 3.53751e-06 
2.502 	 7.83588e-07 	 3.65322e-06 
2.504 	 8.08890e-07 	 3.77473e-06 
2.506 	 8.35464e-07 	 3.90237e-06 
2.508 	 8.63388e-07 	 4.03652e-06 
2.510 	 8.92745e-07 	 4.17759e-06 
2.512 	 9.23623e-07 	 4.32600e-06 
2.514 	 9.56114e-07 	 4.48218e-06 
2.516 	 9.90317e-07 	 4.64662e-06 
2.519 	 1.02634e-06 	 4.81981e-06 
2.521 	 1.06428e-06 	 5.00227e-06 
2.523 	 1.10426e-06 	 5.19455e-06 
2.525 	 1.14639e-06 	 5.39722e-06 
2.527 	 1.19081e-06 	 5.61087e-06 
2.529 	 1.23763e-06 	 5.83609e-06 
2.531 	 1.28698e-06 	 6.07351e-06 
2.533 	 1.33900e-06 	 6.32373e-06 
2.535 	 1.39382e-06 	 6.58737e-06 
2.537 	 1.45156e-06 	 6.86503e-06 
2.539 	 1.51233e-06 	 7.15728e-06 
2.541 	 1.57626e-06 	 7.46461e-06 
2.543 	 1.64344e-06 	 7.78746e-06 
2.545 	 1.71393e-06 	 8.12617e-06 
2.547 	 1.78780e-06 	 8.48092e-06 
2.549 	 1.86503e-06 	 8.85172e-06 
2.551 	 1.94561e-06 	 9.23835e-06 
2.553 	 2.02942e-06 	 9.64030e-06 
2.555 	 2.11631e-06 	 1.00567e-05 
2.557 	 2.20601e-06 	 1.04863e-05 
2.559 	 2.29816e-06 	 1.09273e-05 
2.561 	 2.39229e-06 	 1.13775e-05 
2.563 	 2.48780e-06 	 1.18337e-05 
2.565 	 2.58390e-06 	 1.22925e-05 
2.567 	 2.67970e-06 	 1.27493e-05 
2.569 	 2.77410e-06 	 1.31991e-05 
2.571 	 2.86587e-06 	 1.36359e-05 
2.573 	 2.95361e-06 	 1.40532e-05 
2.575 	 3.03580e-06 	 1.44439e-05 
2.577 	 3.11085e-06 	 1.48005e-05 
2.579 	 3.17713e-06 	 1.51155e-05 
2.581 	 3.23304e-06 	 1.53814e-05 
2.583 	 3.27710e-06 	 1.55916e-05 
2.585 	 3.30803e-06 	 1.57400e-05 
2.587 	 3.32482e-06 	 1.58223e-05 
2.589 	 3.32678e-06 	 1.58352e-05 
2.591 	 3.31364e-06 	 1.57777e-05 
2.593 	 3.28554e-06 	 1.56504e-05 
2.595 	 3.24304e-06 	 1.54560e-05 
2.597 	 3.18705e-06 	 1.51989e-05 
2.599 	 3.11886e-06 	 1.48847e-05 
2.601 	 3.03997e-06 	 1.45207e-05 
2.603 	 2.95207e-06 	 1.41144e-05 
2.605 	 2.85693e-06 	 1.36741e-05 
2.607 	 2.75632e-06 	 1.32078e-05 
2.609 	 2.65195e-06 	 1.27234e-05 
2.611 	 2.54539e-06 	 1.22283e-05 
2.613 	 2.43806e-06 	 1.17289e-05 
2.615 	 2.33123e-06 	 1.12311e-05 
2.618 	 2.22593e-06 	 1.07398e-05 
2.620 	 2.12303e-06 	 1.02591e-05 
2.622 	 2.02324e-06 	 9.79224e-06 
2.624 	 1.92706e-06 	 9.34170e-06 
2.626 	 1.83489e-06 	 8.90936e-06 
2.628 	 1.74699e-06 	 8.49653e-06 
2.630 	 1.66351e-06 	 8.10400e-06 
2.632 	 1.58453e-06 	 7.73218e-06 
2.634 	 1.51004e-06 	 7.38114e-06 
2.636 	 1.43999e-06 	 7.05069e-06 
2.638 	 1.37426e-06 	 6.74040e-06 
2.640 	 1.31274e-06 	 6.44970e-06 
2.642 	 1.25524e-06 	 6.17787e-06 
2.644 	 1.20160e-06 	 5.92409e-06 
2.646 	 1.15159e-06 	 5.68743e-06 
2.648 	 1.10502e-06 	 5.46692e-06 
2.650 	 1.06165e-06 	 5.26148e-06 
2.652 	 1.02123e-06 	 5.07000e-06 
2.654 	 9.83525e-07 	 4.89128e-06 
2.656 	 9.48268e-07 	 4.72409e-06 
2.658 	 9.15192e-07 	 4.56713e-06 
2.660 	 8.84026e-07 	 4.41909e-06 
2.662 	 8.54499e-07 	 4.27864e-06 
2.664 	 8.26344e-07 	 4.14447e-06 
2.666 	 7.99309e-07 	 4.01533e-06 
2.668 	 7.73163e-07 	 3.89009e-06 
2.670 	 7.47702e-07 	 3.76774e-06 
2.672 	 7.22762e-07 	 3.64746e-06 
2.674 	 6.98218e-07 	 3.52865e-06 
2.676 	 6.73989e-07 	 3.41092e-06 
2.678 	 6.50035e-07 	 3.29409e-06 
2.680 	 6.26358e-07 	 3.17819e-06 
2.682 	 6.02986e-07 	 3.06340e-06 
2.684 	 5.79975e-07 	 2.95002e-06 
2.686 	 5.57389e-07 	 2.83843e-06 
2.688 	 5.35302e-07 	 2.72902e-06 
2.690 	 5.13782e-07 	 2.62217e-06 
2.692 	 4.92894e-07 	 2.51825e-06 
2.694 	 4.72690e-07 	 2.41753e-06 
2.696 	 4.53210e-07 	 2.32026e-06 
2.698 	 4.34482e-07 	 2.22660e-06 
2.700 	 4.16523e-07 	 2.13666e-06 
