Energy [eV] EELS_b EELS_a 
2.500 	 3.28671e-10 	 1.33061e-09 
2.502 	 3.36692e-10 	 1.36459e-09 
2.504 	 3.45080e-10 	 1.40013e-09 
2.506 	 3.53857e-10 	 1.43733e-09 
2.508 	 3.63043e-10 	 1.47627e-09 
2.510 	 3.72659e-10 	 1.51705e-09 
2.512 	 3.82729e-10 	 1.55976e-09 
2.514 	 3.93277e-10 	 1.60453e-09 
2.516 	 4.04328e-10 	 1.65144e-09 
2.519 	 4.15907e-10 	 1.70062e-09 
2.521 	 4.28042e-10 	 1.75217e-09 
2.523 	 4.40759e-10 	 1.80623e-09 
2.525 	 4.54088e-10 	 1.86292e-09 
2.527 	 4.68055e-10 	 1.92235e-09 
2.529 	 4.82688e-10 	 1.98465e-09 
2.531 	 4.98016e-10 	 2.04994e-09 
2.533 	 5.14064e-10 	 2.11834e-09 
2.535 	 5.30858e-10 	 2.18997e-09 
2.537 	 5.48419e-10 	 2.26492e-09 
2.539 	 5.66767e-10 	 2.34327e-09 
2.541 	 5.85914e-10 	 2.42511e-09 
2.543 	 6.05869e-10 	 2.51046e-09 
2.545 	 6.26632e-10 	 2.59934e-09 
2.547 	 6.48191e-10 	 2.69172e-09 
2.549 	 6.70525e-10 	 2.78750e-09 
2.551 	 6.93595e-10 	 2.88653e-09 
2.553 	 7.17347e-10 	 2.98860e-09 
2.555 	 7.41703e-10 	 3.09339e-09 
2.557 	 7.66563e-10 	 3.20047e-09 
2.559 	 7.91796e-10 	 3.30932e-09 
2.561 	 8.17243e-10 	 3.41925e-09 
2.563 	 8.42708e-10 	 3.52944e-09 
2.565 	 8.67961e-10 	 3.63892e-09 
2.567 	 8.92730e-10 	 3.74654e-09 
2.569 	 9.16711e-10 	 3.85101e-09 
2.571 	 9.39559e-10 	 3.95086e-09 
2.573 	 9.60902e-10 	 4.04449e-09 
2.575 	 9.80345e-10 	 4.13023e-09 
2.577 	 9.97478e-10 	 4.20631e-09 
2.579 	 1.01189e-09 	 4.27099e-09 
2.581 	 1.02321e-09 	 4.32259e-09 
2.583 	 1.03106e-09 	 4.35958e-09 
2.585 	 1.03515e-09 	 4.38066e-09 
2.587 	 1.03525e-09 	 4.38484e-09 
2.589 	 1.03124e-09 	 4.37149e-09 
2.591 	 1.02305e-09 	 4.34041e-09 
2.593 	 1.01076e-09 	 4.29184e-09 
2.595 	 9.94542e-10 	 4.22645e-09 
2.597 	 9.74646e-10 	 4.14533e-09 
2.599 	 9.51422e-10 	 4.04993e-09 
2.601 	 9.25281e-10 	 3.94198e-09 
2.603 	 8.96681e-10 	 3.82338e-09 
2.605 	 8.66101e-10 	 3.69618e-09 
2.607 	 8.34027e-10 	 3.56243e-09 
2.609 	 8.00931e-10 	 3.42411e-09 
2.611 	 7.67255e-10 	 3.28312e-09 
2.613 	 7.33403e-10 	 3.14116e-09 
2.615 	 6.99733e-10 	 2.99977e-09 
2.618 	 6.66553e-10 	 2.86026e-09 
2.620 	 6.34118e-10 	 2.72372e-09 
2.622 	 6.02637e-10 	 2.59106e-09 
2.624 	 5.72271e-10 	 2.46296e-09 
2.626 	 5.43138e-10 	 2.33995e-09 
2.628 	 5.15321e-10 	 2.22240e-09 
2.630 	 4.88873e-10 	 2.11054e-09 
2.632 	 4.63817e-10 	 2.00448e-09 
2.634 	 4.40156e-10 	 1.90426e-09 
2.636 	 4.17875e-10 	 1.80981e-09 
2.638 	 3.96943e-10 	 1.72102e-09 
2.640 	 3.77320e-10 	 1.63774e-09 
2.642 	 3.58956e-10 	 1.55975e-09 
2.644 	 3.41793e-10 	 1.48684e-09 
2.646 	 3.25770e-10 	 1.41873e-09 
2.648 	 3.10821e-10 	 1.35516e-09 
2.650 	 2.96876e-10 	 1.29583e-09 
2.652 	 2.83862e-10 	 1.24045e-09 
2.654 	 2.71705e-10 	 1.18869e-09 
2.656 	 2.60329e-10 	 1.14023e-09 
2.658 	 2.49656e-10 	 1.09475e-09 
2.660 	 2.39609e-10 	 1.05191e-09 
2.662 	 2.30111e-10 	 1.01138e-09 
2.664 	 2.21088e-10 	 9.72845e-10 
2.666 	 2.12471e-10 	 9.36004e-10 
2.668 	 2.04196e-10 	 9.00584e-10 
2.670 	 1.96209e-10 	 8.66344e-10 
2.672 	 1.88464e-10 	 8.33090e-10 
2.674 	 1.80926e-10 	 8.00670e-10 
2.676 	 1.73572e-10 	 7.68983e-10 
2.678 	 1.66388e-10 	 7.37975e-10 
2.680 	 1.59371e-10 	 7.07630e-10 
2.682 	 1.52523e-10 	 6.77967e-10 
2.684 	 1.45855e-10 	 6.49028e-10 
2.686 	 1.39377e-10 	 6.20868e-10 
2.688 	 1.33101e-10 	 5.93549e-10 
2.690 	 1.27041e-10 	 5.67126e-10 
2.692 	 1.21206e-10 	 5.41651e-10 
2.694 	 1.15604e-10 	 5.17161e-10 
2.696 	 1.10240e-10 	 4.93682e-10 
2.698 	 1.05116e-10 	 4.71227e-10 
2.700 	 1.00230e-10 	 4.49796e-10 
