Energy [eV] EELS_b EELS_a 
2.500 	 4.08324e-07 	 9.62448e-06 
2.502 	 4.21151e-07 	 9.94271e-06 
2.504 	 4.34612e-07 	 1.02767e-05 
2.506 	 4.48746e-07 	 1.06274e-05 
2.508 	 4.63594e-07 	 1.09959e-05 
2.510 	 4.79200e-07 	 1.13831e-05 
2.512 	 4.95609e-07 	 1.17901e-05 
2.514 	 5.12869e-07 	 1.22183e-05 
2.516 	 5.31032e-07 	 1.26687e-05 
2.519 	 5.50151e-07 	 1.31427e-05 
2.521 	 5.70282e-07 	 1.36417e-05 
2.523 	 5.91483e-07 	 1.41670e-05 
2.525 	 6.13816e-07 	 1.47202e-05 
2.527 	 6.37343e-07 	 1.53026e-05 
2.529 	 6.62129e-07 	 1.59158e-05 
2.531 	 6.88237e-07 	 1.65613e-05 
2.533 	 7.15734e-07 	 1.72407e-05 
2.535 	 7.44683e-07 	 1.79553e-05 
2.537 	 7.75145e-07 	 1.87066e-05 
2.539 	 8.07177e-07 	 1.94958e-05 
2.541 	 8.40830e-07 	 2.03240e-05 
2.543 	 8.76146e-07 	 2.11921e-05 
2.545 	 9.13154e-07 	 2.21005e-05 
2.547 	 9.51864e-07 	 2.30494e-05 
2.549 	 9.92269e-07 	 2.40382e-05 
2.551 	 1.03433e-06 	 2.50660e-05 
2.553 	 1.07799e-06 	 2.61307e-05 
2.555 	 1.12312e-06 	 2.72294e-05 
2.557 	 1.16958e-06 	 2.83583e-05 
2.559 	 1.21715e-06 	 2.95119e-05 
2.561 	 1.26556e-06 	 3.06835e-05 
2.563 	 1.31446e-06 	 3.18647e-05 
2.565 	 1.36342e-06 	 3.30453e-05 
2.567 	 1.41194e-06 	 3.42133e-05 
2.569 	 1.45943e-06 	 3.53551e-05 
2.571 	 1.50522e-06 	 3.64553e-05 
2.573 	 1.54858e-06 	 3.74970e-05 
2.575 	 1.58873e-06 	 3.84623e-05 
2.577 	 1.62483e-06 	 3.93329e-05 
2.579 	 1.65607e-06 	 4.00904e-05 
2.581 	 1.68166e-06 	 4.07175e-05 
2.583 	 1.70090e-06 	 4.11986e-05 
2.585 	 1.71320e-06 	 4.15207e-05 
2.587 	 1.71811e-06 	 4.16742e-05 
2.589 	 1.71538e-06 	 4.16535e-05 
2.591 	 1.70497e-06 	 4.14574e-05 
2.593 	 1.68703e-06 	 4.10893e-05 
2.595 	 1.66193e-06 	 4.05569e-05 
2.597 	 1.63023e-06 	 3.98719e-05 
2.599 	 1.59261e-06 	 3.90492e-05 
2.601 	 1.54989e-06 	 3.81061e-05 
2.603 	 1.50295e-06 	 3.70619e-05 
2.605 	 1.45268e-06 	 3.59359e-05 
2.607 	 1.39997e-06 	 3.47480e-05 
2.609 	 1.34566e-06 	 3.35168e-05 
2.611 	 1.29053e-06 	 3.22597e-05 
2.613 	 1.23527e-06 	 3.09926e-05 
2.615 	 1.18046e-06 	 2.97293e-05 
2.618 	 1.12662e-06 	 2.84817e-05 
2.620 	 1.07414e-06 	 2.72596e-05 
2.622 	 1.02335e-06 	 2.60710e-05 
2.624 	 9.74482e-07 	 2.49222e-05 
2.626 	 9.27716e-07 	 2.38180e-05 
2.628 	 8.83164e-07 	 2.27616e-05 
2.630 	 8.40889e-07 	 2.17552e-05 
2.632 	 8.00914e-07 	 2.08001e-05 
2.634 	 7.63229e-07 	 1.98967e-05 
2.636 	 7.27797e-07 	 1.90446e-05 
2.638 	 6.94562e-07 	 1.82431e-05 
2.640 	 6.63450e-07 	 1.74908e-05 
2.642 	 6.34374e-07 	 1.67862e-05 
2.644 	 6.07239e-07 	 1.61274e-05 
2.646 	 5.81941e-07 	 1.55121e-05 
2.648 	 5.58370e-07 	 1.49379e-05 
2.650 	 5.36409e-07 	 1.44023e-05 
2.652 	 5.15936e-07 	 1.39023e-05 
2.654 	 4.96826e-07 	 1.34350e-05 
2.656 	 4.78947e-07 	 1.29971e-05 
2.658 	 4.62165e-07 	 1.25853e-05 
2.660 	 4.46343e-07 	 1.21961e-05 
2.662 	 4.31345e-07 	 1.18261e-05 
2.664 	 4.17038e-07 	 1.14716e-05 
2.666 	 4.03296e-07 	 1.11294e-05 
2.668 	 3.90002e-07 	 1.07964e-05 
2.670 	 3.77056e-07 	 1.04699e-05 
2.672 	 3.64376e-07 	 1.01479e-05 
2.674 	 3.51900e-07 	 9.82850e-06 
2.676 	 3.39588e-07 	 9.51091e-06 
2.678 	 3.27421e-07 	 9.19469e-06 
2.680 	 3.15400e-07 	 8.87999e-06 
2.682 	 3.03540e-07 	 8.56741e-06 
2.684 	 2.91869e-07 	 8.25787e-06 
2.686 	 2.80419e-07 	 7.95249e-06 
2.688 	 2.69228e-07 	 7.65244e-06 
2.690 	 2.58330e-07 	 7.35888e-06 
2.692 	 2.47757e-07 	 7.07286e-06 
2.694 	 2.37534e-07 	 6.79527e-06 
2.696 	 2.27681e-07 	 6.52680e-06 
2.698 	 2.18212e-07 	 6.26798e-06 
2.700 	 2.09134e-07 	 6.01914e-06 
