Energy [eV] EELS_b EELS_a 
2.500 	 8.25430e-06 	 9.89112e-05 
2.502 	 8.51778e-06 	 1.02365e-04 
2.504 	 8.79418e-06 	 1.05997e-04 
2.506 	 9.08428e-06 	 1.09819e-04 
2.508 	 9.38891e-06 	 1.13843e-04 
2.510 	 9.70896e-06 	 1.18081e-04 
2.512 	 1.00454e-05 	 1.22548e-04 
2.514 	 1.03991e-05 	 1.27259e-04 
2.516 	 1.07713e-05 	 1.32228e-04 
2.519 	 1.11630e-05 	 1.37473e-04 
2.521 	 1.15754e-05 	 1.43011e-04 
2.523 	 1.20097e-05 	 1.48861e-04 
2.525 	 1.24672e-05 	 1.55042e-04 
2.527 	 1.29494e-05 	 1.61575e-04 
2.529 	 1.34575e-05 	 1.68482e-04 
2.531 	 1.39930e-05 	 1.75784e-04 
2.533 	 1.45574e-05 	 1.83504e-04 
2.535 	 1.51523e-05 	 1.91667e-04 
2.537 	 1.57790e-05 	 2.00294e-04 
2.539 	 1.64391e-05 	 2.09409e-04 
2.541 	 1.71339e-05 	 2.19035e-04 
2.543 	 1.78648e-05 	 2.29192e-04 
2.545 	 1.86329e-05 	 2.39899e-04 
2.547 	 1.94392e-05 	 2.51170e-04 
2.549 	 2.02841e-05 	 2.63017e-04 
2.551 	 2.11681e-05 	 2.75443e-04 
2.553 	 2.20908e-05 	 2.88446e-04 
2.555 	 2.30513e-05 	 3.02010e-04 
2.557 	 2.40480e-05 	 3.16111e-04 
2.559 	 2.50783e-05 	 3.30706e-04 
2.561 	 2.61385e-05 	 3.45738e-04 
2.563 	 2.72236e-05 	 3.61126e-04 
2.565 	 2.83272e-05 	 3.76767e-04 
2.567 	 2.94415e-05 	 3.92533e-04 
2.569 	 3.05565e-05 	 4.08266e-04 
2.571 	 3.16608e-05 	 4.23783e-04 
2.573 	 3.27412e-05 	 4.38872e-04 
2.575 	 3.37828e-05 	 4.53298e-04 
2.577 	 3.47692e-05 	 4.66806e-04 
2.579 	 3.56831e-05 	 4.79132e-04 
2.581 	 3.65066e-05 	 4.90009e-04 
2.583 	 3.72221e-05 	 4.99182e-04 
2.585 	 3.78131e-05 	 5.06418e-04 
2.587 	 3.82646e-05 	 5.11526e-04 
2.589 	 3.85644e-05 	 5.14361e-04 
2.591 	 3.87037e-05 	 5.14841e-04 
2.593 	 3.86775e-05 	 5.12945e-04 
2.595 	 3.84851e-05 	 5.08723e-04 
2.597 	 3.81303e-05 	 5.02288e-04 
2.599 	 3.76209e-05 	 4.93809e-04 
2.601 	 3.69684e-05 	 4.83501e-04 
2.603 	 3.61873e-05 	 4.71611e-04 
2.605 	 3.52944e-05 	 4.58408e-04 
2.607 	 3.43078e-05 	 4.44165e-04 
2.609 	 3.32462e-05 	 4.29151e-04 
2.611 	 3.21283e-05 	 4.13622e-04 
2.613 	 3.09717e-05 	 3.97811e-04 
2.615 	 2.97928e-05 	 3.81927e-04 
2.618 	 2.86065e-05 	 3.66149e-04 
2.620 	 2.74257e-05 	 3.50629e-04 
2.622 	 2.62615e-05 	 3.35492e-04 
2.624 	 2.51230e-05 	 3.20836e-04 
2.626 	 2.40177e-05 	 3.06735e-04 
2.628 	 2.29513e-05 	 2.93246e-04 
2.630 	 2.19281e-05 	 2.80404e-04 
2.632 	 2.09510e-05 	 2.68232e-04 
2.634 	 2.00221e-05 	 2.56740e-04 
2.636 	 1.91422e-05 	 2.45928e-04 
2.638 	 1.83116e-05 	 2.35787e-04 
2.640 	 1.75297e-05 	 2.26301e-04 
2.642 	 1.67955e-05 	 2.17451e-04 
2.644 	 1.61077e-05 	 2.09211e-04 
2.646 	 1.54644e-05 	 2.01551e-04 
2.648 	 1.48635e-05 	 1.94439e-04 
2.650 	 1.43025e-05 	 1.87839e-04 
2.652 	 1.37787e-05 	 1.81710e-04 
2.654 	 1.32893e-05 	 1.76011e-04 
2.656 	 1.28312e-05 	 1.70697e-04 
2.658 	 1.24010e-05 	 1.65718e-04 
2.660 	 1.19953e-05 	 1.61027e-04 
2.662 	 1.16107e-05 	 1.56570e-04 
2.664 	 1.12437e-05 	 1.52299e-04 
2.666 	 1.08909e-05 	 1.48164e-04 
2.668 	 1.05493e-05 	 1.44120e-04 
2.670 	 1.02162e-05 	 1.40128e-04 
2.672 	 9.88919e-06 	 1.36156e-04 
2.674 	 9.56669e-06 	 1.32182e-04 
2.676 	 9.24755e-06 	 1.28190e-04 
2.678 	 8.93123e-06 	 1.24176e-04 
2.680 	 8.61769e-06 	 1.20145e-04 
2.682 	 8.30736e-06 	 1.16105e-04 
2.684 	 8.00097e-06 	 1.12072e-04 
2.686 	 7.69946e-06 	 1.08065e-04 
2.688 	 7.40386e-06 	 1.04104e-04 
2.690 	 7.11516e-06 	 1.00207e-04 
2.692 	 6.83430e-06 	 9.63912e-05 
2.694 	 6.56204e-06 	 9.26731e-05 
2.696 	 6.29902e-06 	 8.90646e-05 
2.698 	 6.04567e-06 	 8.55753e-05 
2.700 	 5.80229e-06 	 8.22121e-05 
