Energy [eV] EELS_b EELS_a 
2.500 	 2.18958e-06 	 1.06671e-05 
2.502 	 2.25963e-06 	 1.10216e-05 
2.504 	 2.33317e-06 	 1.13940e-05 
2.506 	 2.41041e-06 	 1.17854e-05 
2.508 	 2.49157e-06 	 1.21969e-05 
2.510 	 2.57690e-06 	 1.26297e-05 
2.512 	 2.66665e-06 	 1.30852e-05 
2.514 	 2.76109e-06 	 1.35648e-05 
2.516 	 2.86053e-06 	 1.40701e-05 
2.519 	 2.96525e-06 	 1.46024e-05 
2.521 	 3.07558e-06 	 1.51636e-05 
2.523 	 3.19187e-06 	 1.57553e-05 
2.525 	 3.31445e-06 	 1.63793e-05 
2.527 	 3.44371e-06 	 1.70377e-05 
2.529 	 3.58002e-06 	 1.77322e-05 
2.531 	 3.72377e-06 	 1.84649e-05 
2.533 	 3.87536e-06 	 1.92378e-05 
2.535 	 4.03519e-06 	 2.00530e-05 
2.537 	 4.20366e-06 	 2.09125e-05 
2.539 	 4.38116e-06 	 2.18182e-05 
2.541 	 4.56805e-06 	 2.27719e-05 
2.543 	 4.76465e-06 	 2.37752e-05 
2.545 	 4.97126e-06 	 2.48295e-05 
2.547 	 5.18807e-06 	 2.59357e-05 
2.549 	 5.41520e-06 	 2.70943e-05 
2.551 	 5.65264e-06 	 2.83050e-05 
2.553 	 5.90025e-06 	 2.95668e-05 
2.555 	 6.15766e-06 	 3.08776e-05 
2.557 	 6.42431e-06 	 3.22343e-05 
2.559 	 6.69932e-06 	 3.36319e-05 
2.561 	 6.98153e-06 	 3.50642e-05 
2.563 	 7.26937e-06 	 3.65227e-05 
2.565 	 7.56087e-06 	 3.79970e-05 
2.567 	 7.85360e-06 	 3.94742e-05 
2.569 	 8.14464e-06 	 4.09390e-05 
2.571 	 8.43060e-06 	 4.23738e-05 
2.573 	 8.70759e-06 	 4.37588e-05 
2.575 	 8.97131e-06 	 4.50719e-05 
2.577 	 9.21714e-06 	 4.62899e-05 
2.579 	 9.44023e-06 	 4.73887e-05 
2.581 	 9.63571e-06 	 4.83442e-05 
2.583 	 9.79888e-06 	 4.91337e-05 
2.585 	 9.92546e-06 	 4.97369e-05 
2.587 	 1.00118e-05 	 5.01368e-05 
2.589 	 1.00551e-05 	 5.03212e-05 
2.591 	 1.00537e-05 	 5.02829e-05 
2.593 	 1.00070e-05 	 5.00211e-05 
2.595 	 9.91578e-06 	 4.95406e-05 
2.597 	 9.78186e-06 	 4.88522e-05 
2.599 	 9.60830e-06 	 4.79718e-05 
2.601 	 9.39902e-06 	 4.69196e-05 
2.603 	 9.15866e-06 	 4.57188e-05 
2.605 	 8.89228e-06 	 4.43946e-05 
2.607 	 8.60517e-06 	 4.29727e-05 
2.609 	 8.30255e-06 	 4.14787e-05 
2.611 	 7.98945e-06 	 3.99367e-05 
2.613 	 7.67050e-06 	 3.83689e-05 
2.615 	 7.34986e-06 	 3.67952e-05 
2.618 	 7.03115e-06 	 3.52329e-05 
2.620 	 6.71743e-06 	 3.36964e-05 
2.622 	 6.41120e-06 	 3.21977e-05 
2.624 	 6.11446e-06 	 3.07462e-05 
2.626 	 5.82874e-06 	 2.93490e-05 
2.628 	 5.55512e-06 	 2.80114e-05 
2.630 	 5.29436e-06 	 2.67368e-05 
2.632 	 5.04689e-06 	 2.55274e-05 
2.634 	 4.81290e-06 	 2.43840e-05 
2.636 	 4.59236e-06 	 2.33064e-05 
2.638 	 4.38508e-06 	 2.22938e-05 
2.640 	 4.19075e-06 	 2.13445e-05 
2.642 	 4.00893e-06 	 2.04567e-05 
2.644 	 3.83911e-06 	 1.96277e-05 
2.646 	 3.68072e-06 	 1.88548e-05 
2.648 	 3.53312e-06 	 1.81348e-05 
2.650 	 3.39561e-06 	 1.74644e-05 
2.652 	 3.26747e-06 	 1.68398e-05 
2.654 	 3.14792e-06 	 1.62573e-05 
2.656 	 3.03616e-06 	 1.57127e-05 
2.658 	 2.93134e-06 	 1.52017e-05 
2.660 	 2.83261e-06 	 1.47201e-05 
2.662 	 2.73910e-06 	 1.42632e-05 
2.664 	 2.64997e-06 	 1.38268e-05 
2.666 	 2.56440e-06 	 1.34067e-05 
2.668 	 2.48166e-06 	 1.29988e-05 
2.670 	 2.40108e-06 	 1.25999e-05 
2.672 	 2.32213e-06 	 1.22072e-05 
2.674 	 2.24440e-06 	 1.18186e-05 
2.676 	 2.16762e-06 	 1.14327e-05 
2.678 	 2.09166e-06 	 1.10491e-05 
2.680 	 2.01652e-06 	 1.06677e-05 
2.682 	 1.94228e-06 	 1.02892e-05 
2.684 	 1.86913e-06 	 9.91465e-06 
2.686 	 1.79726e-06 	 9.54535e-06 
2.688 	 1.72692e-06 	 9.18268e-06 
2.690 	 1.65833e-06 	 8.82799e-06 
2.692 	 1.59170e-06 	 8.48253e-06 
2.694 	 1.52721e-06 	 8.14735e-06 
2.696 	 1.46498e-06 	 7.82328e-06 
2.698 	 1.40511e-06 	 7.51094e-06 
2.700 	 1.34766e-06 	 7.21075e-06 
