Energy [eV] EELS_b EELS_a 
2.500 	 3.03699e-11 	 8.07084e-09 
2.502 	 3.10825e-11 	 8.29354e-09 
2.504 	 3.18284e-11 	 8.52671e-09 
2.506 	 3.26092e-11 	 8.77095e-09 
2.508 	 3.34270e-11 	 9.02688e-09 
2.510 	 3.42837e-11 	 9.29516e-09 
2.512 	 3.51813e-11 	 9.57647e-09 
2.514 	 3.61222e-11 	 9.87153e-09 
2.516 	 3.71084e-11 	 1.01811e-08 
2.519 	 3.81425e-11 	 1.05060e-08 
2.521 	 3.92267e-11 	 1.08469e-08 
2.523 	 4.03636e-11 	 1.12048e-08 
2.525 	 4.15557e-11 	 1.15805e-08 
2.527 	 4.28055e-11 	 1.19748e-08 
2.529 	 4.41154e-11 	 1.23887e-08 
2.531 	 4.54880e-11 	 1.28230e-08 
2.533 	 4.69256e-11 	 1.32784e-08 
2.535 	 4.84303e-11 	 1.37559e-08 
2.537 	 5.00040e-11 	 1.42560e-08 
2.539 	 5.16482e-11 	 1.47795e-08 
2.541 	 5.33641e-11 	 1.53269e-08 
2.543 	 5.51520e-11 	 1.58983e-08 
2.545 	 5.70115e-11 	 1.64939e-08 
2.547 	 5.89413e-11 	 1.71135e-08 
2.549 	 6.09388e-11 	 1.77565e-08 
2.551 	 6.30000e-11 	 1.84217e-08 
2.553 	 6.51189e-11 	 1.91078e-08 
2.555 	 6.72876e-11 	 1.98123e-08 
2.557 	 6.94958e-11 	 2.05325e-08 
2.559 	 7.17304e-11 	 2.12645e-08 
2.561 	 7.39752e-11 	 2.20035e-08 
2.563 	 7.62108e-11 	 2.27439e-08 
2.565 	 7.84142e-11 	 2.34787e-08 
2.567 	 8.05587e-11 	 2.42000e-08 
2.569 	 8.26144e-11 	 2.48987e-08 
2.571 	 8.45482e-11 	 2.55647e-08 
2.573 	 8.63241e-11 	 2.61871e-08 
2.575 	 8.79048e-11 	 2.67541e-08 
2.577 	 8.92521e-11 	 2.72541e-08 
2.579 	 9.03289e-11 	 2.76753e-08 
2.581 	 9.11008e-11 	 2.80067e-08 
2.583 	 9.15375e-11 	 2.82384e-08 
2.585 	 9.16151e-11 	 2.83624e-08 
2.587 	 9.13174e-11 	 2.83728e-08 
2.589 	 9.06376e-11 	 2.82663e-08 
2.591 	 8.95782e-11 	 2.80428e-08 
2.593 	 8.81522e-11 	 2.77049e-08 
2.595 	 8.63819e-11 	 2.72581e-08 
2.597 	 8.42978e-11 	 2.67108e-08 
2.599 	 8.19375e-11 	 2.60733e-08 
2.601 	 7.93434e-11 	 2.53576e-08 
2.603 	 7.65605e-11 	 2.45768e-08 
2.605 	 7.36349e-11 	 2.37444e-08 
2.607 	 7.06112e-11 	 2.28739e-08 
2.609 	 6.75319e-11 	 2.19781e-08 
2.611 	 6.44356e-11 	 2.10689e-08 
2.613 	 6.13563e-11 	 2.01571e-08 
2.615 	 5.83234e-11 	 1.92521e-08 
2.618 	 5.53611e-11 	 1.83618e-08 
2.620 	 5.24890e-11 	 1.74929e-08 
2.622 	 4.97222e-11 	 1.66505e-08 
2.624 	 4.70716e-11 	 1.58388e-08 
2.626 	 4.45448e-11 	 1.50607e-08 
2.628 	 4.21461e-11 	 1.43182e-08 
2.630 	 3.98774e-11 	 1.36125e-08 
2.632 	 3.77386e-11 	 1.29441e-08 
2.634 	 3.57278e-11 	 1.23130e-08 
2.636 	 3.38421e-11 	 1.17187e-08 
2.638 	 3.20771e-11 	 1.11603e-08 
2.640 	 3.04281e-11 	 1.06368e-08 
2.642 	 2.88897e-11 	 1.01467e-08 
2.644 	 2.74560e-11 	 9.68865e-09 
2.646 	 2.61209e-11 	 9.26087e-09 
2.648 	 2.48781e-11 	 8.86163e-09 
2.650 	 2.37212e-11 	 8.48905e-09 
2.652 	 2.26436e-11 	 8.14119e-09 
2.654 	 2.16386e-11 	 7.81603e-09 
2.656 	 2.06995e-11 	 7.51148e-09 
2.658 	 1.98198e-11 	 7.22542e-09 
2.660 	 1.89926e-11 	 6.95570e-09 
2.662 	 1.82117e-11 	 6.70021e-09 
2.664 	 1.74707e-11 	 6.45686e-09 
2.666 	 1.67640e-11 	 6.22371e-09 
2.668 	 1.60862e-11 	 5.99898e-09 
2.670 	 1.54330e-11 	 5.78112e-09 
2.672 	 1.48006e-11 	 5.56885e-09 
2.674 	 1.41862e-11 	 5.36124e-09 
2.676 	 1.35879e-11 	 5.15763e-09 
2.678 	 1.30046e-11 	 4.95771e-09 
2.680 	 1.24360e-11 	 4.76143e-09 
2.682 	 1.18823e-11 	 4.56898e-09 
2.684 	 1.13441e-11 	 4.38068e-09 
2.686 	 1.08224e-11 	 4.19696e-09 
2.688 	 1.03180e-11 	 4.01829e-09 
2.690 	 9.83191e-12 	 3.84509e-09 
2.692 	 9.36477e-12 	 3.67775e-09 
2.694 	 8.91714e-12 	 3.51659e-09 
2.696 	 8.48929e-12 	 3.36180e-09 
2.698 	 8.08131e-12 	 3.21352e-09 
2.700 	 7.69303e-12 	 3.07179e-09 
