Energy [eV] EELS_b EELS_a 
2.500 	 1.58015e-08 	 7.95593e-07 
2.502 	 1.62409e-08 	 8.19829e-07 
2.504 	 1.67005e-08 	 8.45214e-07 
2.506 	 1.71814e-08 	 8.71813e-07 
2.508 	 1.76849e-08 	 8.99694e-07 
2.510 	 1.82120e-08 	 9.28930e-07 
2.512 	 1.87642e-08 	 9.59597e-07 
2.514 	 1.93426e-08 	 9.91773e-07 
2.516 	 1.99486e-08 	 1.02554e-06 
2.519 	 2.05837e-08 	 1.06099e-06 
2.521 	 2.12492e-08 	 1.09821e-06 
2.523 	 2.19466e-08 	 1.13728e-06 
2.525 	 2.26774e-08 	 1.17831e-06 
2.527 	 2.34431e-08 	 1.22139e-06 
2.529 	 2.42450e-08 	 1.26661e-06 
2.531 	 2.50845e-08 	 1.31407e-06 
2.533 	 2.59629e-08 	 1.36386e-06 
2.535 	 2.68814e-08 	 1.41606e-06 
2.537 	 2.78409e-08 	 1.47076e-06 
2.539 	 2.88422e-08 	 1.52802e-06 
2.541 	 2.98856e-08 	 1.58789e-06 
2.543 	 3.09712e-08 	 1.65042e-06 
2.545 	 3.20984e-08 	 1.71560e-06 
2.547 	 3.32661e-08 	 1.78343e-06 
2.549 	 3.44725e-08 	 1.85383e-06 
2.551 	 3.57147e-08 	 1.92670e-06 
2.553 	 3.69890e-08 	 2.00188e-06 
2.555 	 3.82903e-08 	 2.07914e-06 
2.557 	 3.96122e-08 	 2.15817e-06 
2.559 	 4.09467e-08 	 2.23860e-06 
2.561 	 4.22844e-08 	 2.31991e-06 
2.563 	 4.36137e-08 	 2.40154e-06 
2.565 	 4.49216e-08 	 2.48277e-06 
2.567 	 4.61929e-08 	 2.56278e-06 
2.569 	 4.74111e-08 	 2.64066e-06 
2.571 	 4.85579e-08 	 2.71538e-06 
2.573 	 4.96143e-08 	 2.78581e-06 
2.575 	 5.05602e-08 	 2.85079e-06 
2.577 	 5.13760e-08 	 2.90910e-06 
2.579 	 5.20426e-08 	 2.95955e-06 
2.581 	 5.25425e-08 	 3.00101e-06 
2.583 	 5.28608e-08 	 3.03244e-06 
2.585 	 5.29859e-08 	 3.05300e-06 
2.587 	 5.29100e-08 	 3.06203e-06 
2.589 	 5.26299e-08 	 3.05913e-06 
2.591 	 5.21473e-08 	 3.04417e-06 
2.593 	 5.14686e-08 	 3.01734e-06 
2.595 	 5.06049e-08 	 2.97908e-06 
2.597 	 4.95711e-08 	 2.93012e-06 
2.599 	 4.83857e-08 	 2.87139e-06 
2.601 	 4.70693e-08 	 2.80402e-06 
2.603 	 4.56442e-08 	 2.72925e-06 
2.605 	 4.41331e-08 	 2.64840e-06 
2.607 	 4.25586e-08 	 2.56280e-06 
2.609 	 4.09421e-08 	 2.47374e-06 
2.611 	 3.93035e-08 	 2.38245e-06 
2.613 	 3.76609e-08 	 2.29006e-06 
2.615 	 3.60301e-08 	 2.19757e-06 
2.618 	 3.44247e-08 	 2.10586e-06 
2.620 	 3.28558e-08 	 2.01569e-06 
2.622 	 3.13325e-08 	 1.92766e-06 
2.624 	 2.98621e-08 	 1.84227e-06 
2.626 	 2.84497e-08 	 1.75991e-06 
2.628 	 2.70990e-08 	 1.68086e-06 
2.630 	 2.58125e-08 	 1.60532e-06 
2.632 	 2.45912e-08 	 1.53340e-06 
2.634 	 2.34353e-08 	 1.46518e-06 
2.636 	 2.23444e-08 	 1.40065e-06 
2.638 	 2.13171e-08 	 1.33978e-06 
2.640 	 2.03517e-08 	 1.28250e-06 
2.642 	 1.94460e-08 	 1.22870e-06 
2.644 	 1.85976e-08 	 1.17826e-06 
2.646 	 1.78036e-08 	 1.13102e-06 
2.648 	 1.70611e-08 	 1.08682e-06 
2.650 	 1.63667e-08 	 1.04549e-06 
2.652 	 1.57171e-08 	 1.00681e-06 
2.654 	 1.51087e-08 	 9.70586e-07 
2.656 	 1.45377e-08 	 9.36587e-07 
2.658 	 1.40003e-08 	 9.04581e-07 
2.660 	 1.34927e-08 	 8.74326e-07 
2.662 	 1.30108e-08 	 8.45577e-07 
2.664 	 1.25509e-08 	 8.18094e-07 
2.666 	 1.21094e-08 	 7.91645e-07 
2.668 	 1.16830e-08 	 7.66018e-07 
2.670 	 1.12688e-08 	 7.41028e-07 
2.672 	 1.08644e-08 	 7.16522e-07 
2.674 	 1.04682e-08 	 6.92387e-07 
2.676 	 1.00789e-08 	 6.68548e-07 
2.678 	 9.69597e-09 	 6.44972e-07 
2.680 	 9.31946e-09 	 6.21662e-07 
2.682 	 8.94973e-09 	 5.98650e-07 
2.684 	 8.58749e-09 	 5.75987e-07 
2.686 	 8.23360e-09 	 5.53741e-07 
2.688 	 7.88902e-09 	 5.31980e-07 
2.690 	 7.55463e-09 	 5.10774e-07 
2.692 	 7.23121e-09 	 4.90183e-07 
2.694 	 6.91940e-09 	 4.70258e-07 
2.696 	 6.61965e-09 	 4.51040e-07 
2.698 	 6.33223e-09 	 4.32555e-07 
2.700 	 6.05727e-09 	 4.14819e-07 
