Energy [eV] EELS_b EELS_a 
2.500 	 3.32608e-07 	 8.20718e-06 
2.502 	 3.43010e-07 	 8.47723e-06 
2.504 	 3.53925e-07 	 8.76063e-06 
2.506 	 3.65385e-07 	 9.05816e-06 
2.508 	 3.77422e-07 	 9.37066e-06 
2.510 	 3.90072e-07 	 9.69903e-06 
2.512 	 4.03370e-07 	 1.00442e-05 
2.514 	 4.17356e-07 	 1.04072e-05 
2.516 	 4.32070e-07 	 1.07890e-05 
2.519 	 4.47555e-07 	 1.11907e-05 
2.521 	 4.63858e-07 	 1.16135e-05 
2.523 	 4.81023e-07 	 1.20585e-05 
2.525 	 4.99100e-07 	 1.25269e-05 
2.527 	 5.18139e-07 	 1.30201e-05 
2.529 	 5.38190e-07 	 1.35392e-05 
2.531 	 5.59304e-07 	 1.40855e-05 
2.533 	 5.81534e-07 	 1.46603e-05 
2.535 	 6.04929e-07 	 1.52647e-05 
2.537 	 6.29537e-07 	 1.59000e-05 
2.539 	 6.55403e-07 	 1.65672e-05 
2.541 	 6.82563e-07 	 1.72671e-05 
2.543 	 7.11051e-07 	 1.80004e-05 
2.545 	 7.40885e-07 	 1.87675e-05 
2.547 	 7.72072e-07 	 1.95684e-05 
2.549 	 8.04601e-07 	 2.04028e-05 
2.551 	 8.38438e-07 	 2.12696e-05 
2.553 	 8.73522e-07 	 2.21672e-05 
2.555 	 9.09762e-07 	 2.30930e-05 
2.557 	 9.47023e-07 	 2.40436e-05 
2.559 	 9.85129e-07 	 2.50146e-05 
2.561 	 1.02385e-06 	 2.60001e-05 
2.563 	 1.06290e-06 	 2.69930e-05 
2.565 	 1.10194e-06 	 2.79846e-05 
2.567 	 1.14054e-06 	 2.89650e-05 
2.569 	 1.17824e-06 	 2.99225e-05 
2.571 	 1.21448e-06 	 3.08441e-05 
2.573 	 1.24869e-06 	 3.17158e-05 
2.575 	 1.28023e-06 	 3.25224e-05 
2.577 	 1.30845e-06 	 3.32487e-05 
2.579 	 1.33269e-06 	 3.38794e-05 
2.581 	 1.35235e-06 	 3.43998e-05 
2.583 	 1.36688e-06 	 3.47973e-05 
2.585 	 1.37581e-06 	 3.50608e-05 
2.587 	 1.37882e-06 	 3.51827e-05 
2.589 	 1.37574e-06 	 3.51582e-05 
2.591 	 1.36654e-06 	 3.49867e-05 
2.593 	 1.35137e-06 	 3.46709e-05 
2.595 	 1.33054e-06 	 3.42176e-05 
2.597 	 1.30451e-06 	 3.36364e-05 
2.599 	 1.27385e-06 	 3.29400e-05 
2.601 	 1.23920e-06 	 3.21431e-05 
2.603 	 1.20125e-06 	 3.12614e-05 
2.605 	 1.16074e-06 	 3.03115e-05 
2.607 	 1.11836e-06 	 2.93097e-05 
2.609 	 1.07477e-06 	 2.82718e-05 
2.611 	 1.03058e-06 	 2.72123e-05 
2.613 	 9.86331e-07 	 2.61444e-05 
2.615 	 9.42491e-07 	 2.50797e-05 
2.618 	 8.99448e-07 	 2.40281e-05 
2.620 	 8.57520e-07 	 2.29980e-05 
2.622 	 8.16955e-07 	 2.19960e-05 
2.624 	 7.77942e-07 	 2.10274e-05 
2.626 	 7.40613e-07 	 2.00961e-05 
2.628 	 7.05057e-07 	 1.92050e-05 
2.630 	 6.71320e-07 	 1.83560e-05 
2.632 	 6.39420e-07 	 1.75500e-05 
2.634 	 6.09347e-07 	 1.67874e-05 
2.636 	 5.81071e-07 	 1.60679e-05 
2.638 	 5.54545e-07 	 1.53910e-05 
2.640 	 5.29711e-07 	 1.47556e-05 
2.642 	 5.06500e-07 	 1.41602e-05 
2.644 	 4.84834e-07 	 1.36034e-05 
2.646 	 4.64632e-07 	 1.30832e-05 
2.648 	 4.45805e-07 	 1.25976e-05 
2.650 	 4.28260e-07 	 1.21445e-05 
2.652 	 4.11901e-07 	 1.17214e-05 
2.654 	 3.96628e-07 	 1.13259e-05 
2.656 	 3.82335e-07 	 1.09552e-05 
2.658 	 3.68916e-07 	 1.06065e-05 
2.660 	 3.56262e-07 	 1.02769e-05 
2.662 	 3.44265e-07 	 9.96350e-06 
2.664 	 3.32819e-07 	 9.66333e-06 
2.666 	 3.21823e-07 	 9.37359e-06 
2.668 	 3.11185e-07 	 9.09172e-06 
2.670 	 3.00826e-07 	 8.81547e-06 
2.672 	 2.90681e-07 	 8.54302e-06 
2.674 	 2.80699e-07 	 8.27301e-06 
2.676 	 2.70849e-07 	 8.00462e-06 
2.678 	 2.61118e-07 	 7.73752e-06 
2.680 	 2.51505e-07 	 7.47182e-06 
2.682 	 2.42022e-07 	 7.20803e-06 
2.684 	 2.32693e-07 	 6.94690e-06 
2.686 	 2.23542e-07 	 6.68937e-06 
2.688 	 2.14599e-07 	 6.43642e-06 
2.690 	 2.05892e-07 	 6.18902e-06 
2.692 	 1.97446e-07 	 5.94801e-06 
2.694 	 1.89280e-07 	 5.71416e-06 
2.696 	 1.81412e-07 	 5.48803e-06 
2.698 	 1.73851e-07 	 5.27006e-06 
2.700 	 1.66603e-07 	 5.06053e-06 
