Energy [eV] Ext Cross [um^2] Abs Cross [um^2] Sca Cross [um^2] 
2.480 	 1.05208e-01 	 8.84748e-03 	 9.63604e-02 
2.443 	 1.12140e-01 	 8.71161e-03 	 1.03428e-01 
2.407 	 1.18165e-01 	 8.55934e-03 	 1.09606e-01 
2.373 	 1.23254e-01 	 8.39201e-03 	 1.14862e-01 
2.339 	 1.27389e-01 	 8.21036e-03 	 1.19179e-01 
2.306 	 1.30568e-01 	 8.01514e-03 	 1.22553e-01 
2.274 	 1.32804e-01 	 7.80720e-03 	 1.24997e-01 
2.243 	 1.34122e-01 	 7.58739e-03 	 1.26535e-01 
2.213 	 1.34565e-01 	 7.35723e-03 	 1.27208e-01 
2.184 	 1.34187e-01 	 7.11805e-03 	 1.27069e-01 
2.155 	 1.33053e-01 	 6.87171e-03 	 1.26181e-01 
2.127 	 1.31239e-01 	 6.62019e-03 	 1.24619e-01 
2.100 	 1.28828e-01 	 6.36552e-03 	 1.22462e-01 
2.074 	 1.25904e-01 	 6.10977e-03 	 1.19795e-01 
2.048 	 1.22555e-01 	 5.85489e-03 	 1.16700e-01 
2.023 	 1.18863e-01 	 5.60274e-03 	 1.13261e-01 
1.998 	 1.14910e-01 	 5.35494e-03 	 1.09555e-01 
1.974 	 1.10768e-01 	 5.11292e-03 	 1.05655e-01 
1.951 	 1.06504e-01 	 4.87799e-03 	 1.01626e-01 
1.928 	 1.02178e-01 	 4.65102e-03 	 9.75271e-02 
1.905 	 9.78399e-02 	 4.43269e-03 	 9.34072e-02 
1.884 	 9.35325e-02 	 4.22360e-03 	 8.93089e-02 
1.862 	 8.92915e-02 	 4.02408e-03 	 8.52675e-02 
1.841 	 8.51450e-02 	 3.83422e-03 	 8.13108e-02 
1.821 	 8.11150e-02 	 3.65403e-03 	 7.74610e-02 
1.801 	 7.72180e-02 	 3.48340e-03 	 7.37346e-02 
1.782 	 7.34659e-02 	 3.32214e-03 	 7.01438e-02 
1.763 	 6.98665e-02 	 3.16997e-03 	 6.66965e-02 
1.744 	 6.64241e-02 	 3.02655e-03 	 6.33975e-02 
1.726 	 6.31404e-02 	 2.89151e-03 	 6.02489e-02 
1.708 	 6.00149e-02 	 2.76444e-03 	 5.72504e-02 
1.690 	 5.70454e-02 	 2.64495e-03 	 5.44004e-02 
1.673 	 5.42283e-02 	 2.53263e-03 	 5.16957e-02 
1.656 	 5.15591e-02 	 2.42707e-03 	 4.91320e-02 
1.640 	 4.90324e-02 	 2.32787e-03 	 4.67045e-02 
1.623 	 4.66425e-02 	 2.23463e-03 	 4.44079e-02 
1.608 	 4.43834e-02 	 2.14699e-03 	 4.22364e-02 
1.592 	 4.22489e-02 	 2.06459e-03 	 4.01843e-02 
1.577 	 4.02326e-02 	 1.98709e-03 	 3.82455e-02 
1.562 	 3.83284e-02 	 1.91416e-03 	 3.64143e-02 
1.547 	 3.65302e-02 	 1.84551e-03 	 3.46847e-02 
1.533 	 3.48321e-02 	 1.78085e-03 	 3.30513e-02 
1.519 	 3.32284e-02 	 1.71992e-03 	 3.15085e-02 
1.505 	 3.17137e-02 	 1.66247e-03 	 3.00512e-02 
1.491 	 3.02826e-02 	 1.60827e-03 	 2.86744e-02 
1.478 	 2.89304e-02 	 1.55710e-03 	 2.73733e-02 
1.464 	 2.76521e-02 	 1.50876e-03 	 2.61434e-02 
1.452 	 2.64435e-02 	 1.46307e-03 	 2.49804e-02 
1.439 	 2.53002e-02 	 1.41985e-03 	 2.38804e-02 
1.426 	 2.42184e-02 	 1.37894e-03 	 2.28395e-02 
1.414 	 2.31944e-02 	 1.34019e-03 	 2.18542e-02 
1.402 	 2.22246e-02 	 1.30345e-03 	 2.09211e-02 
1.390 	 2.13057e-02 	 1.26861e-03 	 2.00371e-02 
1.379 	 2.04347e-02 	 1.23554e-03 	 1.91992e-02 
1.367 	 1.96088e-02 	 1.20413e-03 	 1.84047e-02 
1.356 	 1.88252e-02 	 1.17429e-03 	 1.76510e-02 
1.345 	 1.80815e-02 	 1.14590e-03 	 1.69356e-02 
1.334 	 1.73752e-02 	 1.11888e-03 	 1.62563e-02 
1.323 	 1.67042e-02 	 1.09315e-03 	 1.56110e-02 
1.313 	 1.60663e-02 	 1.06864e-03 	 1.49977e-02 
1.302 	 1.54598e-02 	 1.04526e-03 	 1.44145e-02 
1.292 	 1.48827e-02 	 1.02295e-03 	 1.38597e-02 
1.282 	 1.43334e-02 	 1.00166e-03 	 1.33317e-02 
1.272 	 1.38103e-02 	 9.81321e-04 	 1.28289e-02 
1.262 	 1.33118e-02 	 9.61878e-04 	 1.23500e-02 
1.253 	 1.28368e-02 	 9.43282e-04 	 1.18935e-02 
1.243 	 1.23837e-02 	 9.25487e-04 	 1.14582e-02 
1.234 	 1.19514e-02 	 9.08449e-04 	 1.10430e-02 
1.225 	 1.15389e-02 	 8.92125e-04 	 1.06467e-02 
1.216 	 1.11449e-02 	 8.76478e-04 	 1.02684e-02 
1.207 	 1.07685e-02 	 8.61472e-04 	 9.90703e-03 
1.198 	 1.04088e-02 	 8.47072e-04 	 9.56170e-03 
1.189 	 1.00648e-02 	 8.33247e-04 	 9.23157e-03 
1.181 	 9.73580e-03 	 8.19967e-04 	 8.91583e-03 
1.172 	 9.42094e-03 	 8.07204e-04 	 8.61374e-03 
1.164 	 9.11952e-03 	 7.94933e-04 	 8.32458e-03 
1.156 	 8.83083e-03 	 7.83128e-04 	 8.04770e-03 
1.148 	 8.55423e-03 	 7.71766e-04 	 7.78246e-03 
1.140 	 8.28911e-03 	 7.60827e-04 	 7.52829e-03 
1.132 	 8.03490e-03 	 7.50289e-04 	 7.28461e-03 
1.124 	 7.79105e-03 	 7.40132e-04 	 7.05092e-03 
1.117 	 7.55705e-03 	 7.30340e-04 	 6.82671e-03 
1.109 	 7.33243e-03 	 7.20894e-04 	 6.61154e-03 
1.102 	 7.11673e-03 	 7.11779e-04 	 6.40495e-03 
1.094 	 6.90951e-03 	 7.02980e-04 	 6.20653e-03 
1.087 	 6.71038e-03 	 6.94482e-04 	 6.01590e-03 
1.080 	 6.51896e-03 	 6.86272e-04 	 5.83268e-03 
1.073 	 6.33487e-03 	 6.78337e-04 	 5.65654e-03 
1.066 	 6.15779e-03 	 6.70664e-04 	 5.48713e-03 
1.059 	 5.98739e-03 	 6.63242e-04 	 5.32415e-03 
1.052 	 5.82336e-03 	 6.56060e-04 	 5.16730e-03 
1.046 	 5.66541e-03 	 6.49108e-04 	 5.01631e-03 
1.039 	 5.51328e-03 	 6.42377e-04 	 4.87090e-03 
1.032 	 5.36669e-03 	 6.35856e-04 	 4.73084e-03 
1.026 	 5.22542e-03 	 6.29538e-04 	 4.59588e-03 
1.020 	 5.08921e-03 	 6.23415e-04 	 4.46579e-03 
1.013 	 4.95785e-03 	 6.17477e-04 	 4.34038e-03 
1.007 	 4.83114e-03 	 6.11718e-04 	 4.21942e-03 
1.001 	 4.70886e-03 	 6.06131e-04 	 4.10273e-03 
0.995 	 4.59084e-03 	 6.00708e-04 	 3.99014e-03 
0.989 	 4.47690e-03 	 5.95443e-04 	 3.88145e-03 
0.983 	 4.36685e-03 	 5.90330e-04 	 3.77652e-03 
0.977 	 4.26054e-03 	 5.85363e-04 	 3.67518e-03 
0.971 	 4.15782e-03 	 5.80537e-04 	 3.57728e-03 
0.966 	 4.05854e-03 	 5.75846e-04 	 3.48269e-03 
0.960 	 3.96255e-03 	 5.71285e-04 	 3.39127e-03 
0.955 	 3.86973e-03 	 5.66849e-04 	 3.30288e-03 
0.949 	 3.77995e-03 	 5.62535e-04 	 3.21741e-03 
0.944 	 3.69308e-03 	 5.58337e-04 	 3.13474e-03 
0.938 	 3.60902e-03 	 5.54251e-04 	 3.05476e-03 
0.933 	 3.52764e-03 	 5.50273e-04 	 2.97737e-03 
0.928 	 3.44886e-03 	 5.46400e-04 	 2.90246e-03 
0.922 	 3.37256e-03 	 5.42627e-04 	 2.82993e-03 
0.917 	 3.29865e-03 	 5.38952e-04 	 2.75970e-03 
0.912 	 3.22704e-03 	 5.35370e-04 	 2.69167e-03 
0.907 	 3.15764e-03 	 5.31878e-04 	 2.62576e-03 
0.902 	 3.09037e-03 	 5.28475e-04 	 2.56190e-03 
0.897 	 3.02516e-03 	 5.25155e-04 	 2.50000e-03 
0.892 	 2.96191e-03 	 5.21918e-04 	 2.44000e-03 
0.888 	 2.90057e-03 	 5.18759e-04 	 2.38181e-03 
0.883 	 2.84106e-03 	 5.15677e-04 	 2.32539e-03 
0.878 	 2.78332e-03 	 5.12669e-04 	 2.27065e-03 
0.873 	 2.72727e-03 	 5.09732e-04 	 2.21754e-03 
0.869 	 2.67287e-03 	 5.06865e-04 	 2.16600e-03 
0.864 	 2.62004e-03 	 5.04065e-04 	 2.11598e-03 
0.860 	 2.56875e-03 	 5.01329e-04 	 2.06742e-03 
0.855 	 2.51892e-03 	 4.98656e-04 	 2.02027e-03 
0.851 	 2.47052e-03 	 4.96045e-04 	 1.97447e-03 
0.847 	 2.42348e-03 	 4.93492e-04 	 1.92999e-03 
0.842 	 2.37777e-03 	 4.90996e-04 	 1.88678e-03 
0.838 	 2.33334e-03 	 4.88556e-04 	 1.84478e-03 
0.834 	 2.29014e-03 	 4.86169e-04 	 1.80397e-03 
0.829 	 2.24814e-03 	 4.83835e-04 	 1.76430e-03 
0.825 	 2.20729e-03 	 4.81552e-04 	 1.72574e-03 
0.821 	 2.16755e-03 	 4.79318e-04 	 1.68823e-03 
0.817 	 2.12889e-03 	 4.77132e-04 	 1.65176e-03 
0.813 	 2.09128e-03 	 4.74992e-04 	 1.61628e-03 
0.809 	 2.05467e-03 	 4.72898e-04 	 1.58177e-03 
0.805 	 2.01903e-03 	 4.70847e-04 	 1.54818e-03 
0.801 	 1.98434e-03 	 4.68839e-04 	 1.51550e-03 
0.797 	 1.95056e-03 	 4.66873e-04 	 1.48369e-03 
0.793 	 1.91766e-03 	 4.64947e-04 	 1.45272e-03 
0.790 	 1.88562e-03 	 4.63059e-04 	 1.42256e-03 
0.786 	 1.85441e-03 	 4.61210e-04 	 1.39320e-03 
0.782 	 1.82400e-03 	 4.59397e-04 	 1.36460e-03 
0.778 	 1.79437e-03 	 4.57620e-04 	 1.33674e-03 
0.775 	 1.76548e-03 	 4.55878e-04 	 1.30961e-03 
0.771 	 1.73733e-03 	 4.54170e-04 	 1.28316e-03 
0.768 	 1.70989e-03 	 4.52495e-04 	 1.25739e-03 
0.764 	 1.68312e-03 	 4.50853e-04 	 1.23227e-03 
0.760 	 1.65703e-03 	 4.49241e-04 	 1.20779e-03 
0.757 	 1.63158e-03 	 4.47660e-04 	 1.18392e-03 
0.753 	 1.60675e-03 	 4.46109e-04 	 1.16064e-03 
0.750 	 1.58253e-03 	 4.44587e-04 	 1.13794e-03 
0.747 	 1.55890e-03 	 4.43094e-04 	 1.11580e-03 
0.743 	 1.53584e-03 	 4.41628e-04 	 1.09421e-03 
0.740 	 1.51333e-03 	 4.40189e-04 	 1.07314e-03 
0.737 	 1.49136e-03 	 4.38777e-04 	 1.05258e-03 
0.733 	 1.46991e-03 	 4.37390e-04 	 1.03252e-03 
0.730 	 1.44897e-03 	 4.36027e-04 	 1.01294e-03 
0.727 	 1.42852e-03 	 4.34690e-04 	 9.93832e-04 
0.724 	 1.40855e-03 	 4.33376e-04 	 9.75176e-04 
0.720 	 1.38905e-03 	 4.32085e-04 	 9.56962e-04 
0.717 	 1.36999e-03 	 4.30817e-04 	 9.39176e-04 
0.714 	 1.35138e-03 	 4.29570e-04 	 9.21806e-04 
0.711 	 1.33319e-03 	 4.28346e-04 	 9.04842e-04 
0.708 	 1.31541e-03 	 4.27142e-04 	 8.88270e-04 
0.705 	 1.29804e-03 	 4.25958e-04 	 8.72081e-04 
0.702 	 1.28106e-03 	 4.24795e-04 	 8.56264e-04 
0.699 	 1.26446e-03 	 4.23651e-04 	 8.40808e-04 
0.696 	 1.24823e-03 	 4.22526e-04 	 8.25704e-04 
0.693 	 1.23236e-03 	 4.21420e-04 	 8.10941e-04 
0.690 	 1.21684e-03 	 4.20332e-04 	 7.96511e-04 
0.687 	 1.20167e-03 	 4.19262e-04 	 7.82404e-04 
0.684 	 1.18682e-03 	 4.18210e-04 	 7.68612e-04 
0.682 	 1.17230e-03 	 4.17174e-04 	 7.55126e-04 
0.679 	 1.15809e-03 	 4.16155e-04 	 7.41938e-04 
0.676 	 1.14419e-03 	 4.15153e-04 	 7.29040e-04 
0.673 	 1.13059e-03 	 4.14166e-04 	 7.16424e-04 
0.671 	 1.11728e-03 	 4.13195e-04 	 7.04083e-04 
0.668 	 1.10425e-03 	 4.12239e-04 	 6.92010e-04 
0.665 	 1.09150e-03 	 4.11299e-04 	 6.80197e-04 
0.662 	 1.07901e-03 	 4.10373e-04 	 6.68638e-04 
0.660 	 1.06679e-03 	 4.09461e-04 	 6.57326e-04 
0.657 	 1.05482e-03 	 4.08563e-04 	 6.46255e-04 
0.655 	 1.04310e-03 	 4.07679e-04 	 6.35419e-04 
0.652 	 1.03162e-03 	 4.06808e-04 	 6.24811e-04 
0.649 	 1.02038e-03 	 4.05951e-04 	 6.14426e-04 
0.647 	 1.00936e-03 	 4.05106e-04 	 6.04258e-04 
0.644 	 9.98577e-04 	 4.04274e-04 	 5.94302e-04 
0.642 	 9.88007e-04 	 4.03455e-04 	 5.84553e-04 
0.639 	 9.77651e-04 	 4.02647e-04 	 5.75004e-04 
0.637 	 9.67503e-04 	 4.01851e-04 	 5.65652e-04 
0.634 	 9.57558e-04 	 4.01067e-04 	 5.56491e-04 
0.632 	 9.47811e-04 	 4.00295e-04 	 5.47517e-04 
0.629 	 9.38257e-04 	 3.99533e-04 	 5.38724e-04 
0.627 	 9.28892e-04 	 3.98782e-04 	 5.30110e-04 
0.625 	 9.19711e-04 	 3.98043e-04 	 5.21668e-04 
0.622 	 9.10709e-04 	 3.97313e-04 	 5.13396e-04 
0.620 	 9.01882e-04 	 3.96594e-04 	 5.05288e-04 
