Energy [eV] EELS_b EELS_a 
2.500 	 1.76647e-06 	 8.52439e-06 
2.502 	 1.82294e-06 	 8.80694e-06 
2.504 	 1.88222e-06 	 9.10370e-06 
2.506 	 1.94449e-06 	 9.41555e-06 
2.508 	 2.00992e-06 	 9.74340e-06 
2.510 	 2.07871e-06 	 1.00883e-05 
2.512 	 2.15108e-06 	 1.04512e-05 
2.514 	 2.22723e-06 	 1.08332e-05 
2.516 	 2.30740e-06 	 1.12357e-05 
2.519 	 2.39185e-06 	 1.16597e-05 
2.521 	 2.48082e-06 	 1.21066e-05 
2.523 	 2.57458e-06 	 1.25778e-05 
2.525 	 2.67344e-06 	 1.30748e-05 
2.527 	 2.77767e-06 	 1.35989e-05 
2.529 	 2.88758e-06 	 1.41518e-05 
2.531 	 3.00350e-06 	 1.47350e-05 
2.533 	 3.12573e-06 	 1.53501e-05 
2.535 	 3.25461e-06 	 1.59988e-05 
2.537 	 3.39044e-06 	 1.66826e-05 
2.539 	 3.53354e-06 	 1.74029e-05 
2.541 	 3.68419e-06 	 1.81613e-05 
2.543 	 3.84265e-06 	 1.89590e-05 
2.545 	 4.00915e-06 	 1.97969e-05 
2.547 	 4.18383e-06 	 2.06758e-05 
2.549 	 4.36679e-06 	 2.15959e-05 
2.551 	 4.55800e-06 	 2.25571e-05 
2.553 	 4.75732e-06 	 2.35584e-05 
2.555 	 4.96445e-06 	 2.45981e-05 
2.557 	 5.17889e-06 	 2.56735e-05 
2.559 	 5.39994e-06 	 2.67807e-05 
2.561 	 5.62660e-06 	 2.79145e-05 
2.563 	 5.85759e-06 	 2.90681e-05 
2.565 	 6.09128e-06 	 3.02331e-05 
2.567 	 6.32566e-06 	 3.13991e-05 
2.569 	 6.55835e-06 	 3.25539e-05 
2.571 	 6.78656e-06 	 3.36833e-05 
2.573 	 7.00712e-06 	 3.47715e-05 
2.575 	 7.21655e-06 	 3.58010e-05 
2.577 	 7.41108e-06 	 3.67532e-05 
2.579 	 7.58679e-06 	 3.76090e-05 
2.581 	 7.73979e-06 	 3.83495e-05 
2.583 	 7.86630e-06 	 3.89568e-05 
2.585 	 7.96294e-06 	 3.94150e-05 
2.587 	 8.02684e-06 	 3.97109e-05 
2.589 	 8.05589e-06 	 3.98353e-05 
2.591 	 8.04881e-06 	 3.97829e-05 
2.593 	 8.00532e-06 	 3.95534e-05 
2.595 	 7.92613e-06 	 3.91513e-05 
2.597 	 7.81292e-06 	 3.85855e-05 
2.599 	 7.66826e-06 	 3.78691e-05 
2.601 	 7.49542e-06 	 3.70184e-05 
2.603 	 7.29821e-06 	 3.60521e-05 
2.605 	 7.08077e-06 	 3.49902e-05 
2.607 	 6.84736e-06 	 3.38534e-05 
2.609 	 6.60220e-06 	 3.26617e-05 
2.611 	 6.34928e-06 	 3.14342e-05 
2.613 	 6.09229e-06 	 3.01883e-05 
2.615 	 5.83452e-06 	 2.89397e-05 
2.618 	 5.57879e-06 	 2.77016e-05 
2.620 	 5.32749e-06 	 2.64855e-05 
2.622 	 5.08258e-06 	 2.53004e-05 
2.624 	 4.84556e-06 	 2.41536e-05 
2.626 	 4.61762e-06 	 2.30505e-05 
2.628 	 4.39956e-06 	 2.19952e-05 
2.630 	 4.19193e-06 	 2.09901e-05 
2.632 	 3.99504e-06 	 2.00368e-05 
2.634 	 3.80901e-06 	 1.91359e-05 
2.636 	 3.63377e-06 	 1.82872e-05 
2.638 	 3.46917e-06 	 1.74898e-05 
2.640 	 3.31491e-06 	 1.67425e-05 
2.642 	 3.17065e-06 	 1.60436e-05 
2.644 	 3.03595e-06 	 1.53911e-05 
2.646 	 2.91035e-06 	 1.47827e-05 
2.648 	 2.79332e-06 	 1.42160e-05 
2.650 	 2.68433e-06 	 1.36882e-05 
2.652 	 2.58276e-06 	 1.31966e-05 
2.654 	 2.48802e-06 	 1.27380e-05 
2.656 	 2.39946e-06 	 1.23092e-05 
2.658 	 2.31640e-06 	 1.19069e-05 
2.660 	 2.23816e-06 	 1.15276e-05 
2.662 	 2.16406e-06 	 1.11678e-05 
2.664 	 2.09343e-06 	 1.08242e-05 
2.666 	 2.02563e-06 	 1.04934e-05 
2.668 	 1.96007e-06 	 1.01724e-05 
2.670 	 1.89622e-06 	 9.85848e-06 
2.672 	 1.83367e-06 	 9.54957e-06 
2.674 	 1.77210e-06 	 9.24401e-06 
2.676 	 1.71129e-06 	 8.94077e-06 
2.678 	 1.65114e-06 	 8.63939e-06 
2.680 	 1.59164e-06 	 8.33993e-06 
2.682 	 1.53288e-06 	 8.04290e-06 
2.684 	 1.47498e-06 	 7.74910e-06 
2.686 	 1.41812e-06 	 7.45952e-06 
2.688 	 1.36247e-06 	 7.17524e-06 
2.690 	 1.30822e-06 	 6.89731e-06 
2.692 	 1.25552e-06 	 6.62670e-06 
2.694 	 1.20452e-06 	 6.36420e-06 
2.696 	 1.15533e-06 	 6.11047e-06 
2.698 	 1.10800e-06 	 5.86599e-06 
2.700 	 1.06260e-06 	 5.63104e-06 
