Energy [eV] EELS_b EELS_a 
2.500 	 1.28870e-08 	 5.38357e-08 
2.502 	 1.32420e-08 	 5.53742e-08 
2.504 	 1.36132e-08 	 5.69840e-08 
2.506 	 1.40016e-08 	 5.86690e-08 
2.508 	 1.44081e-08 	 6.04335e-08 
2.510 	 1.48337e-08 	 6.22816e-08 
2.512 	 1.52794e-08 	 6.42179e-08 
2.514 	 1.57461e-08 	 6.62471e-08 
2.516 	 1.62351e-08 	 6.83740e-08 
2.519 	 1.67474e-08 	 7.06037e-08 
2.521 	 1.72841e-08 	 7.29413e-08 
2.523 	 1.78465e-08 	 7.53922e-08 
2.525 	 1.84356e-08 	 7.79616e-08 
2.527 	 1.90527e-08 	 8.06549e-08 
2.529 	 1.96989e-08 	 8.34774e-08 
2.531 	 2.03752e-08 	 8.64341e-08 
2.533 	 2.10827e-08 	 8.95299e-08 
2.535 	 2.18223e-08 	 9.27693e-08 
2.537 	 2.25947e-08 	 9.61560e-08 
2.539 	 2.34006e-08 	 9.96931e-08 
2.541 	 2.42403e-08 	 1.03383e-07 
2.543 	 2.51136e-08 	 1.07225e-07 
2.545 	 2.60203e-08 	 1.11220e-07 
2.547 	 2.69594e-08 	 1.15363e-07 
2.549 	 2.79294e-08 	 1.19649e-07 
2.551 	 2.89280e-08 	 1.24070e-07 
2.553 	 2.99523e-08 	 1.28612e-07 
2.555 	 3.09981e-08 	 1.33260e-07 
2.557 	 3.20605e-08 	 1.37992e-07 
2.559 	 3.31329e-08 	 1.42781e-07 
2.561 	 3.42079e-08 	 1.47595e-07 
2.563 	 3.52762e-08 	 1.52396e-07 
2.565 	 3.63274e-08 	 1.57137e-07 
2.567 	 3.73494e-08 	 1.61766e-07 
2.569 	 3.83291e-08 	 1.66227e-07 
2.571 	 3.92517e-08 	 1.70455e-07 
2.573 	 4.01021e-08 	 1.74383e-07 
2.575 	 4.08642e-08 	 1.77940e-07 
2.577 	 4.15222e-08 	 1.81054e-07 
2.579 	 4.20609e-08 	 1.83658e-07 
2.581 	 4.24660e-08 	 1.85686e-07 
2.583 	 4.27256e-08 	 1.87082e-07 
2.585 	 4.28300e-08 	 1.87802e-07 
2.587 	 4.27730e-08 	 1.87813e-07 
2.589 	 4.25518e-08 	 1.87100e-07 
2.591 	 4.21675e-08 	 1.85664e-07 
2.593 	 4.16250e-08 	 1.83523e-07 
2.595 	 4.09329e-08 	 1.80711e-07 
2.597 	 4.01033e-08 	 1.77279e-07 
2.599 	 3.91506e-08 	 1.73289e-07 
2.601 	 3.80915e-08 	 1.68811e-07 
2.603 	 3.69438e-08 	 1.63924e-07 
2.605 	 3.57258e-08 	 1.58708e-07 
2.607 	 3.44555e-08 	 1.53243e-07 
2.609 	 3.31505e-08 	 1.47606e-07 
2.611 	 3.18267e-08 	 1.41869e-07 
2.613 	 3.04989e-08 	 1.36097e-07 
2.615 	 2.91799e-08 	 1.30350e-07 
2.618 	 2.78807e-08 	 1.24677e-07 
2.620 	 2.66105e-08 	 1.19119e-07 
2.622 	 2.53768e-08 	 1.13712e-07 
2.624 	 2.41854e-08 	 1.08483e-07 
2.626 	 2.30407e-08 	 1.03451e-07 
2.628 	 2.19457e-08 	 9.86324e-08 
2.630 	 2.09023e-08 	 9.40361e-08 
2.632 	 1.99117e-08 	 8.96677e-08 
2.634 	 1.89739e-08 	 8.55290e-08 
2.636 	 1.80886e-08 	 8.16190e-08 
2.638 	 1.72548e-08 	 7.79341e-08 
2.640 	 1.64711e-08 	 7.44687e-08 
2.642 	 1.57358e-08 	 7.12157e-08 
2.644 	 1.50469e-08 	 6.81666e-08 
2.646 	 1.44021e-08 	 6.53119e-08 
2.648 	 1.37990e-08 	 6.26411e-08 
2.650 	 1.32350e-08 	 6.01428e-08 
2.652 	 1.27072e-08 	 5.78050e-08 
2.654 	 1.22129e-08 	 5.56149e-08 
2.656 	 1.17491e-08 	 5.35592e-08 
2.658 	 1.13125e-08 	 5.16240e-08 
2.660 	 1.09001e-08 	 4.97953e-08 
2.662 	 1.05086e-08 	 4.80587e-08 
2.664 	 1.01351e-08 	 4.64005e-08 
2.666 	 9.77661e-09 	 4.48075e-08 
2.668 	 9.43044e-09 	 4.32675e-08 
2.670 	 9.09429e-09 	 4.17700e-08 
2.672 	 8.76625e-09 	 4.03064e-08 
2.674 	 8.44491e-09 	 3.88702e-08 
2.676 	 8.12934e-09 	 3.74571e-08 
2.678 	 7.81909e-09 	 3.60653e-08 
2.680 	 7.51414e-09 	 3.46947e-08 
2.682 	 7.21479e-09 	 3.33468e-08 
2.684 	 6.92160e-09 	 3.20243e-08 
2.686 	 6.63527e-09 	 3.07306e-08 
2.688 	 6.35655e-09 	 2.94693e-08 
2.690 	 6.08614e-09 	 2.82438e-08 
2.692 	 5.82467e-09 	 2.70572e-08 
2.694 	 5.57264e-09 	 2.59119e-08 
2.696 	 5.33040e-09 	 2.48098e-08 
2.698 	 5.09818e-09 	 2.37521e-08 
2.700 	 4.87606e-09 	 2.27393e-08 
