Energy [eV] EELS_b EELS_a 
2.500 	 1.76647e-06 	 3.00192e-05 
2.502 	 1.82294e-06 	 3.10438e-05 
2.504 	 1.88222e-06 	 3.21203e-05 
2.506 	 1.94449e-06 	 3.32520e-05 
2.508 	 2.00992e-06 	 3.44422e-05 
2.510 	 2.07871e-06 	 3.56945e-05 
2.512 	 2.15108e-06 	 3.70127e-05 
2.514 	 2.22723e-06 	 3.84010e-05 
2.516 	 2.30740e-06 	 3.98637e-05 
2.519 	 2.39185e-06 	 4.14051e-05 
2.521 	 2.48082e-06 	 4.30302e-05 
2.523 	 2.57458e-06 	 4.47438e-05 
2.525 	 2.67344e-06 	 4.65511e-05 
2.527 	 2.77767e-06 	 4.84575e-05 
2.529 	 2.88758e-06 	 5.04685e-05 
2.531 	 3.00350e-06 	 5.25897e-05 
2.533 	 3.12573e-06 	 5.48266e-05 
2.535 	 3.25461e-06 	 5.71849e-05 
2.537 	 3.39044e-06 	 5.96701e-05 
2.539 	 3.53354e-06 	 6.22871e-05 
2.541 	 3.68419e-06 	 6.50408e-05 
2.543 	 3.84265e-06 	 6.79351e-05 
2.545 	 4.00915e-06 	 7.09729e-05 
2.547 	 4.18383e-06 	 7.41560e-05 
2.549 	 4.36679e-06 	 7.74844e-05 
2.551 	 4.55800e-06 	 8.09563e-05 
2.553 	 4.75732e-06 	 8.45669e-05 
2.555 	 4.96445e-06 	 8.83086e-05 
2.557 	 5.17889e-06 	 9.21699e-05 
2.559 	 5.39994e-06 	 9.61348e-05 
2.561 	 5.62660e-06 	 1.00182e-04 
2.563 	 5.85759e-06 	 1.04286e-04 
2.565 	 6.09128e-06 	 1.08413e-04 
2.567 	 6.32566e-06 	 1.12524e-04 
2.569 	 6.55835e-06 	 1.16573e-04 
2.571 	 6.78656e-06 	 1.20508e-04 
2.573 	 7.00712e-06 	 1.24271e-04 
2.575 	 7.21655e-06 	 1.27799e-04 
2.577 	 7.41108e-06 	 1.31027e-04 
2.579 	 7.58679e-06 	 1.33888e-04 
2.581 	 7.73979e-06 	 1.36320e-04 
2.583 	 7.86630e-06 	 1.38262e-04 
2.585 	 7.96294e-06 	 1.39665e-04 
2.587 	 8.02684e-06 	 1.40489e-04 
2.589 	 8.05589e-06 	 1.40709e-04 
2.591 	 8.04881e-06 	 1.40313e-04 
2.593 	 8.00532e-06 	 1.39309e-04 
2.595 	 7.92613e-06 	 1.37718e-04 
2.597 	 7.81292e-06 	 1.35578e-04 
2.599 	 7.66826e-06 	 1.32938e-04 
2.601 	 7.49542e-06 	 1.29857e-04 
2.603 	 7.29821e-06 	 1.26403e-04 
2.605 	 7.08077e-06 	 1.22643e-04 
2.607 	 6.84736e-06 	 1.18649e-04 
2.609 	 6.60220e-06 	 1.14488e-04 
2.611 	 6.34928e-06 	 1.10222e-04 
2.613 	 6.09229e-06 	 1.05910e-04 
2.615 	 5.83452e-06 	 1.01602e-04 
2.618 	 5.57879e-06 	 9.73406e-05 
2.620 	 5.32749e-06 	 9.31634e-05 
2.622 	 5.08258e-06 	 8.90992e-05 
2.624 	 4.84556e-06 	 8.51710e-05 
2.626 	 4.61762e-06 	 8.13962e-05 
2.628 	 4.39956e-06 	 7.77872e-05 
2.630 	 4.19193e-06 	 7.43521e-05 
2.632 	 3.99504e-06 	 7.10953e-05 
2.634 	 3.80901e-06 	 6.80185e-05 
2.636 	 3.63377e-06 	 6.51207e-05 
2.638 	 3.46917e-06 	 6.23990e-05 
2.640 	 3.31491e-06 	 5.98491e-05 
2.642 	 3.17065e-06 	 5.74652e-05 
2.644 	 3.03595e-06 	 5.52405e-05 
2.646 	 2.91035e-06 	 5.31671e-05 
2.648 	 2.79332e-06 	 5.12366e-05 
2.650 	 2.68433e-06 	 4.94395e-05 
2.652 	 2.58276e-06 	 4.77659e-05 
2.654 	 2.48802e-06 	 4.62049e-05 
2.656 	 2.39946e-06 	 4.47451e-05 
2.658 	 2.31640e-06 	 4.33745e-05 
2.660 	 2.23816e-06 	 4.20806e-05 
2.662 	 2.16406e-06 	 4.08509e-05 
2.664 	 2.09343e-06 	 3.96727e-05 
2.666 	 2.02563e-06 	 3.85342e-05 
2.668 	 1.96007e-06 	 3.74242e-05 
2.670 	 1.89622e-06 	 3.63331e-05 
2.672 	 1.83367e-06 	 3.52532e-05 
2.674 	 1.77210e-06 	 3.41786e-05 
2.676 	 1.71129e-06 	 3.31058e-05 
2.678 	 1.65114e-06 	 3.20336e-05 
2.680 	 1.59164e-06 	 3.09626e-05 
2.682 	 1.53288e-06 	 2.98952e-05 
2.684 	 1.47498e-06 	 2.88349e-05 
2.686 	 1.41812e-06 	 2.77858e-05 
2.688 	 1.36247e-06 	 2.67525e-05 
2.690 	 1.30822e-06 	 2.57394e-05 
2.692 	 1.25552e-06 	 2.47504e-05 
2.694 	 1.20452e-06 	 2.37889e-05 
2.696 	 1.15533e-06 	 2.28578e-05 
2.698 	 1.10800e-06 	 2.19592e-05 
2.700 	 1.06260e-06 	 2.10943e-05 
