Energy [eV] Ext Cross [um^2] Abs Cross [um^2] Sca Cross [um^2] 
2.480 	 9.55427e-02 	 1.86542e-02 	 7.68885e-02 
2.443 	 9.95008e-02 	 1.81242e-02 	 8.13767e-02 
2.407 	 9.52312e-02 	 1.63130e-02 	 7.89182e-02 
2.373 	 8.57104e-02 	 1.39057e-02 	 7.18047e-02 
2.339 	 7.43948e-02 	 1.15039e-02 	 6.28909e-02 
2.306 	 6.35045e-02 	 9.41226e-03 	 5.40923e-02 
2.274 	 5.39767e-02 	 7.70676e-03 	 4.62699e-02 
2.243 	 4.59979e-02 	 6.35536e-03 	 3.96425e-02 
2.213 	 3.94356e-02 	 5.29427e-03 	 3.41413e-02 
2.184 	 3.40613e-02 	 4.45954e-03 	 2.96017e-02 
2.155 	 2.96488e-02 	 3.79841e-03 	 2.58504e-02 
2.127 	 2.60041e-02 	 3.26980e-03 	 2.27343e-02 
2.100 	 2.29706e-02 	 2.84277e-03 	 2.01278e-02 
2.074 	 2.04251e-02 	 2.49415e-03 	 1.79309e-02 
2.048 	 1.82714e-02 	 2.20660e-03 	 1.60648e-02 
2.023 	 1.64349e-02 	 1.96714e-03 	 1.44677e-02 
1.998 	 1.48569e-02 	 1.76589e-03 	 1.30910e-02 
1.974 	 1.34917e-02 	 1.59530e-03 	 1.18964e-02 
1.951 	 1.23029e-02 	 1.44959e-03 	 1.08533e-02 
1.928 	 1.12615e-02 	 1.32422e-03 	 9.93726e-03 
1.905 	 1.03440e-02 	 1.21558e-03 	 9.12841e-03 
1.884 	 9.53162e-03 	 1.12089e-03 	 8.41073e-03 
1.862 	 8.80891e-03 	 1.03788e-03 	 7.77104e-03 
1.841 	 8.16313e-03 	 9.64697e-04 	 7.19843e-03 
1.821 	 7.58373e-03 	 8.99860e-04 	 6.68386e-03 
1.801 	 7.06192e-03 	 8.42149e-04 	 6.21977e-03 
1.782 	 6.59035e-03 	 7.90564e-04 	 5.79979e-03 
1.763 	 6.16280e-03 	 7.44265e-04 	 5.41853e-03 
1.744 	 5.77395e-03 	 7.02551e-04 	 5.07140e-03 
1.726 	 5.41932e-03 	 6.64832e-04 	 4.75449e-03 
1.708 	 5.09502e-03 	 6.30612e-04 	 4.46441e-03 
1.690 	 4.79773e-03 	 5.99470e-04 	 4.19826e-03 
1.673 	 4.52456e-03 	 5.71046e-04 	 3.95352e-03 
1.656 	 4.27300e-03 	 5.45029e-04 	 3.72797e-03 
1.640 	 4.04085e-03 	 5.21153e-04 	 3.51970e-03 
1.623 	 3.82621e-03 	 4.99187e-04 	 3.32702e-03 
1.608 	 3.62737e-03 	 4.78930e-04 	 3.14844e-03 
1.592 	 3.44287e-03 	 4.60207e-04 	 2.98266e-03 
1.577 	 3.27136e-03 	 4.42866e-04 	 2.82850e-03 
1.562 	 3.11170e-03 	 4.26771e-04 	 2.68493e-03 
1.547 	 2.96283e-03 	 4.11804e-04 	 2.55102e-03 
1.533 	 2.82383e-03 	 3.97861e-04 	 2.42597e-03 
1.519 	 2.69386e-03 	 3.84850e-04 	 2.30901e-03 
1.505 	 2.57219e-03 	 3.72688e-04 	 2.19950e-03 
1.491 	 2.45814e-03 	 3.61301e-04 	 2.09684e-03 
1.478 	 2.35111e-03 	 3.50623e-04 	 2.00048e-03 
1.464 	 2.25054e-03 	 3.40595e-04 	 1.90994e-03 
1.452 	 2.15595e-03 	 3.31165e-04 	 1.82478e-03 
1.439 	 2.06688e-03 	 3.22286e-04 	 1.74460e-03 
1.426 	 1.98294e-03 	 3.13915e-04 	 1.66902e-03 
1.414 	 1.90374e-03 	 3.06012e-04 	 1.59773e-03 
1.402 	 1.82895e-03 	 2.98542e-04 	 1.53041e-03 
1.390 	 1.75826e-03 	 2.91474e-04 	 1.46679e-03 
1.379 	 1.69139e-03 	 2.84778e-04 	 1.40661e-03 
1.367 	 1.62808e-03 	 2.78429e-04 	 1.34965e-03 
1.356 	 1.56809e-03 	 2.72403e-04 	 1.29568e-03 
1.345 	 1.51120e-03 	 2.66677e-04 	 1.24452e-03 
1.334 	 1.45721e-03 	 2.61231e-04 	 1.19598e-03 
1.323 	 1.40593e-03 	 2.56047e-04 	 1.14989e-03 
1.313 	 1.35721e-03 	 2.51108e-04 	 1.10610e-03 
1.302 	 1.31086e-03 	 2.46398e-04 	 1.06447e-03 
1.292 	 1.26676e-03 	 2.41903e-04 	 1.02486e-03 
1.282 	 1.22476e-03 	 2.37609e-04 	 9.87155e-04 
1.272 	 1.18475e-03 	 2.33506e-04 	 9.51241e-04 
1.262 	 1.14659e-03 	 2.29580e-04 	 9.17012e-04 
1.253 	 1.11019e-03 	 2.25821e-04 	 8.84370e-04 
1.243 	 1.07545e-03 	 2.22221e-04 	 8.53224e-04 
1.234 	 1.04226e-03 	 2.18770e-04 	 8.23489e-04 
1.225 	 1.01055e-03 	 2.15460e-04 	 7.95087e-04 
1.216 	 9.80226e-04 	 2.12282e-04 	 7.67943e-04 
1.207 	 9.51221e-04 	 2.09231e-04 	 7.41990e-04 
1.198 	 9.23460e-04 	 2.06298e-04 	 7.17162e-04 
1.189 	 8.96877e-04 	 2.03478e-04 	 6.93400e-04 
1.181 	 8.71411e-04 	 2.00764e-04 	 6.70647e-04 
1.172 	 8.47002e-04 	 1.98152e-04 	 6.48851e-04 
1.164 	 8.23597e-04 	 1.95636e-04 	 6.27961e-04 
1.156 	 8.01143e-04 	 1.93211e-04 	 6.07933e-04 
1.148 	 7.79594e-04 	 1.90873e-04 	 5.88721e-04 
1.140 	 7.58903e-04 	 1.88618e-04 	 5.70286e-04 
1.132 	 7.39029e-04 	 1.86441e-04 	 5.52588e-04 
1.124 	 7.19931e-04 	 1.84339e-04 	 5.35592e-04 
1.117 	 7.01572e-04 	 1.82308e-04 	 5.19263e-04 
1.109 	 6.83916e-04 	 1.80346e-04 	 5.03570e-04 
1.102 	 6.66930e-04 	 1.78448e-04 	 4.88482e-04 
1.094 	 6.50583e-04 	 1.76613e-04 	 4.73970e-04 
1.087 	 6.34844e-04 	 1.74837e-04 	 4.60007e-04 
1.080 	 6.19686e-04 	 1.73117e-04 	 4.46569e-04 
1.073 	 6.05082e-04 	 1.71452e-04 	 4.33631e-04 
1.066 	 5.91008e-04 	 1.69838e-04 	 4.21169e-04 
1.059 	 5.77438e-04 	 1.68274e-04 	 4.09164e-04 
1.052 	 5.64352e-04 	 1.66757e-04 	 3.97594e-04 
1.046 	 5.51727e-04 	 1.65286e-04 	 3.86440e-04 
1.039 	 5.39543e-04 	 1.63859e-04 	 3.75684e-04 
1.032 	 5.27782e-04 	 1.62474e-04 	 3.65308e-04 
1.026 	 5.16425e-04 	 1.61129e-04 	 3.55297e-04 
1.020 	 5.05456e-04 	 1.59822e-04 	 3.45634e-04 
1.013 	 4.94857e-04 	 1.58553e-04 	 3.36304e-04 
1.007 	 4.84614e-04 	 1.57319e-04 	 3.27295e-04 
1.001 	 4.74712e-04 	 1.56120e-04 	 3.18591e-04 
0.995 	 4.65136e-04 	 1.54954e-04 	 3.10182e-04 
0.989 	 4.55873e-04 	 1.53819e-04 	 3.02053e-04 
0.983 	 4.46911e-04 	 1.52715e-04 	 2.94195e-04 
0.977 	 4.38237e-04 	 1.51641e-04 	 2.86596e-04 
0.971 	 4.29840e-04 	 1.50594e-04 	 2.79246e-04 
0.966 	 4.21710e-04 	 1.49575e-04 	 2.72135e-04 
0.960 	 4.13835e-04 	 1.48583e-04 	 2.65253e-04 
0.955 	 4.06207e-04 	 1.47616e-04 	 2.58591e-04 
0.949 	 3.98814e-04 	 1.46673e-04 	 2.52141e-04 
0.944 	 3.91649e-04 	 1.45754e-04 	 2.45895e-04 
0.938 	 3.84703e-04 	 1.44858e-04 	 2.39845e-04 
0.933 	 3.77967e-04 	 1.43984e-04 	 2.33983e-04 
0.928 	 3.71433e-04 	 1.43131e-04 	 2.28302e-04 
0.922 	 3.65095e-04 	 1.42299e-04 	 2.22796e-04 
0.917 	 3.58945e-04 	 1.41487e-04 	 2.17458e-04 
0.912 	 3.52975e-04 	 1.40694e-04 	 2.12281e-04 
0.907 	 3.47180e-04 	 1.39920e-04 	 2.07260e-04 
0.902 	 3.41553e-04 	 1.39163e-04 	 2.02389e-04 
0.897 	 3.36088e-04 	 1.38425e-04 	 1.97663e-04 
0.892 	 3.30779e-04 	 1.37703e-04 	 1.93077e-04 
0.888 	 3.25621e-04 	 1.36997e-04 	 1.88624e-04 
0.883 	 3.20609e-04 	 1.36307e-04 	 1.84302e-04 
0.878 	 3.15737e-04 	 1.35633e-04 	 1.80104e-04 
0.873 	 3.11001e-04 	 1.34974e-04 	 1.76027e-04 
0.869 	 3.06396e-04 	 1.34329e-04 	 1.72067e-04 
0.864 	 3.01917e-04 	 1.33698e-04 	 1.68219e-04 
0.860 	 2.97560e-04 	 1.33080e-04 	 1.64480e-04 
0.855 	 2.93321e-04 	 1.32476e-04 	 1.60845e-04 
0.851 	 2.89197e-04 	 1.31885e-04 	 1.57312e-04 
0.847 	 2.85182e-04 	 1.31306e-04 	 1.53877e-04 
0.842 	 2.81275e-04 	 1.30739e-04 	 1.50536e-04 
0.838 	 2.77470e-04 	 1.30183e-04 	 1.47287e-04 
0.834 	 2.73765e-04 	 1.29639e-04 	 1.44126e-04 
0.829 	 2.70157e-04 	 1.29106e-04 	 1.41051e-04 
0.825 	 2.66643e-04 	 1.28584e-04 	 1.38058e-04 
0.821 	 2.63218e-04 	 1.28073e-04 	 1.35146e-04 
0.817 	 2.59882e-04 	 1.27571e-04 	 1.32311e-04 
0.813 	 2.56630e-04 	 1.27080e-04 	 1.29550e-04 
0.809 	 2.53461e-04 	 1.26598e-04 	 1.26863e-04 
0.805 	 2.50371e-04 	 1.26125e-04 	 1.24245e-04 
0.801 	 2.47358e-04 	 1.25662e-04 	 1.21696e-04 
0.797 	 2.44420e-04 	 1.25208e-04 	 1.19212e-04 
0.793 	 2.41554e-04 	 1.24762e-04 	 1.16793e-04 
0.790 	 2.38759e-04 	 1.24324e-04 	 1.14435e-04 
0.786 	 2.36032e-04 	 1.23895e-04 	 1.12137e-04 
0.782 	 2.33371e-04 	 1.23473e-04 	 1.09897e-04 
0.778 	 2.30773e-04 	 1.23060e-04 	 1.07714e-04 
0.775 	 2.28238e-04 	 1.22654e-04 	 1.05585e-04 
0.771 	 2.25764e-04 	 1.22255e-04 	 1.03509e-04 
0.768 	 2.23347e-04 	 1.21863e-04 	 1.01484e-04 
0.764 	 2.20988e-04 	 1.21479e-04 	 9.95092e-05 
0.760 	 2.18684e-04 	 1.21101e-04 	 9.75828e-05 
0.757 	 2.16433e-04 	 1.20730e-04 	 9.57032e-05 
0.753 	 2.14235e-04 	 1.20366e-04 	 9.38692e-05 
0.750 	 2.12087e-04 	 1.20007e-04 	 9.20794e-05 
0.747 	 2.09988e-04 	 1.19655e-04 	 9.03326e-05 
0.743 	 2.07937e-04 	 1.19309e-04 	 8.86273e-05 
0.740 	 2.05932e-04 	 1.18969e-04 	 8.69626e-05 
0.737 	 2.03972e-04 	 1.18635e-04 	 8.53372e-05 
0.733 	 2.02056e-04 	 1.18307e-04 	 8.37500e-05 
0.730 	 2.00183e-04 	 1.17983e-04 	 8.21998e-05 
0.727 	 1.98351e-04 	 1.17666e-04 	 8.06858e-05 
0.724 	 1.96560e-04 	 1.17353e-04 	 7.92068e-05 
0.720 	 1.94808e-04 	 1.17046e-04 	 7.77618e-05 
0.717 	 1.93094e-04 	 1.16743e-04 	 7.63500e-05 
0.714 	 1.91416e-04 	 1.16446e-04 	 7.49704e-05 
0.711 	 1.89775e-04 	 1.16153e-04 	 7.36222e-05 
0.708 	 1.88170e-04 	 1.15865e-04 	 7.23043e-05 
0.705 	 1.86598e-04 	 1.15582e-04 	 7.10162e-05 
0.702 	 1.85060e-04 	 1.15303e-04 	 6.97568e-05 
0.699 	 1.83554e-04 	 1.15028e-04 	 6.85255e-05 
0.696 	 1.82079e-04 	 1.14758e-04 	 6.73215e-05 
0.693 	 1.80636e-04 	 1.14492e-04 	 6.61441e-05 
0.690 	 1.79222e-04 	 1.14229e-04 	 6.49925e-05 
0.687 	 1.77837e-04 	 1.13971e-04 	 6.38661e-05 
0.684 	 1.76481e-04 	 1.13717e-04 	 6.27642e-05 
0.682 	 1.75153e-04 	 1.13467e-04 	 6.16862e-05 
0.679 	 1.73852e-04 	 1.13220e-04 	 6.06314e-05 
0.676 	 1.72577e-04 	 1.12977e-04 	 5.95993e-05 
0.673 	 1.71327e-04 	 1.12738e-04 	 5.85893e-05 
0.671 	 1.70103e-04 	 1.12502e-04 	 5.76007e-05 
0.668 	 1.68903e-04 	 1.12270e-04 	 5.66330e-05 
0.665 	 1.67727e-04 	 1.12041e-04 	 5.56858e-05 
0.662 	 1.66574e-04 	 1.11815e-04 	 5.47585e-05 
0.660 	 1.65444e-04 	 1.11593e-04 	 5.38505e-05 
0.657 	 1.64335e-04 	 1.11374e-04 	 5.29614e-05 
0.655 	 1.63249e-04 	 1.11158e-04 	 5.20908e-05 
0.652 	 1.62183e-04 	 1.10945e-04 	 5.12381e-05 
0.649 	 1.61138e-04 	 1.10735e-04 	 5.04029e-05 
0.647 	 1.60113e-04 	 1.10528e-04 	 4.95848e-05 
0.644 	 1.59107e-04 	 1.10324e-04 	 4.87833e-05 
0.642 	 1.58120e-04 	 1.10122e-04 	 4.79981e-05 
0.639 	 1.57153e-04 	 1.09924e-04 	 4.72288e-05 
0.637 	 1.56203e-04 	 1.09728e-04 	 4.64749e-05 
0.634 	 1.55271e-04 	 1.09535e-04 	 4.57362e-05 
0.632 	 1.54356e-04 	 1.09344e-04 	 4.50121e-05 
0.629 	 1.53459e-04 	 1.09156e-04 	 4.43025e-05 
0.627 	 1.52578e-04 	 1.08971e-04 	 4.36068e-05 
0.625 	 1.51713e-04 	 1.08788e-04 	 4.29249e-05 
0.622 	 1.50863e-04 	 1.08607e-04 	 4.22563e-05 
0.620 	 1.50030e-04 	 1.08429e-04 	 4.16008e-05 
