Energy [eV] EELS_b EELS_a 
2.500 	 4.92291e-10 	 1.99781e-09 
2.502 	 5.04400e-10 	 2.04922e-09 
2.504 	 5.17063e-10 	 2.10300e-09 
2.506 	 5.30308e-10 	 2.15928e-09 
2.508 	 5.44168e-10 	 2.21818e-09 
2.510 	 5.58675e-10 	 2.27986e-09 
2.512 	 5.73863e-10 	 2.34446e-09 
2.514 	 5.89769e-10 	 2.41213e-09 
2.516 	 6.06429e-10 	 2.48305e-09 
2.519 	 6.23883e-10 	 2.55738e-09 
2.521 	 6.42170e-10 	 2.63530e-09 
2.523 	 6.61331e-10 	 2.71698e-09 
2.525 	 6.81407e-10 	 2.80261e-09 
2.527 	 7.02440e-10 	 2.89237e-09 
2.529 	 7.24471e-10 	 2.98645e-09 
2.531 	 7.47541e-10 	 3.08502e-09 
2.533 	 7.71688e-10 	 3.18827e-09 
2.535 	 7.96950e-10 	 3.29636e-09 
2.537 	 8.23357e-10 	 3.40943e-09 
2.539 	 8.50939e-10 	 3.52762e-09 
2.541 	 8.79713e-10 	 3.65103e-09 
2.543 	 9.09690e-10 	 3.77970e-09 
2.545 	 9.40869e-10 	 3.91365e-09 
2.547 	 9.73233e-10 	 4.05283e-09 
2.549 	 1.00675e-09 	 4.19710e-09 
2.551 	 1.04135e-09 	 4.34623e-09 
2.553 	 1.07697e-09 	 4.49988e-09 
2.555 	 1.11347e-09 	 4.65757e-09 
2.557 	 1.15071e-09 	 4.81868e-09 
2.559 	 1.18850e-09 	 4.98238e-09 
2.561 	 1.22660e-09 	 5.14768e-09 
2.563 	 1.26470e-09 	 5.31334e-09 
2.565 	 1.30248e-09 	 5.47790e-09 
2.567 	 1.33953e-09 	 5.63965e-09 
2.569 	 1.37539e-09 	 5.79665e-09 
2.571 	 1.40955e-09 	 5.94673e-09 
2.573 	 1.44146e-09 	 6.08752e-09 
2.575 	 1.47055e-09 	 6.21650e-09 
2.577 	 1.49620e-09 	 6.33107e-09 
2.579 	 1.51781e-09 	 6.42864e-09 
2.581 	 1.53481e-09 	 6.50671e-09 
2.583 	 1.54668e-09 	 6.56302e-09 
2.585 	 1.55297e-09 	 6.59564e-09 
2.587 	 1.55336e-09 	 6.60308e-09 
2.589 	 1.54763e-09 	 6.58442e-09 
2.591 	 1.53573e-09 	 6.53933e-09 
2.593 	 1.51774e-09 	 6.46815e-09 
2.595 	 1.49390e-09 	 6.37187e-09 
2.597 	 1.46460e-09 	 6.25207e-09 
2.599 	 1.43034e-09 	 6.11089e-09 
2.601 	 1.39173e-09 	 5.95084e-09 
2.603 	 1.34942e-09 	 5.77478e-09 
2.605 	 1.30414e-09 	 5.58569e-09 
2.607 	 1.25659e-09 	 5.38661e-09 
2.609 	 1.20746e-09 	 5.18051e-09 
2.611 	 1.15742e-09 	 4.97017e-09 
2.613 	 1.10707e-09 	 4.75818e-09 
2.615 	 1.05693e-09 	 4.54680e-09 
2.618 	 1.00747e-09 	 4.33801e-09 
2.620 	 9.59064e-10 	 4.13347e-09 
2.622 	 9.12037e-10 	 3.93453e-09 
2.624 	 8.66629e-10 	 3.74226e-09 
2.626 	 8.23023e-10 	 3.55746e-09 
2.628 	 7.81350e-10 	 3.38069e-09 
2.630 	 7.41690e-10 	 3.21234e-09 
2.632 	 7.04085e-10 	 3.05260e-09 
2.634 	 6.68545e-10 	 2.90152e-09 
2.636 	 6.35050e-10 	 2.75905e-09 
2.638 	 6.03560e-10 	 2.62503e-09 
2.640 	 5.74018e-10 	 2.49922e-09 
2.642 	 5.46352e-10 	 2.38135e-09 
2.644 	 5.20480e-10 	 2.27107e-09 
2.646 	 4.96312e-10 	 2.16801e-09 
2.648 	 4.73750e-10 	 2.07177e-09 
2.650 	 4.52692e-10 	 1.98190e-09 
2.652 	 4.33030e-10 	 1.89797e-09 
2.654 	 4.14654e-10 	 1.81950e-09 
2.656 	 3.97450e-10 	 1.74601e-09 
2.658 	 3.81302e-10 	 1.67699e-09 
2.660 	 3.66094e-10 	 1.61196e-09 
2.662 	 3.51710e-10 	 1.55041e-09 
2.664 	 3.38040e-10 	 1.49186e-09 
2.666 	 3.24978e-10 	 1.43587e-09 
2.668 	 3.12429e-10 	 1.38200e-09 
2.670 	 3.00310e-10 	 1.32991e-09 
2.672 	 2.88553e-10 	 1.27929e-09 
2.674 	 2.77104e-10 	 1.22991e-09 
2.676 	 2.65929e-10 	 1.18163e-09 
2.678 	 2.55007e-10 	 1.13435e-09 
2.680 	 2.44333e-10 	 1.08806e-09 
2.682 	 2.33912e-10 	 1.04280e-09 
2.684 	 2.23758e-10 	 9.98609e-10 
2.686 	 2.13890e-10 	 9.55593e-10 
2.688 	 2.04327e-10 	 9.13841e-10 
2.690 	 1.95087e-10 	 8.73443e-10 
2.692 	 1.86187e-10 	 8.34477e-10 
2.694 	 1.77640e-10 	 7.97003e-10 
2.696 	 1.69452e-10 	 7.61063e-10 
2.698 	 1.61628e-10 	 7.26677e-10 
2.700 	 1.54166e-10 	 6.93848e-10 
