Energy [eV] EELS_b EELS_a 
2.500 	 2.71861e-06 	 4.19209e-05 
2.502 	 2.80563e-06 	 4.33631e-05 
2.504 	 2.89697e-06 	 4.48788e-05 
2.506 	 2.99289e-06 	 4.64727e-05 
2.508 	 3.09369e-06 	 4.81495e-05 
2.510 	 3.19966e-06 	 4.99144e-05 
2.512 	 3.31111e-06 	 5.17730e-05 
2.514 	 3.42839e-06 	 5.37312e-05 
2.516 	 3.55185e-06 	 5.57950e-05 
2.519 	 3.68187e-06 	 5.79710e-05 
2.521 	 3.81885e-06 	 6.02661e-05 
2.523 	 3.96321e-06 	 6.26875e-05 
2.525 	 4.11539e-06 	 6.52426e-05 
2.527 	 4.27585e-06 	 6.79394e-05 
2.529 	 4.44505e-06 	 7.07859e-05 
2.531 	 4.62349e-06 	 7.37902e-05 
2.533 	 4.81166e-06 	 7.69608e-05 
2.535 	 5.01007e-06 	 8.03059e-05 
2.537 	 5.21920e-06 	 8.38337e-05 
2.539 	 5.43954e-06 	 8.75519e-05 
2.541 	 5.67156e-06 	 9.14679e-05 
2.543 	 5.91566e-06 	 9.55879e-05 
2.545 	 6.17221e-06 	 9.99168e-05 
2.547 	 6.44147e-06 	 1.04458e-04 
2.549 	 6.72360e-06 	 1.09213e-04 
2.551 	 7.01861e-06 	 1.14178e-04 
2.553 	 7.32634e-06 	 1.19350e-04 
2.555 	 7.64637e-06 	 1.24718e-04 
2.557 	 7.97803e-06 	 1.30267e-04 
2.559 	 8.32027e-06 	 1.35975e-04 
2.561 	 8.67168e-06 	 1.41813e-04 
2.563 	 9.03038e-06 	 1.47746e-04 
2.565 	 9.39398e-06 	 1.53725e-04 
2.567 	 9.75950e-06 	 1.59697e-04 
2.569 	 1.01234e-05 	 1.65596e-04 
2.571 	 1.04816e-05 	 1.71347e-04 
2.573 	 1.08292e-05 	 1.76866e-04 
2.575 	 1.11610e-05 	 1.82063e-04 
2.577 	 1.14712e-05 	 1.86843e-04 
2.579 	 1.17540e-05 	 1.91108e-04 
2.581 	 1.20032e-05 	 1.94764e-04 
2.583 	 1.22130e-05 	 1.97723e-04 
2.585 	 1.23780e-05 	 1.99910e-04 
2.587 	 1.24935e-05 	 2.01264e-04 
2.589 	 1.25560e-05 	 2.01744e-04 
2.591 	 1.25632e-05 	 2.01334e-04 
2.593 	 1.25141e-05 	 2.00037e-04 
2.595 	 1.24094e-05 	 1.97885e-04 
2.597 	 1.22514e-05 	 1.94928e-04 
2.599 	 1.20435e-05 	 1.91237e-04 
2.601 	 1.17904e-05 	 1.86897e-04 
2.603 	 1.14977e-05 	 1.82003e-04 
2.605 	 1.11717e-05 	 1.76657e-04 
2.607 	 1.08189e-05 	 1.70958e-04 
2.609 	 1.04457e-05 	 1.65007e-04 
2.611 	 1.00584e-05 	 1.58896e-04 
2.613 	 9.66281e-06 	 1.52708e-04 
2.615 	 9.26425e-06 	 1.46519e-04 
2.618 	 8.86728e-06 	 1.40393e-04 
2.620 	 8.47582e-06 	 1.34383e-04 
2.622 	 8.09311e-06 	 1.28532e-04 
2.624 	 7.72173e-06 	 1.22875e-04 
2.626 	 7.36367e-06 	 1.17438e-04 
2.628 	 7.02041e-06 	 1.12239e-04 
2.630 	 6.69294e-06 	 1.07291e-04 
2.632 	 6.38189e-06 	 1.02600e-04 
2.634 	 6.08755e-06 	 9.81687e-05 
2.636 	 5.80994e-06 	 9.39968e-05 
2.638 	 5.54886e-06 	 9.00800e-05 
2.640 	 5.30396e-06 	 8.64119e-05 
2.642 	 5.07473e-06 	 8.29842e-05 
2.644 	 4.86055e-06 	 7.97873e-05 
2.646 	 4.66070e-06 	 7.68097e-05 
2.648 	 4.47442e-06 	 7.40392e-05 
2.650 	 4.30084e-06 	 7.14621e-05 
2.652 	 4.13905e-06 	 6.90637e-05 
2.654 	 3.98809e-06 	 6.68283e-05 
2.656 	 3.84694e-06 	 6.47392e-05 
2.658 	 3.71456e-06 	 6.27789e-05 
2.660 	 3.58985e-06 	 6.09290e-05 
2.662 	 3.47174e-06 	 5.91711e-05 
2.664 	 3.35914e-06 	 5.74868e-05 
2.666 	 3.25105e-06 	 5.58585e-05 
2.668 	 3.14651e-06 	 5.42700e-05 
2.670 	 3.04469e-06 	 5.27070e-05 
2.672 	 2.94492e-06 	 5.11581e-05 
2.674 	 2.84668e-06 	 4.96150e-05 
2.676 	 2.74962e-06 	 4.80723e-05 
2.678 	 2.65358e-06 	 4.65284e-05 
2.680 	 2.55855e-06 	 4.49842e-05 
2.682 	 2.46465e-06 	 4.34432e-05 
2.684 	 2.37210e-06 	 4.19108e-05 
2.686 	 2.28116e-06 	 4.03931e-05 
2.688 	 2.19212e-06 	 3.88969e-05 
2.690 	 2.10529e-06 	 3.74288e-05 
2.692 	 2.02092e-06 	 3.59947e-05 
2.694 	 1.93924e-06 	 3.45998e-05 
2.696 	 1.86041e-06 	 3.32482e-05 
2.698 	 1.78457e-06 	 3.19431e-05 
2.700 	 1.71178e-06 	 3.06867e-05 
