Energy [eV] Ext Cross [um^2] Abs Cross [um^2] Sca Cross [um^2] 
2.480 	 4.32553e-04 	 3.12166e-04 	 1.20387e-04 
2.443 	 4.56265e-04 	 3.21173e-04 	 1.35092e-04 
2.407 	 4.80519e-04 	 3.30495e-04 	 1.50025e-04 
2.373 	 5.05256e-04 	 3.40127e-04 	 1.65129e-04 
2.339 	 5.30413e-04 	 3.50053e-04 	 1.80361e-04 
2.306 	 5.55945e-04 	 3.60263e-04 	 1.95682e-04 
2.274 	 5.81826e-04 	 3.70765e-04 	 2.11062e-04 
2.243 	 6.08034e-04 	 3.81559e-04 	 2.26474e-04 
2.213 	 6.34545e-04 	 3.92652e-04 	 2.41893e-04 
2.184 	 6.61337e-04 	 4.04034e-04 	 2.57303e-04 
2.155 	 6.88406e-04 	 4.15716e-04 	 2.72689e-04 
2.127 	 7.15764e-04 	 4.27726e-04 	 2.88038e-04 
2.100 	 7.43363e-04 	 4.40034e-04 	 3.03329e-04 
2.074 	 7.71132e-04 	 4.52567e-04 	 3.18566e-04 
2.048 	 7.99150e-04 	 4.65403e-04 	 3.33747e-04 
2.023 	 8.27424e-04 	 4.78561e-04 	 3.48863e-04 
1.998 	 8.55959e-04 	 4.92046e-04 	 3.63913e-04 
1.974 	 8.84765e-04 	 5.05871e-04 	 3.78894e-04 
1.951 	 9.13852e-04 	 5.20054e-04 	 3.93798e-04 
1.928 	 9.43265e-04 	 5.34635e-04 	 4.08630e-04 
1.905 	 9.73087e-04 	 5.49683e-04 	 4.23404e-04 
1.884 	 1.00324e-03 	 5.65067e-04 	 4.38175e-04 
1.862 	 1.03301e-03 	 5.80017e-04 	 4.52989e-04 
1.841 	 1.06255e-03 	 5.94864e-04 	 4.67687e-04 
1.821 	 1.09256e-03 	 6.10298e-04 	 4.82261e-04 
1.801 	 1.12299e-03 	 6.26214e-04 	 4.96772e-04 
1.782 	 1.15371e-03 	 6.42474e-04 	 5.11237e-04 
1.763 	 1.18467e-03 	 6.59005e-04 	 5.25668e-04 
1.744 	 1.21583e-03 	 6.75758e-04 	 5.40070e-04 
1.726 	 1.24713e-03 	 6.92681e-04 	 5.54450e-04 
1.708 	 1.27853e-03 	 7.09719e-04 	 5.68812e-04 
1.690 	 1.30998e-03 	 7.26817e-04 	 5.83158e-04 
1.673 	 1.34140e-03 	 7.43898e-04 	 5.97500e-04 
1.656 	 1.37266e-03 	 7.60809e-04 	 6.11848e-04 
1.640 	 1.40357e-03 	 7.77356e-04 	 6.26210e-04 
1.623 	 1.43387e-03 	 7.93281e-04 	 6.40593e-04 
1.608 	 1.46322e-03 	 8.08218e-04 	 6.55005e-04 
1.592 	 1.49108e-03 	 8.21622e-04 	 6.69459e-04 
1.577 	 1.51664e-03 	 8.32676e-04 	 6.83968e-04 
1.562 	 1.53867e-03 	 8.40118e-04 	 6.98550e-04 
1.547 	 1.55516e-03 	 8.41939e-04 	 7.13223e-04 
1.533 	 1.56288e-03 	 8.34870e-04 	 7.28012e-04 
1.519 	 1.55644e-03 	 8.13488e-04 	 7.42951e-04 
1.505 	 1.52692e-03 	 7.68851e-04 	 7.58073e-04 
1.491 	 1.46089e-03 	 6.87496e-04 	 7.73395e-04 
1.478 	 1.34531e-03 	 5.56482e-04 	 7.88826e-04 
1.464 	 1.19799e-03 	 3.94032e-04 	 8.03961e-04 
1.452 	 1.12389e-03 	 3.05798e-04 	 8.18090e-04 
1.439 	 1.23333e-03 	 4.02040e-04 	 8.31293e-04 
1.426 	 1.45324e-03 	 6.08526e-04 	 8.44717e-04 
1.414 	 1.66243e-03 	 8.03512e-04 	 8.58916e-04 
1.402 	 1.82558e-03 	 9.51845e-04 	 8.73739e-04 
1.390 	 1.95070e-03 	 1.06174e-03 	 8.88960e-04 
1.379 	 2.05084e-03 	 1.14640e-03 	 9.04446e-04 
1.367 	 2.13545e-03 	 1.21532e-03 	 9.20135e-04 
1.356 	 2.21045e-03 	 1.27444e-03 	 9.36002e-04 
1.345 	 2.27945e-03 	 1.32742e-03 	 9.52038e-04 
1.334 	 2.34474e-03 	 1.37650e-03 	 9.68243e-04 
1.323 	 2.40776e-03 	 1.42314e-03 	 9.84622e-04 
1.313 	 2.46947e-03 	 1.46829e-03 	 1.00118e-03 
1.302 	 2.53053e-03 	 1.51260e-03 	 1.01793e-03 
1.292 	 2.59139e-03 	 1.55652e-03 	 1.03487e-03 
1.282 	 2.65240e-03 	 1.60039e-03 	 1.05201e-03 
1.272 	 2.71380e-03 	 1.64443e-03 	 1.06937e-03 
1.262 	 2.77580e-03 	 1.68884e-03 	 1.08696e-03 
1.253 	 2.83853e-03 	 1.73376e-03 	 1.10477e-03 
1.243 	 2.90214e-03 	 1.77931e-03 	 1.12284e-03 
1.234 	 2.96673e-03 	 1.82558e-03 	 1.14115e-03 
1.225 	 3.03238e-03 	 1.87265e-03 	 1.15972e-03 
1.216 	 3.09918e-03 	 1.92061e-03 	 1.17858e-03 
1.207 	 3.16721e-03 	 1.96950e-03 	 1.19771e-03 
1.198 	 3.23654e-03 	 2.01939e-03 	 1.21715e-03 
1.189 	 3.30722e-03 	 2.07033e-03 	 1.23689e-03 
1.181 	 3.37933e-03 	 2.12238e-03 	 1.25695e-03 
1.172 	 3.45291e-03 	 2.17556e-03 	 1.27735e-03 
1.164 	 3.52803e-03 	 2.22994e-03 	 1.29810e-03 
1.156 	 3.60473e-03 	 2.28552e-03 	 1.31921e-03 
1.148 	 3.68305e-03 	 2.34235e-03 	 1.34069e-03 
1.140 	 3.76302e-03 	 2.40045e-03 	 1.36257e-03 
1.132 	 3.84470e-03 	 2.45987e-03 	 1.38483e-03 
1.124 	 3.92820e-03 	 2.52070e-03 	 1.40750e-03 
1.117 	 4.01361e-03 	 2.58303e-03 	 1.43057e-03 
1.109 	 4.10102e-03 	 2.64694e-03 	 1.45408e-03 
1.102 	 4.19050e-03 	 2.71246e-03 	 1.47804e-03 
1.094 	 4.28211e-03 	 2.77964e-03 	 1.50247e-03 
1.087 	 4.37589e-03 	 2.84850e-03 	 1.52739e-03 
1.080 	 4.47193e-03 	 2.91910e-03 	 1.55283e-03 
1.073 	 4.57028e-03 	 2.99149e-03 	 1.57879e-03 
1.066 	 4.67101e-03 	 3.06572e-03 	 1.60529e-03 
1.059 	 4.77421e-03 	 3.14185e-03 	 1.63237e-03 
1.052 	 4.87996e-03 	 3.21993e-03 	 1.66003e-03 
1.046 	 4.98833e-03 	 3.30004e-03 	 1.68830e-03 
1.039 	 5.09942e-03 	 3.38223e-03 	 1.71719e-03 
1.032 	 5.21331e-03 	 3.46658e-03 	 1.74674e-03 
1.026 	 5.33011e-03 	 3.55315e-03 	 1.77696e-03 
1.020 	 5.44989e-03 	 3.64201e-03 	 1.80788e-03 
1.013 	 5.57278e-03 	 3.73326e-03 	 1.83952e-03 
1.007 	 5.69886e-03 	 3.82695e-03 	 1.87191e-03 
1.001 	 5.82826e-03 	 3.92318e-03 	 1.90508e-03 
0.995 	 5.96109e-03 	 4.02203e-03 	 1.93906e-03 
0.989 	 6.09747e-03 	 4.12359e-03 	 1.97387e-03 
0.983 	 6.23751e-03 	 4.22796e-03 	 2.00955e-03 
0.977 	 6.38136e-03 	 4.33522e-03 	 2.04614e-03 
0.971 	 6.52914e-03 	 4.44548e-03 	 2.08366e-03 
0.966 	 6.68099e-03 	 4.55885e-03 	 2.12214e-03 
0.960 	 6.83707e-03 	 4.67543e-03 	 2.16164e-03 
0.955 	 6.99752e-03 	 4.79535e-03 	 2.20218e-03 
0.949 	 7.16251e-03 	 4.91871e-03 	 2.24380e-03 
0.944 	 7.33220e-03 	 5.04564e-03 	 2.28656e-03 
0.938 	 7.50677e-03 	 5.17628e-03 	 2.33048e-03 
0.933 	 7.68639e-03 	 5.31077e-03 	 2.37563e-03 
0.928 	 7.87127e-03 	 5.44923e-03 	 2.42204e-03 
0.922 	 8.06161e-03 	 5.59184e-03 	 2.46977e-03 
0.917 	 8.25760e-03 	 5.73873e-03 	 2.51887e-03 
0.912 	 8.45948e-03 	 5.89008e-03 	 2.56941e-03 
0.907 	 8.66748e-03 	 6.04605e-03 	 2.62143e-03 
0.902 	 8.88183e-03 	 6.20684e-03 	 2.67499e-03 
0.897 	 9.10280e-03 	 6.37262e-03 	 2.73018e-03 
0.892 	 9.33064e-03 	 6.54360e-03 	 2.78704e-03 
0.888 	 9.56564e-03 	 6.71998e-03 	 2.84566e-03 
0.883 	 9.80809e-03 	 6.90199e-03 	 2.90610e-03 
0.878 	 1.00583e-02 	 7.08984e-03 	 2.96845e-03 
0.873 	 1.03166e-02 	 7.28380e-03 	 3.03280e-03 
0.869 	 1.05833e-02 	 7.48411e-03 	 3.09923e-03 
0.864 	 1.08589e-02 	 7.69105e-03 	 3.16783e-03 
0.860 	 1.11436e-02 	 7.90489e-03 	 3.23871e-03 
0.855 	 1.14379e-02 	 8.12595e-03 	 3.31196e-03 
0.851 	 1.17422e-02 	 8.35453e-03 	 3.38771e-03 
0.847 	 1.20570e-02 	 8.59096e-03 	 3.46607e-03 
0.842 	 1.23828e-02 	 8.83561e-03 	 3.54715e-03 
0.838 	 1.27199e-02 	 9.08884e-03 	 3.63110e-03 
0.834 	 1.30691e-02 	 9.35104e-03 	 3.71804e-03 
0.829 	 1.34308e-02 	 9.62263e-03 	 3.80812e-03 
0.825 	 1.38055e-02 	 9.90405e-03 	 3.90150e-03 
0.821 	 1.41941e-02 	 1.01958e-02 	 3.99833e-03 
0.817 	 1.45970e-02 	 1.04982e-02 	 4.09880e-03 
0.813 	 1.50151e-02 	 1.08120e-02 	 4.20308e-03 
0.809 	 1.54491e-02 	 1.11377e-02 	 4.31138e-03 
0.805 	 1.58997e-02 	 1.14758e-02 	 4.42390e-03 
0.801 	 1.63679e-02 	 1.18270e-02 	 4.54086e-03 
0.797 	 1.68545e-02 	 1.21920e-02 	 4.66252e-03 
0.793 	 1.73606e-02 	 1.25714e-02 	 4.78912e-03 
0.790 	 1.78870e-02 	 1.29661e-02 	 4.92095e-03 
0.786 	 1.84351e-02 	 1.33768e-02 	 5.05828e-03 
0.782 	 1.90059e-02 	 1.38045e-02 	 5.20144e-03 
0.778 	 1.96007e-02 	 1.42499e-02 	 5.35077e-03 
0.775 	 2.02209e-02 	 1.47142e-02 	 5.50661e-03 
0.771 	 2.08678e-02 	 1.51984e-02 	 5.66936e-03 
0.768 	 2.15431e-02 	 1.57037e-02 	 5.83942e-03 
0.764 	 2.22484e-02 	 1.62312e-02 	 6.01724e-03 
0.760 	 2.29855e-02 	 1.67822e-02 	 6.20330e-03 
0.757 	 2.37563e-02 	 1.73582e-02 	 6.39809e-03 
0.753 	 2.45628e-02 	 1.79606e-02 	 6.60218e-03 
0.750 	 2.54073e-02 	 1.85911e-02 	 6.81616e-03 
0.747 	 2.62922e-02 	 1.92515e-02 	 7.04067e-03 
0.743 	 2.72200e-02 	 1.99436e-02 	 7.27641e-03 
0.740 	 2.81936e-02 	 2.06695e-02 	 7.52413e-03 
0.737 	 2.92160e-02 	 2.14313e-02 	 7.78465e-03 
0.733 	 3.02904e-02 	 2.22315e-02 	 8.05886e-03 
0.730 	 3.14204e-02 	 2.30727e-02 	 8.34772e-03 
0.727 	 3.26100e-02 	 2.39577e-02 	 8.65229e-03 
0.724 	 3.38632e-02 	 2.48895e-02 	 8.97370e-03 
0.720 	 3.51847e-02 	 2.58715e-02 	 9.31322e-03 
0.717 	 3.65795e-02 	 2.69073e-02 	 9.67219e-03 
0.714 	 3.80529e-02 	 2.80008e-02 	 1.00521e-02 
0.711 	 3.96111e-02 	 2.91565e-02 	 1.04546e-02 
0.708 	 4.12605e-02 	 3.03790e-02 	 1.08816e-02 
0.705 	 4.30083e-02 	 3.16735e-02 	 1.13348e-02 
0.702 	 4.48622e-02 	 3.30457e-02 	 1.18166e-02 
0.699 	 4.68311e-02 	 3.45018e-02 	 1.23293e-02 
0.696 	 4.89243e-02 	 3.60488e-02 	 1.28755e-02 
0.693 	 5.11524e-02 	 3.76943e-02 	 1.34581e-02 
0.690 	 5.35270e-02 	 3.94465e-02 	 1.40805e-02 
0.687 	 5.60609e-02 	 4.13148e-02 	 1.47460e-02 
0.684 	 5.87683e-02 	 4.33095e-02 	 1.54588e-02 
0.682 	 6.16651e-02 	 4.54418e-02 	 1.62233e-02 
0.679 	 6.47688e-02 	 4.77245e-02 	 1.70443e-02 
0.676 	 6.80990e-02 	 5.01717e-02 	 1.79273e-02 
0.673 	 7.16776e-02 	 5.27990e-02 	 1.88786e-02 
0.671 	 7.55289e-02 	 5.56240e-02 	 1.99050e-02 
0.668 	 7.96804e-02 	 5.86662e-02 	 2.10142e-02 
0.665 	 8.41626e-02 	 6.19476e-02 	 2.22150e-02 
0.662 	 8.90100e-02 	 6.54929e-02 	 2.35171e-02 
0.660 	 9.42613e-02 	 6.93296e-02 	 2.49317e-02 
0.657 	 9.99600e-02 	 7.34889e-02 	 2.64711e-02 
0.655 	 1.06155e-01 	 7.80057e-02 	 2.81494e-02 
0.652 	 1.12902e-01 	 8.29193e-02 	 2.99826e-02 
0.649 	 1.20263e-01 	 8.82739e-02 	 3.19886e-02 
0.647 	 1.28307e-01 	 9.41195e-02 	 3.41880e-02 
0.644 	 1.37116e-01 	 1.00512e-01 	 3.66037e-02 
0.642 	 1.46776e-01 	 1.07514e-01 	 3.92618e-02 
0.639 	 1.57388e-01 	 1.15196e-01 	 4.21916e-02 
0.637 	 1.69062e-01 	 1.23636e-01 	 4.54260e-02 
0.634 	 1.81923e-01 	 1.32921e-01 	 4.90019e-02 
0.632 	 1.96105e-01 	 1.43145e-01 	 5.29598e-02 
0.629 	 2.11754e-01 	 1.54409e-01 	 5.73443e-02 
0.627 	 2.29026e-01 	 1.66823e-01 	 6.22032e-02 
0.625 	 2.48081e-01 	 1.80495e-01 	 6.75868e-02 
0.622 	 2.69078e-01 	 1.95532e-01 	 7.35457e-02 
0.620 	 2.92160e-01 	 2.12032e-01 	 8.01279e-02 
