Energy [eV] EELS_b EELS_a 
2.500 	 2.04688e-09 	 8.38732e-09 
2.502 	 2.09919e-09 	 8.61118e-09 
2.504 	 2.15387e-09 	 8.84527e-09 
2.506 	 2.21104e-09 	 9.09014e-09 
2.508 	 2.27083e-09 	 9.34637e-09 
2.510 	 2.33339e-09 	 9.61457e-09 
2.512 	 2.39886e-09 	 9.89539e-09 
2.514 	 2.46738e-09 	 1.01895e-08 
2.516 	 2.53911e-09 	 1.04975e-08 
2.519 	 2.61422e-09 	 1.08203e-08 
2.521 	 2.69286e-09 	 1.11584e-08 
2.523 	 2.77521e-09 	 1.15127e-08 
2.525 	 2.86143e-09 	 1.18840e-08 
2.527 	 2.95169e-09 	 1.22729e-08 
2.529 	 3.04616e-09 	 1.26803e-08 
2.531 	 3.14500e-09 	 1.31068e-08 
2.533 	 3.24835e-09 	 1.35533e-08 
2.535 	 3.35637e-09 	 1.40203e-08 
2.537 	 3.46916e-09 	 1.45085e-08 
2.539 	 3.58683e-09 	 1.50182e-08 
2.541 	 3.70942e-09 	 1.55499e-08 
2.543 	 3.83697e-09 	 1.61037e-08 
2.545 	 3.96944e-09 	 1.66796e-08 
2.547 	 4.10672e-09 	 1.72771e-08 
2.549 	 4.24862e-09 	 1.78957e-08 
2.551 	 4.39487e-09 	 1.85341e-08 
2.553 	 4.54508e-09 	 1.91909e-08 
2.555 	 4.69872e-09 	 1.98638e-08 
2.557 	 4.85510e-09 	 2.05500e-08 
2.559 	 5.01337e-09 	 2.12459e-08 
2.561 	 5.17248e-09 	 2.19472e-08 
2.563 	 5.33120e-09 	 2.26485e-08 
2.565 	 5.48805e-09 	 2.33435e-08 
2.567 	 5.64135e-09 	 2.40249e-08 
2.569 	 5.78920e-09 	 2.46847e-08 
2.571 	 5.92951e-09 	 2.53137e-08 
2.573 	 6.06003e-09 	 2.59021e-08 
2.575 	 6.17839e-09 	 2.64396e-08 
2.577 	 6.28219e-09 	 2.69155e-08 
2.579 	 6.36903e-09 	 2.73194e-08 
2.581 	 6.43669e-09 	 2.76412e-08 
2.583 	 6.48315e-09 	 2.78720e-08 
2.585 	 6.50675e-09 	 2.80042e-08 
2.587 	 6.50624e-09 	 2.80321e-08 
2.589 	 6.48091e-09 	 2.79522e-08 
2.591 	 6.43061e-09 	 2.77637e-08 
2.593 	 6.35581e-09 	 2.74681e-08 
2.595 	 6.25753e-09 	 2.70697e-08 
2.597 	 6.13736e-09 	 2.65751e-08 
2.599 	 5.99733e-09 	 2.59929e-08 
2.601 	 5.83986e-09 	 2.53335e-08 
2.603 	 5.66760e-09 	 2.46082e-08 
2.605 	 5.48336e-09 	 2.38293e-08 
2.607 	 5.28994e-09 	 2.30089e-08 
2.609 	 5.09010e-09 	 2.21589e-08 
2.611 	 4.88642e-09 	 2.12906e-08 
2.613 	 4.68128e-09 	 2.04144e-08 
2.615 	 4.47679e-09 	 1.95396e-08 
2.618 	 4.27479e-09 	 1.86742e-08 
2.620 	 4.07682e-09 	 1.78250e-08 
2.622 	 3.88415e-09 	 1.69976e-08 
2.624 	 3.69778e-09 	 1.61965e-08 
2.626 	 3.51847e-09 	 1.54251e-08 
2.628 	 3.34678e-09 	 1.46858e-08 
2.630 	 3.18307e-09 	 1.39804e-08 
2.632 	 3.02754e-09 	 1.33098e-08 
2.634 	 2.88025e-09 	 1.26744e-08 
2.636 	 2.74118e-09 	 1.20741e-08 
2.638 	 2.61018e-09 	 1.15083e-08 
2.640 	 2.48706e-09 	 1.09764e-08 
2.642 	 2.37154e-09 	 1.04771e-08 
2.644 	 2.26333e-09 	 1.00093e-08 
2.646 	 2.16207e-09 	 9.57135e-09 
2.648 	 2.06738e-09 	 9.16177e-09 
2.650 	 1.97886e-09 	 8.77879e-09 
2.652 	 1.89608e-09 	 8.42058e-09 
2.654 	 1.81859e-09 	 8.08520e-09 
2.656 	 1.74593e-09 	 7.77063e-09 
2.658 	 1.67761e-09 	 7.47480e-09 
2.660 	 1.61316e-09 	 7.19559e-09 
2.662 	 1.55209e-09 	 6.93091e-09 
2.664 	 1.49395e-09 	 6.67870e-09 
2.666 	 1.43827e-09 	 6.43699e-09 
2.668 	 1.38467e-09 	 6.20401e-09 
2.670 	 1.33279e-09 	 5.97819e-09 
2.672 	 1.28234e-09 	 5.75825e-09 
2.674 	 1.23310e-09 	 5.54322e-09 
2.676 	 1.18492e-09 	 5.33245e-09 
2.678 	 1.13772e-09 	 5.12560e-09 
2.680 	 1.09150e-09 	 4.92263e-09 
2.682 	 1.04627e-09 	 4.72368e-09 
2.684 	 1.00211e-09 	 4.52910e-09 
2.686 	 9.59110e-10 	 4.33931e-09 
2.688 	 9.17364e-10 	 4.15476e-09 
2.690 	 8.76961e-10 	 3.97589e-09 
2.692 	 8.37982e-10 	 3.80308e-09 
2.694 	 8.00487e-10 	 3.63664e-09 
2.696 	 7.64519e-10 	 3.47677e-09 
2.698 	 7.30098e-10 	 3.32361e-09 
2.700 	 6.97229e-10 	 3.17720e-09 
