Energy [eV] EELS_b EELS_a 
2.500 	 2.49843e-11 	 9.96235e-11 
2.502 	 2.55681e-11 	 1.02055e-10 
2.504 	 2.61792e-11 	 1.04601e-10 
2.506 	 2.68189e-11 	 1.07265e-10 
2.508 	 2.74889e-11 	 1.10056e-10 
2.510 	 2.81907e-11 	 1.12980e-10 
2.512 	 2.89261e-11 	 1.16044e-10 
2.514 	 2.96969e-11 	 1.19256e-10 
2.516 	 3.05048e-11 	 1.22624e-10 
2.519 	 3.13518e-11 	 1.26155e-10 
2.521 	 3.22398e-11 	 1.29858e-10 
2.523 	 3.31710e-11 	 1.33741e-10 
2.525 	 3.41472e-11 	 1.37814e-10 
2.527 	 3.51706e-11 	 1.42085e-10 
2.529 	 3.62432e-11 	 1.46563e-10 
2.531 	 3.73669e-11 	 1.51256e-10 
2.533 	 3.85437e-11 	 1.56172e-10 
2.535 	 3.97752e-11 	 1.61319e-10 
2.537 	 4.10629e-11 	 1.66705e-10 
2.539 	 4.24082e-11 	 1.72333e-10 
2.541 	 4.38117e-11 	 1.78208e-10 
2.543 	 4.52738e-11 	 1.84332e-10 
2.545 	 4.67941e-11 	 1.90704e-10 
2.547 	 4.83713e-11 	 1.97320e-10 
2.549 	 5.00033e-11 	 2.04171e-10 
2.551 	 5.16866e-11 	 2.11243e-10 
2.553 	 5.34162e-11 	 2.18517e-10 
2.555 	 5.51856e-11 	 2.25966e-10 
2.557 	 5.69862e-11 	 2.33555e-10 
2.559 	 5.88069e-11 	 2.41240e-10 
2.561 	 6.06346e-11 	 2.48967e-10 
2.563 	 6.24530e-11 	 2.56669e-10 
2.565 	 6.42431e-11 	 2.64268e-10 
2.567 	 6.59832e-11 	 2.71675e-10 
2.569 	 6.76485e-11 	 2.78786e-10 
2.571 	 6.92118e-11 	 2.85490e-10 
2.573 	 7.06438e-11 	 2.91664e-10 
2.575 	 7.19140e-11 	 2.97182e-10 
2.577 	 7.29912e-11 	 3.01914e-10 
2.579 	 7.38455e-11 	 3.05733e-10 
2.581 	 7.44489e-11 	 3.08522e-10 
2.583 	 7.47772e-11 	 3.10179e-10 
2.585 	 7.48113e-11 	 3.10621e-10 
2.587 	 7.45388e-11 	 3.09794e-10 
2.589 	 7.39545e-11 	 3.07672e-10 
2.591 	 7.30613e-11 	 3.04264e-10 
2.593 	 7.18703e-11 	 2.99612e-10 
2.595 	 7.04001e-11 	 2.93791e-10 
2.597 	 6.86764e-11 	 2.86902e-10 
2.599 	 6.67300e-11 	 2.79071e-10 
2.601 	 6.45957e-11 	 2.70439e-10 
2.603 	 6.23104e-11 	 2.61160e-10 
2.605 	 5.99116e-11 	 2.51385e-10 
2.607 	 5.74357e-11 	 2.41267e-10 
2.609 	 5.49170e-11 	 2.30948e-10 
2.611 	 5.23868e-11 	 2.20557e-10 
2.613 	 4.98725e-11 	 2.10212e-10 
2.615 	 4.73979e-11 	 2.00010e-10 
2.618 	 4.49824e-11 	 1.90034e-10 
2.620 	 4.26416e-11 	 1.80353e-10 
2.622 	 4.03877e-11 	 1.71016e-10 
2.624 	 3.82294e-11 	 1.62062e-10 
2.626 	 3.61725e-11 	 1.53518e-10 
2.628 	 3.42205e-11 	 1.45400e-10 
2.630 	 3.23747e-11 	 1.37715e-10 
2.632 	 3.06351e-11 	 1.30464e-10 
2.634 	 2.89999e-11 	 1.23641e-10 
2.636 	 2.74666e-11 	 1.17237e-10 
2.638 	 2.60317e-11 	 1.11238e-10 
2.640 	 2.46913e-11 	 1.05630e-10 
2.642 	 2.34408e-11 	 1.00394e-10 
2.644 	 2.22755e-11 	 9.55109e-11 
2.646 	 2.11905e-11 	 9.09610e-11 
2.648 	 2.01805e-11 	 8.67233e-11 
2.650 	 1.92404e-11 	 8.27760e-11 
2.652 	 1.83647e-11 	 7.90972e-11 
2.654 	 1.75480e-11 	 7.56644e-11 
2.656 	 1.67849e-11 	 7.24551e-11 
2.658 	 1.60700e-11 	 6.94463e-11 
2.660 	 1.53978e-11 	 6.66157e-11 
2.662 	 1.47632e-11 	 6.39410e-11 
2.664 	 1.41611e-11 	 6.14010e-11 
2.666 	 1.35868e-11 	 5.89758e-11 
2.668 	 1.30361e-11 	 5.66475e-11 
2.670 	 1.25054e-11 	 5.44006e-11 
2.672 	 1.19916e-11 	 5.22223e-11 
2.674 	 1.14925e-11 	 5.01029e-11 
2.676 	 1.10065e-11 	 4.80359e-11 
2.678 	 1.05328e-11 	 4.60176e-11 
2.680 	 1.00710e-11 	 4.40472e-11 
2.682 	 9.62142e-12 	 4.21256e-11 
2.684 	 9.18453e-12 	 4.02553e-11 
2.686 	 8.76104e-12 	 3.84397e-11 
2.688 	 8.35172e-12 	 3.66822e-11 
2.690 	 7.95726e-12 	 3.49863e-11 
2.692 	 7.57825e-12 	 3.33547e-11 
2.694 	 7.21512e-12 	 3.17895e-11 
2.696 	 6.86809e-12 	 3.02919e-11 
2.698 	 6.53721e-12 	 2.88625e-11 
2.700 	 6.22235e-12 	 2.75008e-11 
