Energy [eV] EELS_b EELS_a 
2.500 	 7.38569e-10 	 3.00478e-09 
2.502 	 7.56902e-10 	 3.08280e-09 
2.504 	 7.76070e-10 	 3.16440e-09 
2.506 	 7.96116e-10 	 3.24977e-09 
2.508 	 8.17089e-10 	 3.33912e-09 
2.510 	 8.39037e-10 	 3.43267e-09 
2.512 	 8.62012e-10 	 3.53063e-09 
2.514 	 8.86067e-10 	 3.63324e-09 
2.516 	 9.11259e-10 	 3.74076e-09 
2.519 	 9.37645e-10 	 3.85342e-09 
2.521 	 9.65284e-10 	 3.97150e-09 
2.523 	 9.94237e-10 	 4.09527e-09 
2.525 	 1.02457e-09 	 4.22499e-09 
2.527 	 1.05633e-09 	 4.36095e-09 
2.529 	 1.08960e-09 	 4.50342e-09 
2.531 	 1.12442e-09 	 4.65266e-09 
2.533 	 1.16086e-09 	 4.80894e-09 
2.535 	 1.19897e-09 	 4.97251e-09 
2.537 	 1.23879e-09 	 5.14357e-09 
2.539 	 1.28037e-09 	 5.32233e-09 
2.541 	 1.32373e-09 	 5.50892e-09 
2.543 	 1.36889e-09 	 5.70341e-09 
2.545 	 1.41584e-09 	 5.90582e-09 
2.547 	 1.46455e-09 	 6.11605e-09 
2.549 	 1.51497e-09 	 6.33390e-09 
2.551 	 1.56700e-09 	 6.55899e-09 
2.553 	 1.62052e-09 	 6.79082e-09 
2.555 	 1.67535e-09 	 7.02866e-09 
2.557 	 1.73126e-09 	 7.27154e-09 
2.559 	 1.78796e-09 	 7.51823e-09 
2.561 	 1.84508e-09 	 7.76721e-09 
2.563 	 1.90219e-09 	 8.01663e-09 
2.565 	 1.95877e-09 	 8.26428e-09 
2.567 	 2.01421e-09 	 8.50761e-09 
2.569 	 2.06785e-09 	 8.74370e-09 
2.571 	 2.11891e-09 	 8.96931e-09 
2.573 	 2.16660e-09 	 9.18089e-09 
2.575 	 2.21003e-09 	 9.37471e-09 
2.577 	 2.24831e-09 	 9.54688e-09 
2.579 	 2.28056e-09 	 9.69356e-09 
2.581 	 2.30593e-09 	 9.81104e-09 
2.583 	 2.32365e-09 	 9.89596e-09 
2.585 	 2.33308e-09 	 9.94547e-09 
2.587 	 2.33372e-09 	 9.95738e-09 
2.589 	 2.32529e-09 	 9.93031e-09 
2.591 	 2.30767e-09 	 9.86380e-09 
2.593 	 2.28102e-09 	 9.75835e-09 
2.595 	 2.24569e-09 	 9.61541e-09 
2.597 	 2.20225e-09 	 9.43734e-09 
2.599 	 2.15143e-09 	 9.22728e-09 
2.601 	 2.09412e-09 	 8.98898e-09 
2.603 	 2.03131e-09 	 8.72663e-09 
2.605 	 1.96404e-09 	 8.44467e-09 
2.607 	 1.89336e-09 	 8.14761e-09 
2.609 	 1.82029e-09 	 7.83984e-09 
2.611 	 1.74582e-09 	 7.52553e-09 
2.613 	 1.67082e-09 	 7.20849e-09 
2.615 	 1.59608e-09 	 6.89213e-09 
2.618 	 1.52230e-09 	 6.57940e-09 
2.620 	 1.45004e-09 	 6.27279e-09 
2.622 	 1.37978e-09 	 5.97435e-09 
2.624 	 1.31188e-09 	 5.68569e-09 
2.626 	 1.24663e-09 	 5.40803e-09 
2.628 	 1.18422e-09 	 5.14224e-09 
2.630 	 1.12478e-09 	 4.88892e-09 
2.632 	 1.06837e-09 	 4.64838e-09 
2.634 	 1.01503e-09 	 4.42074e-09 
2.636 	 9.64713e-10 	 4.20591e-09 
2.638 	 9.17381e-10 	 4.00370e-09 
2.640 	 8.72946e-10 	 3.81378e-09 
2.642 	 8.31306e-10 	 3.63572e-09 
2.644 	 7.92343e-10 	 3.46904e-09 
2.646 	 7.55925e-10 	 3.31319e-09 
2.648 	 7.21909e-10 	 3.16757e-09 
2.650 	 6.90142e-10 	 3.03154e-09 
2.652 	 6.60468e-10 	 2.90443e-09 
2.654 	 6.32720e-10 	 2.78554e-09 
2.656 	 6.06729e-10 	 2.67414e-09 
2.658 	 5.82322e-10 	 2.56949e-09 
2.660 	 5.59323e-10 	 2.47082e-09 
2.662 	 5.37561e-10 	 2.37740e-09 
2.664 	 5.16868e-10 	 2.28850e-09 
2.666 	 4.97085e-10 	 2.20342e-09 
2.668 	 4.78068e-10 	 2.12154e-09 
2.670 	 4.59693e-10 	 2.04231e-09 
2.672 	 4.41855e-10 	 1.96527e-09 
2.674 	 4.24475e-10 	 1.89009e-09 
2.676 	 4.07500e-10 	 1.81652e-09 
2.678 	 3.90901e-10 	 1.74445e-09 
2.680 	 3.74669e-10 	 1.67384e-09 
2.682 	 3.58813e-10 	 1.60475e-09 
2.684 	 3.43356e-10 	 1.53727e-09 
2.686 	 3.28326e-10 	 1.47155e-09 
2.688 	 3.13753e-10 	 1.40773e-09 
2.690 	 2.99668e-10 	 1.34595e-09 
2.692 	 2.86094e-10 	 1.28633e-09 
2.694 	 2.73053e-10 	 1.22898e-09 
2.696 	 2.60555e-10 	 1.17395e-09 
2.698 	 2.48607e-10 	 1.12128e-09 
2.700 	 2.37208e-10 	 1.07097e-09 
