Energy [eV] EELS_b EELS_a 
2.500 	 2.96943e-12 	 1.16943e-11 
2.502 	 3.03400e-12 	 1.19607e-11 
2.504 	 3.10154e-12 	 1.22392e-11 
2.506 	 3.17218e-12 	 1.25305e-11 
2.508 	 3.24608e-12 	 1.28353e-11 
2.510 	 3.32342e-12 	 1.31543e-11 
2.512 	 3.40437e-12 	 1.34882e-11 
2.514 	 3.48909e-12 	 1.38378e-11 
2.516 	 3.57777e-12 	 1.42037e-11 
2.519 	 3.67061e-12 	 1.45869e-11 
2.521 	 3.76778e-12 	 1.49881e-11 
2.523 	 3.86949e-12 	 1.54081e-11 
2.525 	 3.97591e-12 	 1.58477e-11 
2.527 	 4.08724e-12 	 1.63078e-11 
2.529 	 4.20366e-12 	 1.67891e-11 
2.531 	 4.32532e-12 	 1.72923e-11 
2.533 	 4.45238e-12 	 1.78182e-11 
2.535 	 4.58496e-12 	 1.83672e-11 
2.537 	 4.72316e-12 	 1.89398e-11 
2.539 	 4.86703e-12 	 1.95364e-11 
2.541 	 5.01657e-12 	 2.01569e-11 
2.543 	 5.17171e-12 	 2.08012e-11 
2.545 	 5.33231e-12 	 2.14688e-11 
2.547 	 5.49812e-12 	 2.21588e-11 
2.549 	 5.66876e-12 	 2.28697e-11 
2.551 	 5.84374e-12 	 2.35997e-11 
2.553 	 6.02238e-12 	 2.43459e-11 
2.555 	 6.20381e-12 	 2.51051e-11 
2.557 	 6.38697e-12 	 2.58729e-11 
2.559 	 6.57055e-12 	 2.66441e-11 
2.561 	 6.75297e-12 	 2.74124e-11 
2.563 	 6.93241e-12 	 2.81702e-11 
2.565 	 7.10674e-12 	 2.89091e-11 
2.567 	 7.27359e-12 	 2.96192e-11 
2.569 	 7.43034e-12 	 3.02899e-11 
2.571 	 7.57416e-12 	 3.09095e-11 
2.573 	 7.70207e-12 	 3.14657e-11 
2.575 	 7.81107e-12 	 3.19460e-11 
2.577 	 7.89817e-12 	 3.23380e-11 
2.579 	 7.96058e-12 	 3.26298e-11 
2.581 	 7.99580e-12 	 3.28111e-11 
2.583 	 8.00180e-12 	 3.28729e-11 
2.585 	 7.97712e-12 	 3.28089e-11 
2.587 	 7.92099e-12 	 3.26153e-11 
2.589 	 7.83338e-12 	 3.22918e-11 
2.591 	 7.71508e-12 	 3.18408e-11 
2.593 	 7.56760e-12 	 3.12683e-11 
2.595 	 7.39321e-12 	 3.05830e-11 
2.597 	 7.19474e-12 	 2.97964e-11 
2.599 	 6.97549e-12 	 2.89217e-11 
2.601 	 6.73905e-12 	 2.79735e-11 
2.603 	 6.48917e-12 	 2.69671e-11 
2.605 	 6.22958e-12 	 2.59178e-11 
2.607 	 5.96386e-12 	 2.48403e-11 
2.609 	 5.69534e-12 	 2.37486e-11 
2.611 	 5.42704e-12 	 2.26551e-11 
2.613 	 5.16159e-12 	 2.15709e-11 
2.615 	 4.90123e-12 	 2.05054e-11 
2.618 	 4.64780e-12 	 1.94664e-11 
2.620 	 4.40275e-12 	 1.84602e-11 
2.622 	 4.16719e-12 	 1.74914e-11 
2.624 	 3.94192e-12 	 1.65637e-11 
2.626 	 3.72745e-12 	 1.56793e-11 
2.628 	 3.52407e-12 	 1.48397e-11 
2.630 	 3.33186e-12 	 1.40452e-11 
2.632 	 3.15076e-12 	 1.32959e-11 
2.634 	 2.98056e-12 	 1.25910e-11 
2.636 	 2.82098e-12 	 1.19294e-11 
2.638 	 2.67163e-12 	 1.13098e-11 
2.640 	 2.53208e-12 	 1.07303e-11 
2.642 	 2.40187e-12 	 1.01892e-11 
2.644 	 2.28050e-12 	 9.68450e-12 
2.646 	 2.16744e-12 	 9.21404e-12 
2.648 	 2.06215e-12 	 8.77568e-12 
2.650 	 1.96410e-12 	 8.36719e-12 
2.652 	 1.87272e-12 	 7.98632e-12 
2.654 	 1.78746e-12 	 7.63075e-12 
2.656 	 1.70777e-12 	 7.29819e-12 
2.658 	 1.63307e-12 	 6.98632e-12 
2.660 	 1.56282e-12 	 6.69285e-12 
2.662 	 1.49650e-12 	 6.41556e-12 
2.664 	 1.43358e-12 	 6.15229e-12 
2.666 	 1.37360e-12 	 5.90107e-12 
2.668 	 1.31612e-12 	 5.66009e-12 
2.670 	 1.26078e-12 	 5.42780e-12 
2.672 	 1.20729e-12 	 5.20293e-12 
2.674 	 1.15540e-12 	 4.98453e-12 
2.676 	 1.10496e-12 	 4.77192e-12 
2.678 	 1.05590e-12 	 4.56476e-12 
2.680 	 1.00816e-12 	 4.36293e-12 
2.682 	 9.61780e-13 	 4.16653e-12 
2.684 	 9.16798e-13 	 3.97577e-12 
2.686 	 8.73280e-13 	 3.79096e-12 
2.688 	 8.31296e-13 	 3.61243e-12 
2.690 	 7.90910e-13 	 3.44046e-12 
2.692 	 7.52171e-13 	 3.27531e-12 
2.694 	 7.15115e-13 	 3.11714e-12 
2.696 	 6.79756e-13 	 2.96605e-12 
2.698 	 6.46092e-13 	 2.82205e-12 
2.700 	 6.14102e-13 	 2.68506e-12 
