Energy [eV] EELS_b EELS_a 
2.500 	 4.08324e-07 	 1.85730e-06 
2.502 	 4.21151e-07 	 1.91730e-06 
2.504 	 4.34612e-07 	 1.98028e-06 
2.506 	 4.48746e-07 	 2.04641e-06 
2.508 	 4.63594e-07 	 2.11590e-06 
2.510 	 4.79200e-07 	 2.18895e-06 
2.512 	 4.95609e-07 	 2.26576e-06 
2.514 	 5.12869e-07 	 2.34656e-06 
2.516 	 5.31032e-07 	 2.43160e-06 
2.519 	 5.50151e-07 	 2.52113e-06 
2.521 	 5.70282e-07 	 2.61540e-06 
2.523 	 5.91483e-07 	 2.71469e-06 
2.525 	 6.13816e-07 	 2.81929e-06 
2.527 	 6.37343e-07 	 2.92949e-06 
2.529 	 6.62129e-07 	 3.04558e-06 
2.531 	 6.88237e-07 	 3.16786e-06 
2.533 	 7.15734e-07 	 3.29665e-06 
2.535 	 7.44683e-07 	 3.43223e-06 
2.537 	 7.75145e-07 	 3.57489e-06 
2.539 	 8.07177e-07 	 3.72490e-06 
2.541 	 8.40830e-07 	 3.88248e-06 
2.543 	 8.76146e-07 	 4.04782e-06 
2.545 	 9.13154e-07 	 4.22106e-06 
2.547 	 9.51864e-07 	 4.40225e-06 
2.549 	 9.92269e-07 	 4.59133e-06 
2.551 	 1.03433e-06 	 4.78814e-06 
2.553 	 1.07799e-06 	 4.99235e-06 
2.555 	 1.12312e-06 	 5.20345e-06 
2.557 	 1.16958e-06 	 5.42072e-06 
2.559 	 1.21715e-06 	 5.64315e-06 
2.561 	 1.26556e-06 	 5.86948e-06 
2.563 	 1.31446e-06 	 6.09810e-06 
2.565 	 1.36342e-06 	 6.32704e-06 
2.567 	 1.41194e-06 	 6.55400e-06 
2.569 	 1.45943e-06 	 6.77625e-06 
2.571 	 1.50522e-06 	 6.99076e-06 
2.573 	 1.54858e-06 	 7.19416e-06 
2.575 	 1.58873e-06 	 7.38284e-06 
2.577 	 1.62483e-06 	 7.55307e-06 
2.579 	 1.65607e-06 	 7.70111e-06 
2.581 	 1.68166e-06 	 7.82339e-06 
2.583 	 1.70090e-06 	 7.91667e-06 
2.585 	 1.71320e-06 	 7.97827e-06 
2.587 	 1.71811e-06 	 8.00614e-06 
2.589 	 1.71538e-06 	 7.99912e-06 
2.591 	 1.70497e-06 	 7.95693e-06 
2.593 	 1.68703e-06 	 7.88026e-06 
2.595 	 1.66193e-06 	 7.77069e-06 
2.597 	 1.63023e-06 	 7.63065e-06 
2.599 	 1.59261e-06 	 7.46324e-06 
2.601 	 1.54989e-06 	 7.27208e-06 
2.603 	 1.50295e-06 	 7.06110e-06 
2.605 	 1.45268e-06 	 6.83435e-06 
2.607 	 1.39997e-06 	 6.59585e-06 
2.609 	 1.34566e-06 	 6.34941e-06 
2.611 	 1.29053e-06 	 6.09857e-06 
2.613 	 1.23527e-06 	 5.84649e-06 
2.615 	 1.18046e-06 	 5.59593e-06 
2.618 	 1.12662e-06 	 5.34920e-06 
2.620 	 1.07414e-06 	 5.10824e-06 
2.622 	 1.02335e-06 	 4.87454e-06 
2.624 	 9.74482e-07 	 4.64929e-06 
2.626 	 9.27716e-07 	 4.43334e-06 
2.628 	 8.83164e-07 	 4.22726e-06 
2.630 	 8.40889e-07 	 4.03141e-06 
2.632 	 8.00914e-07 	 3.84594e-06 
2.634 	 7.63229e-07 	 3.67087e-06 
2.636 	 7.27797e-07 	 3.50606e-06 
2.638 	 6.94562e-07 	 3.35129e-06 
2.640 	 6.63450e-07 	 3.20627e-06 
2.642 	 6.34374e-07 	 3.07062e-06 
2.644 	 6.07239e-07 	 2.94392e-06 
2.646 	 5.81941e-07 	 2.82573e-06 
2.648 	 5.58370e-07 	 2.71554e-06 
2.650 	 5.36409e-07 	 2.61282e-06 
2.652 	 5.15936e-07 	 2.51702e-06 
2.654 	 4.96826e-07 	 2.42755e-06 
2.656 	 4.78947e-07 	 2.34380e-06 
2.658 	 4.62165e-07 	 2.26513e-06 
2.660 	 4.46343e-07 	 2.19090e-06 
2.662 	 4.31345e-07 	 2.12044e-06 
2.664 	 4.17038e-07 	 2.05312e-06 
2.666 	 4.03296e-07 	 1.98833e-06 
2.668 	 3.90002e-07 	 1.92551e-06 
2.670 	 3.77056e-07 	 1.86417e-06 
2.672 	 3.64376e-07 	 1.80390e-06 
2.674 	 3.51900e-07 	 1.74442e-06 
2.676 	 3.39588e-07 	 1.68554e-06 
2.678 	 3.27421e-07 	 1.62716e-06 
2.680 	 3.15400e-07 	 1.56931e-06 
2.682 	 3.03540e-07 	 1.51207e-06 
2.684 	 2.91869e-07 	 1.45558e-06 
2.686 	 2.80419e-07 	 1.40004e-06 
2.688 	 2.69228e-07 	 1.34562e-06 
2.690 	 2.58330e-07 	 1.29252e-06 
2.692 	 2.47757e-07 	 1.24091e-06 
2.694 	 2.37534e-07 	 1.19092e-06 
2.696 	 2.27681e-07 	 1.14267e-06 
2.698 	 2.18212e-07 	 1.09623e-06 
2.700 	 2.09134e-07 	 1.05166e-06 
