Energy [eV] EELS_b EELS_a 
2.500 	 9.46403e-12 	 3.75158e-11 
2.502 	 9.67952e-12 	 3.84084e-11 
2.504 	 9.90499e-12 	 3.93424e-11 
2.506 	 1.01410e-11 	 4.03199e-11 
2.508 	 1.03881e-11 	 4.13434e-11 
2.510 	 1.06468e-11 	 4.24153e-11 
2.512 	 1.09178e-11 	 4.35382e-11 
2.514 	 1.12017e-11 	 4.47146e-11 
2.516 	 1.14992e-11 	 4.59474e-11 
2.519 	 1.18108e-11 	 4.72395e-11 
2.521 	 1.21375e-11 	 4.85937e-11 
2.523 	 1.24797e-11 	 5.00131e-11 
2.525 	 1.28382e-11 	 5.15006e-11 
2.527 	 1.32138e-11 	 5.30593e-11 
2.529 	 1.36071e-11 	 5.46920e-11 
2.531 	 1.40188e-11 	 5.64018e-11 
2.533 	 1.44494e-11 	 5.81911e-11 
2.535 	 1.48996e-11 	 6.00625e-11 
2.537 	 1.53698e-11 	 6.20180e-11 
2.539 	 1.58603e-11 	 6.40592e-11 
2.541 	 1.63712e-11 	 6.61869e-11 
2.543 	 1.69026e-11 	 6.84013e-11 
2.545 	 1.74541e-11 	 7.07012e-11 
2.547 	 1.80251e-11 	 7.30845e-11 
2.549 	 1.86146e-11 	 7.55472e-11 
2.551 	 1.92210e-11 	 7.80835e-11 
2.553 	 1.98424e-11 	 8.06854e-11 
2.555 	 2.04761e-11 	 8.33420e-11 
2.557 	 2.11186e-11 	 8.60397e-11 
2.559 	 2.17656e-11 	 8.87613e-11 
2.561 	 2.24121e-11 	 9.14859e-11 
2.563 	 2.30519e-11 	 9.41884e-11 
2.565 	 2.36778e-11 	 9.68399e-11 
2.567 	 2.42818e-11 	 9.94068e-11 
2.569 	 2.48546e-11 	 1.01852e-10 
2.571 	 2.53865e-11 	 1.04134e-10 
2.573 	 2.58669e-11 	 1.06211e-10 
2.575 	 2.62849e-11 	 1.08036e-10 
2.577 	 2.66297e-11 	 1.09564e-10 
2.579 	 2.68911e-11 	 1.10753e-10 
2.581 	 2.70596e-11 	 1.11563e-10 
2.583 	 2.71273e-11 	 1.11961e-10 
2.585 	 2.70885e-11 	 1.11920e-10 
2.587 	 2.69395e-11 	 1.11424e-10 
2.589 	 2.66796e-11 	 1.10470e-10 
2.591 	 2.63109e-11 	 1.09064e-10 
2.593 	 2.58382e-11 	 1.07225e-10 
2.595 	 2.52691e-11 	 1.04981e-10 
2.597 	 2.46132e-11 	 1.02372e-10 
2.599 	 2.38820e-11 	 9.94448e-11 
2.601 	 2.30881e-11 	 9.62497e-11 
2.603 	 2.22447e-11 	 9.28410e-11 
2.605 	 2.13651e-11 	 8.92730e-11 
2.607 	 2.04621e-11 	 8.55985e-11 
2.609 	 1.95474e-11 	 8.18668e-11 
2.611 	 1.86319e-11 	 7.81227e-11 
2.613 	 1.77250e-11 	 7.44056e-11 
2.615 	 1.68346e-11 	 7.07492e-11 
2.618 	 1.59674e-11 	 6.71813e-11 
2.620 	 1.51285e-11 	 6.37244e-11 
2.622 	 1.43220e-11 	 6.03955e-11 
2.624 	 1.35506e-11 	 5.72071e-11 
2.626 	 1.28162e-11 	 5.41676e-11 
2.628 	 1.21198e-11 	 5.12819e-11 
2.630 	 1.14618e-11 	 4.85519e-11 
2.632 	 1.08420e-11 	 4.59775e-11 
2.634 	 1.02597e-11 	 4.35561e-11 
2.636 	 9.71376e-12 	 4.12842e-11 
2.638 	 9.20305e-12 	 3.91567e-11 
2.640 	 8.72604e-12 	 3.71679e-11 
2.642 	 8.28109e-12 	 3.53114e-11 
2.644 	 7.86648e-12 	 3.35801e-11 
2.646 	 7.48041e-12 	 3.19669e-11 
2.648 	 7.12103e-12 	 3.04643e-11 
2.650 	 6.78646e-12 	 2.90646e-11 
2.652 	 6.47478e-12 	 2.77599e-11 
2.654 	 6.18407e-12 	 2.65423e-11 
2.656 	 5.91239e-12 	 2.54037e-11 
2.658 	 5.65782e-12 	 2.43362e-11 
2.660 	 5.41845e-12 	 2.33317e-11 
2.662 	 5.19242e-12 	 2.23826e-11 
2.664 	 4.97797e-12 	 2.14812e-11 
2.666 	 4.77346e-12 	 2.06208e-11 
2.668 	 4.57739e-12 	 1.97950e-11 
2.670 	 4.38849e-12 	 1.89983e-11 
2.672 	 4.20571e-12 	 1.82264e-11 
2.674 	 4.02825e-12 	 1.74759e-11 
2.676 	 3.85557e-12 	 1.67444e-11 
2.678 	 3.68737e-12 	 1.60308e-11 
2.680 	 3.52355e-12 	 1.53347e-11 
2.682 	 3.36418e-12 	 1.46564e-11 
2.684 	 3.20943e-12 	 1.39969e-11 
2.686 	 3.05955e-12 	 1.33571e-11 
2.688 	 2.91480e-12 	 1.27384e-11 
2.690 	 2.77541e-12 	 1.21418e-11 
2.692 	 2.64158e-12 	 1.15682e-11 
2.694 	 2.51344e-12 	 1.10184e-11 
2.696 	 2.39107e-12 	 1.04928e-11 
2.698 	 2.27446e-12 	 9.99133e-12 
2.700 	 2.16357e-12 	 9.51397e-12 
